120
-0.13003244 -0.015565802 -0.12884256 0.059390843 -0.20836948 -0.023180587 0.12884256 -0.059390843 0.0 0.32556272 -0.54503447 0.4734659 -0.42979166 -0.14116237 0.35902524 -0.28906554 0.24378246 0.046766922 0.21123704 0.12884256 -0.059390843 0.0 0.0 -1.988799699029407
-0.13469093 -0.01616918 -0.08301996 0.11516997 -0.20434019 -0.031367674 0.08301996 -0.11516997 0.0 0.34188834 -0.54033667 0.48700044 -0.42159858 -0.1462693 0.35233256 -0.2913814 0.23359449 0.045131832 0.20906927 0.08301996 -0.11516997 -0.13957657 0.0 -1.9885169769620583
-0.13790067 -0.013485517 0.047466636 0.12876761 -0.20276412 -0.043859288 -0.047466636 -0.12876761 0.0 0.36377245 -0.5301219 0.50392 -0.405563 -0.16039415 0.34189048 -0.30054167 0.21733159 0.03669191 0.2065544 -0.047466636 -0.12876761 -0.15048574 0.0 -1.991010461240944
-0.1413856 -0.0104039945 -0.03226403 0.13712113 -0.20114829 -0.05478332 0.03226403 -0.13712113 0.0 0.38021368 -0.5232204 0.5164261 -0.39436996 -0.17077634 0.33209604 -0.30698872 0.2032456 0.030416898 0.20294479 0.03226403 -0.13712113 -0.08363378 0.0 -1.990150862074081
-0.14542149 -0.0077610575 -0.025361989 0.13984518 -0.19839504 -0.06558518 0.025361989 -0.13984518 0.0 0.3969211 -0.51615566 0.52915865 -0.38322908 -0.1797831 0.32203797 -0.3120207 0.18911137 0.025238529 0.19905463 0.025361989 -0.13984518 -0.123278774 0.0 -1.9877273700863851
-0.14992817 -0.0065465253 -0.09585096 0.10352728 -0.1937937 -0.075695425 0.09585096 -0.10352728 0.0 0.41526306 -0.50751126 0.54329765 -0.37053168 -0.18726009 0.31231928 -0.31529465 0.17533971 0.02149143 0.1957793 0.09585096 -0.10352728 -0.10336682 0.0 -1.9867424382200376
-0.153987 -0.0044199876 -0.016451567 0.13921593 -0.19130023 -0.08233675 0.016451567 -0.13921593 0.0 0.42292684 -0.50676596 0.54929787 -0.3682502 -0.18945286 0.30572855 -0.31582388 0.1672128 0.020690808 0.191718 0.016451567 -0.13921593 -0.0008266638 0.0 -1.983499522848304
-0.15763171 -0.0013288216 -0.017503671 0.13962106 -0.19144212 -0.08541295 0.017503671 -0.13962106 0.0 0.41906568 -0.5151748 0.54663813 -0.3777648 -0.1862155 0.30262157 -0.31378794 0.16521151 0.022927381 0.18678537 0.017503671 -0.13962106 0.05555626 0.0 -1.9794073813911035
-0.15794459 0.0012864181 0.08976953 0.01641373 -0.19470339 -0.083667524 -0.08976953 -0.01641373 0.0 0.40709263 -0.525546 0.53738606 -0.3907132 -0.18172203 0.304185 -0.31201544 0.16935223 0.02506381 0.18419175 -0.08976953 -0.01641373 0.08005372 0.0 -1.9949007100185563
-0.15661114 0.005558374 0.11610286 0.08171131 -0.2005072 -0.08133225 -0.11610286 -0.08171131 0.0 0.3912175 -0.536609 0.52450496 -0.40473515 -0.17882226 0.30613112 -0.3121097 0.17425726 0.025217753 0.18152599 -0.11610286 -0.08171131 0.08391735 0.0 -2.0035036662482075
-0.15694661 0.0074437032 -0.017110279 0.027635122 -0.2037063 -0.0776067 0.017110279 -0.027635122 0.0 0.37593475 -0.5481716 0.5126185 -0.41982126 -0.17191648 0.30915874 -0.30860025 0.18080842 0.028802011 0.1792709 0.017110279 -0.027635122 0.099550426 0.0 -2.015308909412806
-0.15670471 0.009960999 0.115191996 0.054310612 -0.20826356 -0.072158955 -0.115191996 -0.054310612 0.0 0.3551495 -0.5620372 0.4960913 -0.4383778 -0.1634258 0.31331176 -0.3043676 0.18965231 0.03279012 0.17671718 -0.115191996 -0.054310612 0.1370957 0.0 -2.028586658408149
-0.15432476 0.014067411 0.14157158 0.0021987932 -0.21599579 -0.06341251 -0.14157158 -0.0021987932 0.0 0.32477754 -0.5781739 0.4711468 -0.46098903 -0.15383902 0.31964707 -0.3002083 0.20246223 0.036024455 0.1743521 -0.14157158 -0.0021987932 0.17826249 0.0 -2.051103578145451
-0.15456623 0.017340012 0.036660764 0.109708376 -0.22128665 -0.055136506 -0.036660764 -0.109708376 0.0 0.2942744 -0.5951475 0.44607544 -0.4850898 -0.14089876 0.32451582 -0.2926998 0.21445815 0.041805867 0.17031534 -0.036660764 -0.109708376 0.17103192 0.0 -2.0572556213586166
-0.15761939 0.019173084 -0.036108088 0.10232281 -0.22397219 -0.045954827 0.036108088 -0.10232281 0.0 0.25987276 -0.61455756 0.41771764 -0.51335853 -0.12201077 0.3284807 -0.2798556 0.22728163 0.051579274 0.16408707 0.036108088 -0.10232281 0.22898556 0.0 -2.062184557314611
-0.16050284 0.022312306 0.07935544 0.11517276 -0.2270272 -0.04022069 -0.07935544 -0.11517276 0.0 0.23157778 -0.6293697 0.39368302 -0.5351458 -0.108844355 0.3294155 -0.2709496 0.23519163 0.057416316 0.15761283 -0.07935544 -0.11517276 0.110564195 0.0 -2.066588641064564
-0.16361766 0.025861124 0.027614018 0.13867705 -0.22961135 -0.038761385 -0.027614018 -0.13867705 0.0 0.21357633 -0.6395939 0.37806827 -0.5496014 -0.10189186 0.32768893 -0.2663838 0.2376964 0.059862033 0.15163653 -0.027614018 -0.13867705 0.08504471 0.0 -2.0651733128469747
-0.16494231 0.03001615 0.12448817 0.06155343 -0.23341836 -0.03722063 -0.12448817 -0.06155343 0.0 0.1975692 -0.64686376 0.36384156 -0.5602049 -0.098338805 0.32658097 -0.26461118 0.23992217 0.059833795 0.14730412 -0.12448817 -0.06155343 0.06360803 0.0 -2.0762891074448078
-0.16485071 0.034705896 0.12461355 0.059558548 -0.2382184 -0.035497185 -0.12461355 -0.059558548 0.0 0.1829525 -0.651963 0.3505911 -0.5679776 -0.097331084 0.32609493 -0.26496968 0.24210952 0.057950716 0.14430843 -0.12461355 -0.059558548 0.054825626 0.0 -2.0878954271935126
-0.167105 0.03841614 0.034495268 0.1339965 -0.24139142 -0.033429477 -0.034495268 -0.1339965 0.0 0.16496366 -0.65976053 0.33455676 -0.57979536 -0.09192404 0.32470122 -0.26151717 0.24473608 0.058979966 0.13926458 -0.034495268 -0.1339965 0.10949793 0.0 -2.087302546465027
-0.17033991 0.041936643 0.067669354 0.1240729 -0.24446511 -0.02853569 -0.067669354 -0.1240729 0.0 0.13765846 -0.6699378 0.3101835 -0.59651184 -0.081421256 0.32362166 -0.2539463 0.25019577 0.062286228 0.1325538 -0.067669354 -0.1240729 0.15876472 0.0 -2.0891247283110226
-0.17049833 0.045859184 0.13367894 -0.0015002087 -0.24924622 -0.017307196 -0.13367894 0.0015002087 0.0 0.09907949 -0.67767394 0.27518225 -0.6132995 -0.068148196 0.3259152 -0.24425095 0.26154074 0.06545096 0.12764761 -0.13367894 0.0015002087 0.20285954 0.0 -2.10714124408079
-0.16981617 0.050561544 0.13644801 0.036925595 -0.25453997 -0.002694195 -0.13644801 -0.036925595 0.0 0.05268088 -0.68315756 0.2323962 -0.6296912 -0.05275794 0.32879052 -0.23247325 0.2753241 0.06844546 0.12271163 -0.13644801 -0.036925595 0.2341635 0.0 -2.122923788954383
-0.16851696 0.054593153 0.12269793 -0.0359368 -0.2583643 0.014797617 -0.12269793 0.0359368 0.0 0.0024332034 -0.68477345 0.18533532 -0.6435053 -0.03476183 0.3319727 -0.21766394 0.2907045 0.072318554 0.11821452 -0.12269793 0.0359368 0.24594206 0.0 -2.1452580142653064
-0.16719337 0.055568516 -0.02542032 -0.027451823 -0.2580429 0.032583293 0.02542032 0.027451823 0.0 -0.042904157 -0.6823505 0.14227863 -0.6529637 -0.014451066 0.33467785 -0.19963385 0.30529103 0.07862099 0.11445893 0.02542032 0.027451823 0.22376959 0.0 -2.160386973312683
-0.16729583 0.05620058 0.050462484 0.027284287 -0.25662816 0.04572788 -0.050462484 -0.027284287 0.0 -0.07878411 -0.6793835 0.10767155 -0.6596215 0.0022741111 0.33480868 -0.18418154 0.31504667 0.08382247 0.11006742 -0.050462484 -0.027284287 0.16326286 0.0 -2.1737924576191494
-0.16847587 0.060129993 0.13478564 0.049256865 -0.25943947 0.049533628 -0.13478564 -0.049256865 0.0 -0.096677884 -0.6791115 0.09014765 -0.6632222 0.005404756 0.33318067 -0.18142077 0.31729135 0.08227275 0.10679585 -0.13478564 -0.049256865 0.01707483 0.0 -2.188604290659657
-0.16910441 0.061731033 -0.006711143 0.0075334343 -0.26128334 0.04712781 0.006711143 -0.0075334343 0.0 -0.09393815 -0.6804783 0.09278366 -0.6634132 0.0017700869 0.3324364 -0.18495172 0.31537136 0.08006165 0.10653997 0.006711143 -0.0075334343 -0.04993181 0.0 -2.197034248945753
-0.17110479 0.060560558 -0.06339454 0.08958363 -0.2600407 0.044634525 0.06339454 -0.08958363 0.0 -0.09099515 -0.6825784 0.095686264 -0.6650769 0.0023450733 0.33055726 -0.18433633 0.31305578 0.08116448 0.10484444 0.06339454 -0.08958363 0.021236453 0.0 -2.195682089435664
-0.17549704 0.05882636 -0.054637436 0.13119139 -0.25782245 0.040940847 0.054637436 -0.13119139 0.0 -0.09023673 -0.68660986 0.09647942 -0.6694831 0.005136637 0.32633638 -0.18157952 0.30920961 0.08350288 0.10046585 0.054637436 -0.13119139 0.0010142655 0.0 -2.1878683764267253
-0.17872551 0.055961214 -0.117021345 0.06397369 -0.25416902 0.041233525 0.117021345 -0.06397369 0.0 -0.09587874 -0.688396 0.091040716 -0.67365265 0.012409618 0.32325113 -0.17450984 0.3085078 0.08788792 0.096399195 0.117021345 -0.06397369 0.074925706 0.0 -2.1838160378675364
-0.17914417 0.051485598 -0.1354607 -0.0348012 -0.24922553 0.043803327 0.1354607 0.0348012 0.0 -0.098651804 -0.6874576 0.08841297 -0.6746897 0.020317454 0.32298908 -0.16674732 0.31022117 0.09339511 0.09535246 0.1354607 0.0348012 0.011176124 0.0 -2.1853611324382496
-0.17747676 0.050120685 0.024518667 -0.066113815 -0.24823935 0.044109788 -0.024518667 0.066113815 0.0 -0.09339452 -0.6862587 0.09359245 -0.67239773 0.019667385 0.32486606 -0.16731958 0.31100512 0.09407416 0.097660415 -0.024518667 0.066113815 -0.043309152 0.0 -2.1997108431607724
-0.1779042 0.05008233 -0.021437151 0.06886434 -0.24833706 0.0427236 0.021437151 -0.06886434 0.0 -0.09066096 -0.6870389 0.09627084 -0.6724529 0.018478878 0.3245167 -0.16845292 0.3099307 0.09376621 0.09760134 0.021437151 -0.06886434 0.00902086 0.0 -2.2009224621722376
-0.18191317 0.050521053 0.020850964 0.13785103 -0.24831194 0.039647892 -0.020850964 -0.13785103 0.0 -0.093443505 -0.6907156 0.09354301 -0.6768486 0.019585721 0.3204128 -0.16740079 0.30654582 0.09399983 0.09320958 -0.020850964 -0.13785103 0.019570835 0.0 -2.196745516745992
-0.18354842 0.0528319 0.09672519 0.0030615344 -0.250904 0.035036124 -0.09672519 -0.0030615344 0.0 -0.08785889 -0.6935456 0.098960444 -0.67758363 0.013829849 0.31878617 -0.17298949 0.3028242 0.09078593 0.0924313 -0.09672519 -0.0030615344 -0.083263144 0.0 -2.2095095451961386
-0.18237156 0.057236444 0.13729544 -0.03333247 -0.25641236 0.027608158 -0.13729544 0.03333247 0.0 -0.07003836 -0.6953578 0.11617155 -0.6734006 -0.00093360397 0.31971893 -0.18714352 0.2977617 0.083256684 0.095953956 -0.13729544 0.03333247 -0.1386129 0.0 -2.229161963911737
-0.1815365 0.0619363 0.14121464 0.009406568 -0.26183248 0.020861812 -0.14121464 -0.009406568 0.0 -0.056106884 -0.6968373 0.12944607 -0.6698864 -0.014291989 0.31972936 -0.19984494 0.29277846 0.07587825 0.098306455 -0.14121464 -0.009406568 -0.06824313 0.0 -2.2478050788976596
-0.18116741 0.06608311 0.121123314 0.008154309 -0.2663467 0.015341914 -0.121123314 -0.008154309 0.0 -0.046401527 -0.69812787 0.13857931 -0.6674955 -0.024793362 0.3190689 -0.2097742 0.28843653 0.069758594 0.099481344 -0.121123314 -0.008154309 -0.0738219 0.0 -2.266422302914559
-0.18284087 0.06812943 -0.0015010752 0.094309606 -0.2683474 0.0064384993 0.0015010752 -0.094309606 0.0 -0.03007611 -0.701122 0.15405324 -0.6657294 -0.03470705 0.31629378 -0.2188364 0.28090122 0.065476276 0.09921758 0.0015010752 -0.094309606 -0.10328698 0.0 -2.267076689371153
-0.18712305 0.069719486 0.03249671 0.13813445 -0.26909983 -0.0020347377 -0.03249671 -0.13813445 0.0 -0.02042196 -0.70600516 0.16316554 -0.6679016 -0.04005347 0.3112317 -0.22364096 0.27312815 0.06331961 0.09565625 -0.03249671 -0.13813445 -0.016978193 0.0 -2.265291776106383
-0.18850754 0.072952524 0.12500766 0.013580804 -0.2719961 -0.0031334884 -0.12500766 -0.013580804 0.0 -0.025684929 -0.70793545 0.15802956 -0.67044896 -0.04189849 0.3093616 -0.22561297 0.2718751 0.060749684 0.09344004 -0.12500766 -0.013580804 0.028521938 0.0 -2.284568458851268
-0.18958251 0.07751549 0.116265744 0.080208175 -0.27628252 -0.0030269048 -0.116265744 -0.080208175 0.0 -0.03526451 -0.7096565 0.14872597 -0.67354894 -0.043847542 0.3077336 -0.22783802 0.27162606 0.05717826 0.0910482 -0.116265744 -0.080208175 0.028646333 0.0 -2.2960079966540694
-0.19114155 0.078426115 -0.04369566 0.035471052 -0.27691177 -0.001585052 0.04369566 -0.035471052 0.0 -0.043940347 -0.71090823 0.14044861 -0.6768941 -0.040959943 0.3065137 -0.2253489 0.2724996 0.05759665 0.08869412 0.04369566 -0.035471052 0.04814349 0.0 -2.303330088456719
-0.19120792 0.07632192 -0.07462247 -0.03959426 -0.27477252 0.005782952 0.07462247 0.03959426 0.0 -0.060076397 -0.7092839 0.12512454 -0.68001175 -0.030993698 0.30772662 -0.21619464 0.27845445 0.06194201 0.08745016 0.07462247 0.03959426 0.11970879 0.0 -2.3169591081950762
-0.19194113 0.07273384 -0.12860654 0.041353013 -0.27072442 0.015577342 0.12860654 -0.041353013 0.0 -0.082448825 -0.7068957 0.103702664 -0.68444866 -0.016015122 0.30835932 -0.20216662 0.28591222 0.068763636 0.08481663 0.12860654 -0.041353013 0.14279106 0.0 -2.3210737010953597
-0.19540319 0.07115413 -0.011269062 0.13549651 -0.26842073 0.018010283 0.011269062 -0.13549651 0.0 -0.09546719 -0.7082831 0.09111741 -0.6897781 -0.007576214 0.30533978 -0.19416082 0.28683475 0.072455764 0.080054075 0.011269062 -0.13549651 0.034605674 0.0 -2.3186958980980856
-0.19927078 0.070561655 -0.040068842 0.10222399 -0.26721272 0.018131865 0.040068842 -0.10222399 0.0 -0.1049049 -0.71061444 0.081930496 -0.6948415 -0.0021919087 0.30161393 -0.1890273 0.28584096 0.0745351 0.07518128 0.040068842 -0.10222399 0.064082794 0.0 -2.3177902241330104
-0.20378695 0.07102326 0.035539724 0.13591635 -0.26661205 0.02341403 -0.035539724 -0.13591635 0.0 -0.13121547 -0.7108086 0.056073625 -0.7019176 0.008655227 0.2969575 -0.17863385 0.28806657 0.07700271 0.06785624 -0.035539724 -0.13591635 0.18029176 0.0 -2.321528915502836
-0.20761946 0.069619164 -0.09128749 0.101209395 -0.26326832 0.036273148 0.09128749 -0.101209395 0.0 -0.1742926 -0.70500845 0.01318498 -0.70790803 0.02864946 0.2919724 -0.15882812 0.294872 0.08246052 0.059027907 0.09128749 -0.101209395 0.25693756 0.0 -2.320196994715243
-0.21157491 0.066920966 -0.060124613 0.12827119 -0.25809002 0.04858137 0.060124613 -0.12827119 0.0 -0.21584523 -0.69682485 -0.028919848 -0.711493 0.049310364 0.28544232 -0.13761501 0.3001105 0.0883854 0.049578134 0.060124613 -0.12827119 0.20902187 0.0 -2.3151455599075255
-0.21470453 0.06343875 -0.10869254 0.08986058 -0.2517908 0.05998947 0.10869254 -0.08986058 0.0 -0.253131 -0.68661165 -0.06738064 -0.71216655 0.068912104 0.27850205 -0.11683826 0.30405694 0.09415197 0.04075909 0.10869254 -0.08986058 0.21219566 0.0 -2.309601171929909
-0.21610858 0.059027445 -0.12894244 0.049783498 -0.2433241 0.07395121 0.12894244 -0.049783498 0.0 -0.29313475 -0.67098767 -0.109435454 -0.70854855 0.09088915 0.27118105 -0.09281015 0.3087419 0.100640245 0.03230098 0.12894244 -0.049783498 0.2484009 0.0 -2.3065139592314514
-0.2142238 0.055640932 -0.104548685 -0.085492596 -0.23603758 0.08573843 0.104548685 0.085492596 0.0 -0.31904292 -0.6562354 -0.13720287 -0.70195675 0.10664446 0.26785687 -0.075195596 0.31357825 0.105725355 0.028779628 0.104548685 0.085492596 0.099120624 0.0 -2.3071971861720213
-0.20986006 0.055292375 -0.0036126466 -0.1390464 -0.23232074 0.095709294 0.0036126466 0.1390464 0.0 -0.33380505 -0.6439636 -0.15316185 -0.6942058 0.114796735 0.2692246 -0.06584647 0.31946683 0.10791534 0.030244656 0.0036126466 0.1390464 0.08090652 0.0 -2.3206446928112934
-0.20771384 0.054135278 -0.08291353 0.002731882 -0.22882324 0.101638176 0.08291353 -0.002731882 0.0 -0.3437202 -0.63607025 -0.16401896 -0.68958396 0.12138732 0.2688227 -0.058313925 0.32233638 0.11016819 0.03000707 0.08291353 -0.002731882 0.058460988 0.0 -2.318163470365862
-0.20795372 0.049750097 -0.12633431 0.06555319 -0.2232259 0.103376396 0.12633431 -0.06555319 0.0 -0.3487159 -0.6326041 -0.16980253 -0.68869555 0.12935184 0.2655092 -0.049561553 0.32160062 0.11470077 0.026879514 0.12633431 -0.06555319 0.04948269 0.0 -2.303018013907145
-0.20916747 0.045101903 -0.11547405 0.08203574 -0.217651 0.10403175 0.11547405 -0.08203574 0.0 -0.35392404 -0.63002867 -0.17585275 -0.68873864 0.13726723 0.2609749 -0.040804066 0.3196849 0.11911714 0.022585852 0.11547405 -0.08203574 0.057024427 0.0 -2.2851228559438925
-0.2077091 0.042028226 -0.09856246 -0.07135257 -0.21201469 0.10896952 0.09856246 0.07135257 0.0 -0.36380544 -0.6220398 -0.18701763 -0.6845084 0.14614815 0.25835988 -0.03063965 0.32082847 0.12295277 0.020408746 0.09856246 0.07135257 0.08520298 0.0 -2.277269389765393
-0.20510611 0.038192637 -0.1410224 -0.005599468 -0.20579222 0.11336138 0.1410224 0.005599468 0.0 -0.36893776 -0.6151979 -0.19314325 -0.6804094 0.15465151 0.25716132 -0.021143 0.32237282 0.12775685 0.019599853 0.1410224 0.005599468 0.03784619 0.0 -2.255713102343554
-0.20350339 0.03365687 -0.1415752 0.0068439166 -0.20067148 0.113836035 0.1415752 -0.0068439166 0.0 -0.3658099 -0.6142741 -0.19019446 -0.6799664 0.16016437 0.2566492 -0.015451048 0.32234147 0.1326198 0.0191622 0.1415752 -0.0068439166 -0.0083534755 0.0 -2.228822440602659
-0.20216337 0.029034667 -0.14117362 0.012523987 -0.19612382 0.1130372 0.14117362 -0.012523987 0.0 -0.35964775 -0.6154372 -0.18388714 -0.68074006 0.16439454 0.25664988 -0.0113660665 0.3219527 0.1373765 0.019102432 0.14117362 -0.012523987 -0.0073739756 0.0 -2.199508389156319
-0.19898899 0.025996711 -0.099003255 -0.09740191 -0.19346929 0.11275519 0.099003255 0.09740191 0.0 -0.34867284 -0.61753714 -0.17217875 -0.68083084 0.16538742 0.260471 -0.011106662 0.32376465 0.14108086 0.022630792 0.099003255 0.09740191 -0.06677395 0.0 -2.1778575454694153
-0.19773927 0.022842681 -0.10841016 0.054728474 -0.19287169 0.10802446 0.10841016 -0.054728474 0.0 -0.32955953 -0.62595886 -0.15152146 -0.68476945 0.16213515 0.26476702 -0.015902929 0.32357764 0.14385036 0.026388267 0.10841016 -0.054728474 -0.10335186 0.0 -2.1437572210666995
-0.1976311 0.02167819 0.020965721 -0.02575882 -0.19365592 0.10426501 -0.020965721 0.02575882 0.0 -0.3170024 -0.63207775 -0.13792644 -0.687648 0.15844823 0.26742372 -0.020627722 0.322994 0.14449206 0.028752418 -0.020965721 0.02575882 -0.042277243 0.0 -2.1385002169958565
-0.19562337 0.021470254 -0.054114275 -0.075861834 -0.19428504 0.10349316 0.054114275 0.075861834 0.0 -0.3076248 -0.6344561 -0.12781101 -0.6875904 0.15557191 0.27141643 -0.024241872 0.32455072 0.14485683 0.032577652 0.054114275 0.075861834 -0.05458225 0.0 -2.1242876536657715
-0.19552317 0.020503098 -0.010077528 0.06345677 -0.19457911 0.100941315 0.010077528 -0.06345677 0.0 -0.29887873 -0.6383398 -0.11842811 -0.6892694 0.15319644 0.27313384 -0.027254175 0.32406345 0.14540528 0.034181826 0.010077528 -0.06345677 -0.033439264 0.0 -2.107452356939553
-0.19486886 0.020528186 0.00063563546 -0.07778672 -0.19588305 0.0987379 -0.00063563546 0.07778672 0.0 -0.289414 -0.6419827 -0.10824138 -0.6902811 0.14935002 0.27597284 -0.031822592 0.32427123 0.14503679 0.036932755 -0.00063563546 0.07778672 -0.06868998 0.0 -2.10059865678344
-0.19505315 0.022004621 0.073036976 0.047197532 -0.19923861 0.09509452 -0.073036976 -0.047197532 0.0 -0.27838835 -0.6473005 -0.09631322 -0.6920766 0.14249271 0.2789907 -0.03958241 0.3237668 0.1428156 0.039911915 -0.073036976 -0.047197532 -0.06732767 0.0 -2.0934860656466747
-0.1948098 0.022968147 -0.006889536 -0.057684198 -0.20234373 0.09074896 0.006889536 0.057684198 0.0 -0.2637207 -0.6533263 -0.08062705 -0.69373626 0.13489306 0.28276312 -0.048200577 0.32317317 0.14093208 0.043760415 0.006889536 0.057684198 -0.10134548 0.0 -2.0857341275137142
-0.19470544 0.021175507 -0.085205525 0.054822512 -0.20166814 0.087990955 0.085205525 -0.054822512 0.0 -0.25388944 -0.6567828 -0.07031268 -0.694938 0.13318166 0.2841381 -0.050395105 0.3222933 0.1421596 0.045227733 0.085205525 -0.054822512 -0.0035355762 0.0 -2.062946300428377
-0.1938295 0.019957185 -0.007859709 -0.07022228 -0.20032163 0.08854509 0.007859709 0.07022228 0.0 -0.2523364 -0.65624315 -0.06874906 -0.69434744 0.13447379 0.2847851 -0.049113564 0.3228894 0.14351796 0.04587722 0.007859709 0.07022228 -0.0026120162 0.0 -2.058147191843247
-0.19283095 0.017756917 -0.11370411 0.021737147 -0.19951919 0.08553623 0.11370411 -0.021737147 0.0 -0.23826264 -0.66006017 -0.054025847 -0.6948891 0.1317285 0.2877071 -0.052508287 0.32253605 0.14502569 0.048998166 0.11370411 -0.021737147 -0.10242961 0.0 -2.0283501425714503
-0.19113228 0.013490685 -0.12812005 -0.058572844 -0.19791193 0.07954623 0.12812005 0.058572844 0.0 -0.21057995 -0.6669486 -0.025238706 -0.69531894 0.12606947 0.29316774 -0.05927177 0.321538 0.14769924 0.05506917 0.12812005 0.058572844 -0.14374541 0.0 -2.0014180925734073
-0.19127385 0.009229145 -0.12075076 0.06720767 -0.19687448 0.070509486 0.12075076 -0.06720767 0.0 -0.17800334 -0.6758543 0.00837073 -0.6963715 0.117795646 0.29762357 -0.06857843 0.31814075 0.14946209 0.060650993 0.12075076 -0.06720767 -0.1542601 0.0 -1.965944266927942
-0.19010475 0.0055215093 -0.10823112 -0.08282189 -0.19478272 0.066416405 0.10823112 0.08282189 0.0 -0.15725586 -0.6792422 0.029572947 -0.695093 0.11411042 0.30132732 -0.07271838 0.31717807 0.15169208 0.06522057 0.10823112 0.08282189 -0.051313847 0.0 -1.9467288798978122
-0.18680935 0.0020101508 -0.10942389 -0.09018428 -0.1918051 0.06716135 0.10942389 0.09018428 0.0 -0.14554763 -0.6780066 0.041454013 -0.69166815 0.11431557 0.3056739 -0.07268607 0.31933546 0.15465994 0.07002353 0.10942389 0.09018428 -0.03811913 0.0 -1.9280729930606917
-0.18483108 -0.0022350552 -0.13831046 -0.028209126 -0.18863939 0.06542902 0.13831046 0.028209126 0.0 -0.1289323 -0.67878205 0.058285553 -0.68906426 0.11312399 0.309431 -0.07409386 0.3197132 0.15771745 0.074547626 0.13831046 0.028209126 -0.08234303 0.0 -1.9005098571802594
-0.1855044 -0.006799409 -0.12964088 0.055098765 -0.18558632 0.060154274 0.12964088 -0.055098765 0.0 -0.108376615 -0.682445 0.079031415 -0.6883172 0.110349484 0.3111923 -0.077058546 0.31706446 0.16045988 0.0774238 0.12964088 -0.055098765 -0.08392036 0.0 -1.8666651128509524
-0.18611532 -0.011501377 -0.14137611 -0.00013682761 -0.18256198 0.054092187 0.14137611 0.00013682761 0.0 -0.08371577 -0.6859379 0.1037838 -0.68633884 0.105922416 0.31365886 -0.08157716 0.31405985 0.16283293 0.08145214 0.14137611 0.00013682761 -0.11991519 0.0 -1.8348121790175818
-0.18476549 -0.014769758 -0.072869614 -0.07011301 -0.181017 0.0495081 0.072869614 0.07011301 0.0 -0.05788435 -0.68687046 0.12952697 -0.6811043 0.098774046 0.3184227 -0.08863727 0.31265655 0.16329116 0.08821344 0.072869614 0.07011301 -0.11927172 0.0 -1.8161277299526053
-0.18488832 -0.017782858 -0.10119662 0.049085323 -0.17935102 0.04433769 0.10119662 -0.049085323 0.0 -0.035089005 -0.6881946 0.15207893 -0.67704034 0.09258952 0.32118863 -0.09457841 0.31003436 0.1637014 0.09293029 0.10119662 -0.049085323 -0.09001798 0.0 -1.7873126181734362
-0.18865693 -0.020289905 -0.060905587 0.12777795 -0.17820376 0.03313688 0.060905587 -0.12777795 0.0 -0.0027574718 -0.6925584 0.18376249 -0.6734128 0.08165264 0.32136032 -0.104867324 0.3022147 0.16245767 0.09635073 0.060905587 -0.12777795 -0.1929337 0.0 -1.7494070235939723
-0.1921247 -0.023360077 -0.124867864 0.065233245 -0.17607522 0.021237783 0.124867864 -0.065233245 0.0 0.035377998 -0.6947948 0.2207097 -0.6663622 0.06906952 0.32207355 -0.11626218 0.293641 0.16100597 0.10137815 0.124867864 -0.065233245 -0.1709333 0.0 -1.7117415975099082
-0.19192922 -0.026030352 -0.04683353 -0.075251274 -0.17455924 0.009805551 0.04683353 0.075251274 0.0 0.085833214 -0.68991643 0.2687592 -0.6487541 0.04922683 0.32685113 -0.13369915 0.28568882 0.15618344 0.113030985 0.04683353 0.075251274 -0.30387026 0.0 -1.6927038829712135
-0.18804611 -0.026345825 0.06746511 -0.12332248 -0.17563573 -0.00039405125 -0.06746511 0.12332248 0.0 0.13991961 -0.6770327 0.31896466 -0.62136304 0.022059683 0.33354402 -0.15698539 0.27787432 0.14578506 0.12896931 -0.06746511 0.12332248 -0.28011692 0.0 -1.6885209462176587
-0.18689713 -0.025743147 0.0008094938 0.032713886 -0.17615607 -0.011834486 -0.0008094938 -0.032713886 0.0 0.18598518 -0.6647271 0.36069468 -0.5966621 -0.0023187478 0.33512184 -0.17702824 0.26705682 0.13542195 0.13970874 -0.0008094938 -0.032713886 -0.23016413 0.0 -1.6697201228408636
-0.18572047 -0.023820778 0.114075564 -0.036078736 -0.17720494 -0.02338023 -0.114075564 0.036078736 0.0 0.22793327 -0.6504991 0.39768133 -0.57086337 -0.027042475 0.3344596 -0.19679053 0.25482386 0.1235012 0.1487303 -0.114075564 0.036078736 -0.25150844 0.0 -1.6636511779998024
-0.18418127 -0.02353154 -0.033296 -0.040431358 -0.17628865 -0.033735257 0.033296 0.040431358 0.0 0.26907703 -0.63295513 0.43324122 -0.54236615 -0.04990013 0.33317623 -0.21406433 0.24258724 0.112491734 0.15771213 0.033296 0.040431358 -0.22625269 0.0 -1.6527637322473425
-0.1839195 -0.022413528 0.076905824 0.049527753 -0.1750132 -0.0447007 -0.076905824 -0.049527753 0.0 0.3057389 -0.61592084 0.46413064 -0.5155799 -0.07102125 0.32917598 -0.22941297 0.228835 0.10167409 0.16384271 -0.076905824 -0.049527753 -0.20968889 0.0 -1.6372790440242766
-0.18139115 -0.01961317 0.12781398 -0.057019923 -0.17575437 -0.054745503 -0.12781398 0.057019923 0.0 0.3385203 -0.5959817 0.4905828 -0.48628557 -0.09446334 0.32471445 -0.24652584 0.21501832 0.08787386 0.17007968 -0.12781398 0.057019923 -0.2248872 0.0 -1.6357386169397343
-0.17888442 -0.015832117 0.13174428 0.047988653 -0.17728709 -0.06394947 -0.13174428 -0.047988653 0.0 0.363636 -0.57855344 0.50997114 -0.46132603 -0.1152418 0.31912816 -0.26157698 0.20190074 0.074663945 0.17388846 -0.13174428 -0.047988653 -0.15068561 0.0 -1.623107084957062
-0.18007489 -0.011736854 0.028862627 0.13498501 -0.17696415 -0.07441641 -0.028862627 -0.13498501 0.0 0.3836696 -0.567473 0.5253085 -0.44461256 -0.12994723 0.3107946 -0.2715861 0.18793415 0.0654931 0.17309256 -0.028862627 -0.13498501 -0.13130116 0.0 -1.5950017620601151
-0.18201841 -0.007542945 0.066864274 0.120190345 -0.17577966 -0.08529395 -0.066864274 -0.120190345 0.0 0.40297467 -0.556949 0.53989977 -0.4288562 -0.14326192 0.30141097 -0.280187 0.17331816 0.057211738 0.17114554 -0.066864274 -0.120190345 -0.13622788 0.0 -1.5675119294366051
-0.18472612 -0.006010192 -0.08262981 0.071746245 -0.17252436 -0.09315416 0.08262981 -0.071746245 0.0 0.41912752 -0.5485255 0.55243605 -0.416673 -0.15077747 0.29430574 -0.284086 0.1624532 0.05324262 0.16966797 0.08262981 -0.071746245 -0.077341646 0.0 -1.5406310106562695
-0.18801759 -0.007880143 -0.12441574 -0.0026854703 -0.166727 -0.097940795 0.12441574 0.0026854703 0.0 0.43498245 -0.53993714 0.56530225 -0.40512988 -0.15366969 0.28990918 -0.28398952 0.15510194 0.053092655 0.16987541 0.12441574 0.0026854703 -0.08486601 0.0 -1.5189282936347397
-0.19085278 -0.011734805 -0.13621567 -0.03877607 -0.1590676 -0.101885885 0.13621567 0.03877607 0.0 0.45544264 -0.52590495 0.5817212 -0.3873049 -0.15747929 0.2861806 -0.2837578 0.14758049 0.052740447 0.17231032 0.13621567 0.03877607 -0.12202632 0.0 -1.4988729122844746
-0.1946445 -0.014310595 -0.13173892 0.04873533 -0.15211104 -0.10609095 0.13173892 -0.04873533 0.0 0.47206548 -0.5157478 0.5950964 -0.37425703 -0.159521 0.281908 -0.28255194 0.14041725 0.053282455 0.17294261 0.13173892 -0.04873533 -0.055571526 0.0 -1.4661229505667372
-0.19849505 -0.017057706 -0.14096966 -0.00966986 -0.1449471 -0.10986198 0.14096966 0.00966986 0.0 0.48836467 -0.50524944 0.6081532 -0.36100328 -0.16115968 0.27786893 -0.28094822 0.13362277 0.054061636 0.17376053 0.14096966 0.00966986 -0.10010518 0.0 -1.4373111004434627
-0.19971007 -0.019322013 -0.029758418 -0.043058164 -0.14080873 -0.11115886 0.029758418 0.043058164 0.0 0.49873582 -0.49638322 0.61620575 -0.35024264 -0.16321053 0.2762637 -0.28068048 0.13012317 0.053645752 0.17560525 0.029758418 0.043058164 -0.03016616 0.0 -1.416665347466974
-0.20205367 -0.020100193 -0.09515752 0.07475149 -0.13881978 -0.11161735 0.09515752 -0.07475149 0.0 0.4996017 -0.4987001 0.6174962 -0.35290182 -0.1600947 0.27586874 -0.27798918 0.13007046 0.056467906 0.17458001 0.09515752 -0.07475149 0.040486522 0.0 -1.3761409576776578
-0.20547302 -0.01769674 0.014488997 0.1366203 -0.13983355 -0.113012984 -0.014488997 -0.1366203 0.0 0.49115634 -0.51209545 0.61178595 -0.3685519 -0.15377955 0.27480605 -0.27440917 0.13126253 0.060829572 0.16944146 -0.014488997 -0.1366203 0.088604175 0.0 -1.327836021075669
-0.20875028 -0.0142224515 -0.016710423 0.14043553 -0.14279906 -0.11383227 0.016710423 -0.14043553 0.0 0.4767834 -0.53040475 0.6013801 -0.39029086 -0.14589395 0.2742251 -0.2704907 0.13411121 0.06568463 0.16290002 0.016710423 -0.14043553 0.111687675 0.0 -1.2733572416058758
-0.2107277 -0.010052561 0.071196035 0.121578954 -0.14662841 -0.115102984 -0.071196035 -0.121578954 0.0 0.46375468 -0.545042 0.591367 -0.40766892 -0.14128923 0.27293 -0.26890153 0.13555695 0.06782004 0.15703313 -0.071196035 -0.121578954 0.058011655 0.0 -1.2219922483030916
-0.21374048 -0.0067841057 -0.039750297 0.13397147 -0.14770365 -0.11823838 0.039750297 -0.13397147 0.0 0.4588292 -0.5535922 0.58765894 -0.41736022 -0.13891155 0.26973173 -0.2677413 0.13349976 0.06915808 0.15197857 0.039750297 -0.13397147 0.016995447 0.0 -1.1598228312584982
-0.21696529 -0.0046103694 -0.016265998 0.1054404 -0.14802471 -0.12061096 0.016265998 -0.1054404 0.0 0.45427963 -0.5617963 0.58441776 -0.42681366 -0.13548987 0.26725626 -0.26562798 0.13227358 0.07143398 0.14750113 0.016265998 -0.1054404 0.046118278 0.0 -1.0987653362491971
-0.2198482 -0.002163434 -0.006389924 0.11405016 -0.1486639 -0.12315691 0.006389924 -0.11405016 0.0 0.44999745 -0.56927305 0.5812396 -0.43536353 -0.13294461 0.2645943 -0.2641867 0.13068476 0.07298892 0.14314412 0.006389924 -0.11405016 0.01883799 0.0 -1.0324206387956658
-0.21981193 0.0005040184 0.10035404 0.011002131 -0.15275025 -0.12234741 -0.10035404 -0.011002131 0.0 0.43790695 -0.5790082 0.57150275 -0.4474468 -0.13015826 0.26506415 -0.26375407 0.13350269 0.07358948 0.13998164 -0.10035404 -0.011002131 0.09098876 0.0 -0.9811027458772736
-0.21579646 0.002304534 0.1149858 -0.08161567 -0.15923646 -0.11758556 -0.1149858 0.08161567 0.0 0.42216066 -0.58597904 0.5583634 -0.45711836 -0.12889354 0.26929608 -0.26509625 0.14043541 0.07230939 0.14015992 -0.1149858 0.08161567 0.0566638 0.0 -0.9405700903911072
-0.21459219 0.003050112 -0.0032826522 0.033886865 -0.16385233 -0.11264046 0.0032826522 -0.033886865 0.0 0.40408418 -0.5972673 0.54387194 -0.4723048 -0.12259493 0.2732299 -0.2623827 0.14826736 0.074880585 0.1384627 0.0032826522 -0.033886865 0.13440956 0.0 -0.8791399416806931
-0.2149615 0.0010458751 -0.08872984 -0.07414451 -0.16676837 -0.104492605 0.08872984 0.07414451 0.0 0.37976292 -0.6131365 0.52480435 -0.49431208 -0.10892583 0.27924213 -0.25396723 0.16041772 0.082560524 0.13609274 0.08872984 0.07414451 0.16607462 0.0 -0.8233568042838844
-0.21709909 -0.002825861 -0.13811581 0.021036197 -0.1677753 -0.09478093 0.13811581 -0.021036197 0.0 0.35052487 -0.63216347 0.50176436 -0.52133536 -0.08931887 0.28527525 -0.24055836 0.17444713 0.09416746 0.13200575 0.13811581 -0.021036197 0.21525201 0.0 -0.7488368531400933
-0.21904987 -0.006090018 -0.10377758 -0.025560921 -0.16916238 -0.084809676 0.10377758 0.025560921 0.0 0.3172811 -0.651191 0.4746609 -0.5492702 -0.06891652 0.2900888 -0.22629634 0.18816803 0.10542444 0.12649174 0.10377758 0.025560921 0.2015671 0.0 -0.6772478905228836
-0.21855062 -0.010553184 -0.09251738 -0.1065829 -0.16962051 -0.07348087 0.09251738 0.1065829 0.0 0.2875587 -0.66373694 0.44989127 -0.5699052 -0.050544333 0.29586852 -0.21287692 0.20203684 0.11530047 0.123664364 0.09251738 0.1065829 0.16614807 0.0 -0.6119978500664081
-0.2175129 -0.014506158 -0.091478504 -0.0733297 -0.1698965 -0.06256871 0.091478504 0.0733297 0.0 0.25859728 -0.6739672 0.42522222 -0.58798826 -0.03333206 0.3006781 -0.19995701 0.2146992 0.124106936 0.120756656 0.091478504 0.0733297 0.17614688 0.0 -0.5386802064184804
-0.2171831 -0.015492584 0.029984415 0.01361232 -0.17215456 -0.0529509 -0.029984415 -0.01361232 0.0 0.22399673 -0.6857852 0.3948635 -0.608579 -0.016902875 0.30271047 -0.18776965 0.22550428 0.1309761 0.11485261 -0.029984415 -0.01361232 0.19673623 0.0 -0.45796334262128013
-0.21888438 -0.012548499 0.08085108 0.11936805 -0.17680575 -0.04655535 -0.08085108 -0.11936805 0.0 0.18580003 -0.6991901 0.36046103 -0.63100076 -0.0032153756 0.3005246 -0.17787638 0.23233527 0.13466434 0.105209574 -0.08085108 -0.11936805 0.1851644 0.0 -0.3605853712697331
-0.22266218 -0.011433741 -0.059776142 0.12189455 -0.1787189 -0.04182738 0.059776142 -0.12189455 0.0 0.15167889 -0.7113439 0.32945296 -0.65173995 0.011565473 0.29638848 -0.16620861 0.23678456 0.13977143 0.09459153 0.059776142 -0.12189455 0.16966224 0.0 -0.24512097249610454
-0.22726749 -0.010504287 0.01207487 0.14115132 -0.17937484 -0.04145376 -0.01207487 -0.14115132 0.0 0.13203552 -0.72001004 0.3114178 -0.6654366 0.020359607 0.29126874 -0.15902264 0.23669532 0.14283127 0.085941024 -0.01207487 -0.14115132 0.059248548 0.0 -0.12366895723342886
-0.23113355 -0.0077385097 0.06328519 0.126787 -0.18117765 -0.044832725 -0.06328519 -0.126787 0.0 0.12601106 -0.7253106 0.3057289 -0.6718527 0.020620039 0.28664246 -0.1590978 0.23318455 0.1418137 0.080557846 -0.06328519 -0.126787 0.00034594783 0.0 0.0
