109
-0.22757663 -0.09002951 0.14041011 -0.01945318 0.35953072 -0.049429033 -0.10970946 -0.026409477 0.0 0.6189664 -0.3824424 0.71670544 -0.22243199 -0.13668343 0.29884282 -0.23442246 0.13883242 -0.12045061 0.20001467 -0.23817843 0.006749816 0.21386692 -0.020496726 -0.0012326288 -0.0074628885 0.48715156 -0.22084829 -0.0058761965 -0.021278804 0.5487333 -0.3660205 -0.0862663 -0.11072154 0.5959808 -0.22549984 -0.056089323 0.03613909 -0.16652004 0.0 -0.007302496003840531
-0.22315943 -0.088116005 0.14110984 -0.0133695165 0.35770503 -0.033814806 -0.109406486 -0.029570451 0.0 0.6311358 -0.35307065 0.72139925 -0.1887272 -0.15509912 0.29267764 -0.24536254 0.12833421 -0.13470285 0.19425349 -0.09004317 0.0030961998 0.21455069 -0.010898611 -0.0010435192 -0.0084926775 0.49558166 -0.20058441 -0.055765536 -0.098119125 0.56357193 -0.3431254 -0.021948723 -0.062002454 0.6049843 -0.19867043 -0.017443625 -0.058839776 -0.19015992 0.0 0.0009890399222747537
-0.21873754 -0.086214095 0.14157787 -0.006653137 0.35524398 -0.017041374 -0.10888152 -0.033292577 0.0 0.64316845 -0.32089683 0.7251139 -0.15225165 -0.17432705 0.28479066 -0.25627246 0.11614549 -0.15006255 0.18704209 -0.2301505 -0.011289007 0.21480376 -0.00048298226 -0.00073548616 -0.009455614 0.5037823 -0.17832065 -0.025859924 -0.069286145 0.5759281 -0.31600255 -0.18276757 -0.03314254 0.6135764 -0.17039032 -0.018428203 -0.06639386 -0.18989207 0.0 0.007387621070664097
-0.21431147 -0.08432238 0.14173019 -0.0001864563 0.3519692 -0.0012789185 -0.10829685 -0.03688921 0.0 0.6529693 -0.28976002 0.72675353 -0.11738796 -0.19256419 0.2761281 -0.26634845 0.10375605 -0.1637391 0.17917609 -0.083102494 -0.007892087 0.21456954 0.009452392 -0.00036735513 -0.010325436 0.5112773 -0.15395823 -0.011343076 0.04562499 0.5821603 -0.29021436 -0.26808268 -0.06702929 0.62065935 -0.14258906 -0.0073613175 -0.043101586 -0.16904211 0.0 0.018295346242625382
-0.20988129 -0.082440354 0.14163138 0.0052956855 0.34805927 0.011753174 -0.10785907 -0.039801463 0.0 0.6594533 -0.26302227 0.7261331 -0.08777943 -0.20849541 0.26784617 -0.2751752 0.092603326 -0.1765149 0.1716462 -0.22347839 -0.026776588 0.21400465 0.017843788 -6.4709648e-06 -0.011092829 0.51691127 -0.13334057 -0.0066664494 -0.044810217 0.5849949 -0.26833737 -0.25320372 -0.05982 0.6238354 -0.12044972 -0.09778846 -0.13286957 -0.13289063 0.0 0.03086688370777868
-0.20544681 -0.08056834 0.1414283 0.009283221 0.34387437 0.020944497 -0.10776415 -0.041643526 0.0 0.6623616 -0.24311726 0.7236686 -0.065923266 -0.22136605 0.261047 -0.28267297 0.083853014 -0.18636394 0.16538878 -0.077780284 -0.016149636 0.21337149 0.023967372 0.00028529073 -0.011767213 0.5206954 -0.118503064 0.0001468516 -0.019955494 0.5842215 -0.2535073 -0.24951306 -0.10094429 0.6214739 -0.105905145 -0.21583007 -0.12619825 -0.08778309 0.0 0.042180130739312455
-0.20100763 -0.078707255 0.14126617 0.011521083 0.33975357 0.025832081 -0.108138606 -0.042213522 0.0 0.6619236 -0.23129022 0.71996135 -0.052998696 -0.23092677 0.2565361 -0.28896454 0.078244574 -0.19480489 0.16103083 -0.21912552 -0.03300409 0.21291076 0.027474515 0.00046210963 -0.012371799 0.5205023 -0.10725099 -0.104265824 0.097123206 0.58104014 -0.24687295 -0.21709518 -0.13113807 0.6156924 -0.098733485 -0.22986059 -0.122311294 -0.0402346 0.0 0.052045607125481924
-0.1965633 -0.076858364 0.14122777 0.011997877 0.33587924 0.02654089 -0.109004796 -0.041481014 0.0 0.6585568 -0.2275712 0.7154819 -0.04892131 -0.23731756 0.25467905 -0.29424262 0.07602915 -0.2003904 0.15895137 -0.07467015 -0.01887281 0.21275274 0.028368808 0.00049915037 -0.012934692 0.51651096 -0.10269934 -0.16006915 -0.003676013 0.5763428 -0.2481755 -0.16491 -0.15144809 0.6118234 -0.098387115 -0.06909315 -0.096777484 0.00386255 0.0 0.06152744652682102
-0.19211335 -0.07502305 0.1413157 0.010907776 0.33224684 0.023665523 -0.11028228 -0.039563414 0.0 0.6527141 -0.2309458 0.7104527 -0.052557167 -0.24095337 0.2553821 -0.298692 0.07699345 -0.20502192 0.15902445 -0.21740364 -0.029089324 0.21289372 0.026947586 0.00039249085 -0.013480972 0.51114815 -0.106216036 -0.1323779 -0.056725916 0.567675 -0.254761 -0.25291458 -0.09541095 0.6072871 -0.10583514 -0.15736212 -0.14927752 0.039846256 0.0 0.06915127604434743
-0.18765737 -0.073202565 0.14147326 0.008598326 0.32872283 0.018124746 -0.111820474 -0.03669727 0.0 0.6448725 -0.23965456 0.7049103 -0.062026527 -0.24243915 0.25817502 -0.30247694 0.08054698 -0.20749584 0.16096595 -0.07346355 -0.01617577 0.21323009 0.023725709 0.00015621741 -0.01402904 0.5053855 -0.116957985 -0.12646955 -0.15161142 0.5563169 -0.2658891 -0.22528237 -0.12264174 0.6018311 -0.118545525 -0.096026346 -0.14039269 0.06466027 0.0 0.07954600550425972
-0.18319505 -0.07139786 0.14162505 0.005511003 0.32514128 0.0110068 -0.11344664 -0.033203907 0.0 0.6355923 -0.2515503 0.69885445 -0.07504492 -0.24250753 0.26235336 -0.3057697 0.085847996 -0.20986679 0.16414016 -0.21704194 -0.018545544 0.21362159 0.01935032 -0.00018158232 -0.014591294 0.49975982 -0.130888 -0.084765285 -0.1351976 0.5428856 -0.2791674 -0.2620925 -0.08004214 0.59748435 -0.13307676 -0.03757716 -0.088148676 0.076987565 0.0 0.08851376811248418
-0.17872621 -0.06960953 0.14171486 0.002118762 0.32138744 0.0034175452 -0.11501079 -0.029447729 0.0 0.6255546 -0.26444936 0.6923785 -0.08926143 -0.24195719 0.26713276 -0.3087811 0.09194481 -0.2110294 0.1679483 -0.07299089 -0.010508506 0.21395114 0.014511593 -0.00058338366 -0.015176737 0.49559763 -0.14407714 -0.01658896 -0.06568145 0.5302936 -0.29406396 -0.16294424 -0.13941987 0.59366083 -0.1480719 -0.02740214 -0.08326551 0.07716102 0.0 0.09310936841419515
-0.17425084 -0.06783768 0.14172563 -0.0011338453 0.31743595 -0.0036545335 -0.11641357 -0.025789518 0.0 0.6155288 -0.2764234 0.68571645 -0.10255579 -0.24157745 0.2717783 -0.31176507 0.097910665 -0.21307437 0.1717212 -0.2166697 -0.006765657 0.21415843 0.009856922 -0.0010071609 -0.015792992 0.48974365 -0.15734978 -0.13204962 -0.13593471 0.51737124 -0.30823457 -0.23495708 -0.105023175 0.5891668 -0.16258 -0.051960796 -0.098282695 0.06689383 0.0 0.09888035600909864
-0.1697691 -0.066081986 0.14167742 -0.003880553 0.31334022 -0.009440832 -0.11761225 -0.022541564 0.0 0.6062693 -0.28599596 0.6791974 -0.11325991 -0.24206156 0.2756899 -0.31498966 0.10295385 -0.21484263 0.1749218 -0.07244399 -0.0050557656 0.21424143 0.005918873 -0.0014114081 -0.016446518 0.48494396 -0.16844374 -0.027203016 -0.074285924 0.50337195 -0.31777006 -0.28182083 -0.0054186424 0.5837439 -0.17563945 -0.099148765 -0.12044512 0.048885744 0.0 0.10086105779937748
-0.16528128 -0.06434178 0.14160995 -0.005866872 0.30919006 -0.013451582 -0.118608996 -0.019932749 0.0 0.5983836 -0.2922346 0.6731448 -0.12028399 -0.24392511 0.2784424 -0.3186863 0.1064918 -0.21826708 0.17716888 -0.21596871 0.0016419735 0.21423458 0.0030662233 -0.0017597943 -0.017141402 0.48217848 -0.17559883 -0.023989746 -0.05226058 0.4919969 -0.32514516 -0.21112609 -0.1018166 0.58026725 -0.1840684 -0.011909729 -0.028940475 0.026368119 0.0 0.10140644170939848
-0.16078782 -0.062616095 0.14156105 -0.0069644353 0.3050651 -0.0154893445 -0.11943123 -0.018089114 0.0 0.5922252 -0.2947528 0.6677765 -0.123147905 -0.24744959 0.2797927 -0.32300097 0.108187795 -0.22193559 0.17816724 -0.0717802 -0.002097604 0.21417987 0.0014825047 -0.0020250934 -0.017877908 0.48119912 -0.1782142 -0.00049056596 0.0134862205 0.48201075 -0.33010322 -0.26597986 -0.060528472 0.5790584 -0.1858145 -0.013723736 0.06019737 0.002649535 0.0 0.10047275612936685
-0.15628923 -0.060903832 0.14155129 -0.0071676034 0.30100447 -0.015623825 -0.12011365 -0.0170311 0.0 0.58784693 -0.29365018 0.6631479 -0.121935286 -0.25266492 0.27967003 -0.32796595 0.107955135 -0.22746821 0.1779039 -0.21526857 0.004631863 0.21410535 0.0011706727 -0.0021920456 -0.018651797 0.48059717 -0.17934147 -0.042386096 -0.09184341 0.47307596 -0.32957554 -0.28158757 0.02641575 0.5777297 -0.18610458 -0.06196571 -0.097027406 -0.01928434 0.0 0.09498860852470983
-0.15178597 -0.059203852 0.14157984 -0.006576227 0.2970017 -0.014139222 -0.1206879 -0.016685115 0.0 0.58502626 -0.28941774 0.65915513 -0.11719358 -0.25937375 0.2781603 -0.3335026 0.105936125 -0.23314019 0.17635022 -0.071193926 -0.002239688 0.21401802 0.0019786966 -0.0022588107 -0.019454908 0.47854397 -0.17622636 -0.12774588 0.05033422 0.46577933 -0.3266147 -0.2792913 -0.025823444 0.57812184 -0.18318197 -0.00628032 0.016372254 -0.037076782 0.0 0.0879137514091963
-0.14727852 -0.057515096 0.14163019 -0.0053691096 0.29301968 -0.011465753 -0.121180296 -0.016905287 0.0 0.58334553 -0.2828258 0.65558696 -0.10980143 -0.26720962 0.2754861 -0.33945104 0.10246175 -0.24030846 0.17380585 -0.21475397 0.0029280232 0.21390992 0.0036394529 -0.0022367185 -0.020276869 0.4748734 -0.17181857 -0.18957222 -0.07735107 0.46122006 -0.32420886 -0.21468641 -0.1099872 0.5800214 -0.17584302 -0.002852319 0.036803365 -0.049188968 0.0 0.0802213113702018
-0.14276722 -0.05583667 0.14168102 -0.0037723733 0.2890142 -0.008105511 -0.12161451 -0.017500946 0.0 0.58229697 -0.2748042 0.65219706 -0.10082079 -0.2757144 0.27197975 -0.34561452 0.09799636 -0.24707976 0.17045613 -0.07072238 -0.004642583 0.21377061 0.005818295 -0.0021482578 -0.021107432 0.47348982 -0.16753317 -0.04980901 -0.050400995 0.45961395 -0.32237786 -0.15183608 -0.13668218 0.57886577 -0.1653929 -0.16188698 0.10787242 -0.05496619 0.0 0.06974655320317585
-0.13825238 -0.05416788 0.14171617 -0.002026639 0.28495398 -0.004561477 -0.122014925 -0.018265618 0.0 0.5813827 -0.26632124 0.64876896 -0.09134886 -0.28441712 0.26804465 -0.3518034 0.09307226 -0.2547487 0.16677843 -0.21435511 -0.0010137054 0.21359804 0.008161975 -0.0020235921 -0.021938777 0.47459704 -0.15979575 -0.029680625 0.0817708 0.45671514 -0.31871277 -0.26472583 -0.057039164 0.57586867 -0.15224628 -0.15004481 0.1451371 -0.05459098 0.0 0.05384955659516871
-0.13373417 -0.052508287 0.1417299 -0.00035674017 0.28082958 -0.0012772343 -0.122407496 -0.01900382 0.0 0.5801866 -0.25826994 0.64515364 -0.08238492 -0.29289976 0.2641058 -0.3578668 0.08822078 -0.2614581 0.16304007 -0.07033442 -0.007749221 0.21340288 0.0103430785 -0.0018961988 -0.022767188 0.47633153 -0.15284732 -0.006027373 -0.031240838 0.45209405 -0.31478813 -0.26174393 -0.074971125 0.5727402 -0.13971035 -0.15294762 0.13489042 -0.04894452 0.0 0.04077864382807134
-0.12921266 -0.050857678 0.14172639 0.0010527188 0.27665082 0.0014068334 -0.12281726 -0.01955268 0.0 0.5784116 -0.25137293 0.64127684 -0.07472581 -0.30084115 0.2605556 -0.36370644 0.08390847 -0.2686101 0.15970038 -0.21403256 -0.004490512 0.2132054 0.012095135 -0.0017983853 -0.023593724 0.4778221 -0.14625753 -0.01379833 0.058892526 0.44975895 -0.31324092 -0.12820119 -0.1371975 0.56762505 -0.1292636 -0.2289232 0.09185491 -0.03940532 0.0 0.02462605099517562
-0.124687895 -0.04921605 0.14171524 0.002073646 0.2724371 0.003277764 -0.123263985 -0.019796528 0.0 0.5758858 -0.2461175 0.63712406 -0.06889978 -0.3080371 0.2577045 -0.36927542 0.080486774 -0.27449098 0.1569328 -0.070074745 -0.010077915 0.21302758 0.013235327 -0.001757429 -0.024423916 0.4776922 -0.14162 -0.05333219 -0.025284488 0.44647276 -0.31357804 -0.21140394 -0.12434543 0.5602991 -0.12095237 -0.25455773 0.085548 -0.027617605 0.0 0.007788830750953546
-0.12015981 -0.047583554 0.14170593 0.002641652 0.2682065 0.004254677 -0.12375801 -0.0196738 0.0 0.57254964 -0.2427271 0.63271624 -0.06514266 -0.31440082 0.2557457 -0.3745674 0.07816127 -0.28065372 0.15500881 -0.2138438 -0.005756359 0.21288505 0.013673863 -0.0017928522 -0.025266798 0.47703052 -0.13879056 -0.03867049 0.015392657 0.44336596 -0.3138718 -0.10673332 -0.070744485 0.55551136 -0.113890715 -0.1050924 0.12954043 -0.0152607635 0.0 -0.006317888423218232
-0.11562837 -0.045960426 0.14170386 0.002754619 0.26396906 0.004376601 -0.124298476 -0.019176686 0.0 0.56843543 -0.2411706 0.6280892 -0.06341323 -0.31995007 0.2547401 -0.3796038 0.076982714 -0.28552 0.153894 -0.06999672 -0.010809875 0.21278198 0.013411002 -0.0019151039 -0.02613383 0.47722208 -0.1364493 -0.0035827633 0.03258927 0.44146374 -0.31667417 -0.07745003 -0.13139538 0.55201715 -0.10764119 -0.11679123 0.1377701 -0.0038468523 0.0 -0.016996262908997084
-0.11109348 -0.044346932 0.14170918 0.0024641508 0.25972512 0.0037779014 -0.12487445 -0.01834474 0.0 0.56364614 -0.24120316 0.62328273 -0.063440055 -0.3247872 0.25462192 -0.38442382 0.07685881 -0.2907533 0.15362392 -0.21379724 -0.004506722 0.21271105 0.012524031 -0.0021256153 -0.027038103 0.47604278 -0.13361727 -0.05410951 0.10868312 0.43656498 -0.32050234 -0.18777093 -0.11288906 0.5502637 -0.10473205 -0.013981153 0.050284892 0.005433841 0.0 -0.023271714261397944
-0.10655509 -0.04274331 0.14171827 0.0018619776 0.25546873 0.0026564111 -0.12546858 -0.017253969 0.0 0.55833584 -0.242429 0.618338 -0.06478893 -0.32907566 0.2552225 -0.3890778 0.077582434 -0.29485756 0.15396693 -0.07005349 -0.009974569 0.2126571 0.011147208 -0.0024180522 -0.027994141 0.47426978 -0.13149217 -0.03629886 0.08358775 0.42826733 -0.32525015 -0.24042325 -0.10344395 0.5487859 -0.10278859 -0.052989297 0.1099513 0.011807778 0.0 -0.026126629451793157
-0.10201318 -0.041149724 0.14172639 0.001063601 0.2511926 0.0012392501 -0.12606181 -0.016003171 0.0 0.5526917 -0.24437384 0.61329997 -0.066939674 -0.33301553 0.2563047 -0.39362386 0.07887055 -0.29955012 0.15480253 -0.21380678 -0.0016278861 0.21260267 0.0094478745 -0.002780481 -0.029018309 0.47297233 -0.13312489 -0.017191073 -0.05471462 0.42075917 -0.33106297 -0.15796295 -0.14091904 0.54318964 -0.10205432 -0.2195659 0.062521875 0.014950813 0.0 -0.026631471912560902
-0.097467735 -0.039566226 0.14173019 0.00019142238 0.24689233 -0.00024925146 -0.1266375 -0.014699337 0.0 0.546913 -0.24655569 0.60821867 -0.06936125 -0.3368184 0.25760204 -0.398124 0.0804076 -0.30336154 0.15580587 -0.070131086 -0.008224505 0.2125332 0.00760189 -0.0031981817 -0.03012982 0.47202265 -0.13697006 -0.012821924 -0.05923342 0.4130956 -0.33722687 -0.20276563 -0.1278142 0.53821355 -0.10108043 -0.073642686 0.110901326 0.014963439 0.0 -0.025221227555686232
-0.09291881 -0.037992768 0.14172886 -0.0006406199 0.24256808 -0.0016140392 -0.12718396 -0.013443877 0.0 0.5411905 -0.24854457 0.6031465 -0.071576476 -0.34068337 0.2588553 -0.40263936 0.08188722 -0.30800802 0.15683544 -0.2137923 0.0014871472 0.21243967 0.005771266 -0.003656899 -0.03135243 0.47014052 -0.14046024 -0.049909495 -0.051203694 0.40518227 -0.3430111 -0.19348069 -0.12682371 0.5370028 -0.101204105 -0.0023703128 0.0138578545 0.012299567 0.0 -0.02089499035455139
-0.08836649 -0.03642917 0.14172404 -0.0013392952 0.23822369 -0.002707917 -0.12769517 -0.012321222 0.0 0.5356847 -0.25000545 0.59813213 -0.07321017 -0.34477603 0.25984275 -0.40722346 0.083047464 -0.3119936 0.15759414 -0.07015294 -0.0063935434 0.2123189 0.004086286 -0.0041464427 -0.0327173 0.4694362 -0.14225765 -0.0007237699 0.012211687 0.39834824 -0.34875655 -0.16088861 -0.1389933 0.5355334 -0.104699336 -0.055819932 -0.10363867 0.007663709 0.0 -0.015412440289146442
-0.08381087 -0.034875184 0.14171849 -0.0018401698 0.23386447 -0.0034412355 -0.12816997 -0.011390912 0.0 0.530509 -0.2507221 0.5932124 -0.07401747 -0.34921232 0.2604008 -0.41191575 0.083696164 -0.3169849 0.15802915 -0.21374832 0.0036597913 0.21217182 0.0026335558 -0.004664886 -0.03426823 0.46813384 -0.14040807 -0.052527215 0.10944213 0.39494172 -0.3524052 -0.032921795 -0.06714201 0.53079665 -0.10966739 -0.18543738 -0.13000418 0.0018930633 0.0 -0.011779243305528445
-0.0792521 -0.033330474 0.14171478 -0.0021111546 0.22949487 -0.0037829734 -0.12861042 -0.0106837135 0.0 0.5257202 -0.25060287 0.5884066 -0.073892206 -0.35405022 0.26043558 -0.41673666 0.083724916 -0.32142133 0.15795015 -0.07011509 -0.0050908728 0.21200089 0.0014504069 -0.0052242843 -0.036072113 0.46742725 -0.13816914 -0.0055518732 0.037753586 0.3928479 -0.3560683 -0.08634864 -0.12744687 0.5227037 -0.112129286 -0.27091083 -0.037993465 -0.0041595153 0.0 -0.010993530252370237
-0.07469031 -0.03179468 0.1417142 -0.002151737 0.22511698 -0.0037545306 -0.12902036 -0.010201723 0.0 0.5213174 -0.24967094 0.5837141 -0.07285776 -0.35928953 0.25992468 -0.42168623 0.0831115 -0.32689807 0.15743582 -0.21370752 0.004370609 0.21165188 0.00010717738 -0.013051491 -0.05719801 0.4673331 -0.13818875 -0.014106839 -0.05749246 0.3899491 -0.35996076 -0.11168616 -0.13628606 0.51410264 -0.11211115 -0.25669366 -0.017289586 -0.009728019 0.0 -0.012313199300757305
-0.07012566 -0.030267432 0.14171657 -0.0019886096 0.23155007 -0.008332098 0.19386138 -0.16065909 0.0 0.5172502 -0.2480435 0.5791168 -0.07104418 -0.36487958 0.2589115 -0.42674628 0.08191215 -0.33178777 0.15642007 -0.07004626 -0.0045020776 0.20872223 -8.65906e-05 -0.101271346 -0.01765777 0.46571636 -0.13585843 -0.08281156 0.08349351 0.3891423 -0.36208 -0.024059206 -0.07239689 0.50560695 -0.1127987 -0.24937229 -0.08965222 -0.01421123 0.0 -0.014339861525242498
-0.06553975 -0.028805917 0.14166126 -0.004416103 0.2377615 -0.012561835 0.18351354 -0.15158124 0.0 0.51342946 -0.24585186 0.57458544 -0.06860571 -0.37072736 0.25755948 -0.43188334 0.08031335 -0.33762875 0.15514521 -0.21365444 0.006029829 0.20362586 -0.00057086936 -0.16129752 -0.03993827 0.4620197 -0.12956628 -0.1555923 0.1437575 0.38836274 -0.36420125 -0.091402315 -0.12682746 0.50023633 -0.11490375 -0.12474535 -0.1358871 -0.017220367 0.0 -0.013417582556988925
-0.06092376 -0.027442256 0.1415745 -0.0066627716 0.2436753 -0.016112164 0.17373127 -0.14248353 0.0 0.5099574 -0.242849 0.57014275 -0.06527092 -0.37694037 0.25571755 -0.4371257 0.07813947 -0.34289834 0.15324606 -0.07040099 -0.0063177454 0.2000561 -5.8756963e-05 -0.0942348 -0.008852101 0.4577204 -0.1220673 -0.14231439 0.1476165 0.38642195 -0.36632577 -0.12950772 -0.12713854 0.49619326 -0.11684535 -0.14517312 -0.13714474 -0.027019469 0.0 -0.011603458618307222
-0.05628131 -0.026171256 0.14149578 -0.00818968 0.24934553 -0.018578578 0.16466211 -0.13345131 0.0 0.5072001 -0.23825155 0.56587094 -0.06016734 -0.38391158 0.25274348 -0.44258237 0.07465927 -0.34940755 0.1504204 -0.21345635 0.009764732 0.19685394 0.0013245557 -0.093457095 -0.009036759 0.45296577 -0.116587654 -0.18935244 -0.014542327 0.38299394 -0.3654421 -0.2373889 -0.03665554 0.4898781 -0.115662344 -0.2588005 -0.061439127 -0.041582305 0.0 -0.011726439633918562
-0.05161666 -0.024984032 0.14145577 -0.008869348 0.25481826 -0.019694442 0.15632612 -0.124404855 0.0 0.50533193 -0.23162329 0.5617729 -0.05281985 -0.39184543 0.24819861 -0.44828638 0.06939518 -0.35569406 0.14595664 -0.07091437 -0.009684074 0.19368301 0.0034672185 -0.09170286 -0.008821717 0.4498289 -0.10934127 -0.09469987 0.09151442 0.37827277 -0.36183488 -0.27852064 -0.027283201 0.4831653 -0.111904845 -0.23212059 -0.077784315 -0.05766851 0.0 -0.006551743190046283
-0.046933424 -0.023872219 0.14146557 -0.008715925 0.26010978 -0.019390352 0.14862528 -0.11538271 0.0 0.50429827 -0.22294022 0.55776584 -0.043225266 -0.40071395 0.2419352 -0.45418155 0.062220234 -0.36328626 0.14008647 -0.21336056 0.010100753 0.19052207 0.00635431 -0.08986004 -0.0091288015 0.44816506 -0.10169172 -0.10402089 -0.056112833 0.37476113 -0.35647 -0.27884975 -0.02624671 0.47864947 -0.10782008 -0.15275767 -0.12903313 -0.07234725 0.0 0.00058101506830327
-0.042234577 -0.022828305 0.14151625 -0.007842812 0.26520246 -0.017785052 0.14139214 -0.10651722 0.0 0.5038669 -0.21252382 0.5537142 -0.031771243 -0.41029954 0.2340811 -0.46014687 0.053328518 -0.370472 0.13255176 -0.07150996 -0.014968423 0.18734324 0.009831763 -0.087969564 -0.009864494 0.44306362 -0.093755096 -0.26167193 -0.016899226 0.37444228 -0.3518951 -0.18051265 -0.12330529 0.47651422 -0.10267979 -0.12750882 -0.13097756 -0.08336587 0.0 0.008653664070706613
-0.037522558 -0.021845644 0.14158648 -0.006433646 0.27005625 -0.015150651 0.134439 -0.09798775 0.0 0.5037081 -0.20094487 0.5494792 -0.019117314 -0.4202678 0.22499494 -0.46603885 0.043167375 -0.37858504 0.124103576 -0.21338013 0.007427332 0.18412702 0.013659018 -0.08605416 -0.010929956 0.4356301 -0.08475192 -0.27756253 -0.030130576 0.37851456 -0.34756848 -0.07136502 -0.11545909 0.4732208 -0.09647648 -0.18123962 -0.13070875 -0.089309745 0.0 0.01624276795330154
-0.032799333 -0.02091843 0.14165333 -0.0047110613 0.27462763 -0.01186207 0.12759697 -0.08997839 0.0 0.5034785 -0.18891524 0.5449653 -0.0060625807 -0.4302488 0.21520056 -0.47173563 0.032347914 -0.38585234 0.11478904 -0.07206863 -0.0213974 0.18087319 0.017557355 -0.08411428 -0.012206162 0.42909026 -0.072794095 -0.23312679 0.10568717 0.3812463 -0.341226 -0.21447812 -0.059026137 0.4698292 -0.089883536 -0.15460153 -0.13478985 -0.08963717 0.0 0.023216561212369896
-0.02806651 -0.020041661 0.14170109 -0.0029052293 0.27888656 -0.008338535 0.120739825 -0.08264417 0.0 0.50288707 -0.17717724 0.5401476 0.006583208 -0.4399081 0.2053062 -0.47716865 0.021545758 -0.39362794 0.105614014 -0.2133544 0.0038409892 0.17760494 0.02125447 -0.0821395 -0.013571269 0.4230659 -0.058895145 -0.21466976 0.12438998 0.38334435 -0.33381367 -0.13348977 -0.028180417 0.46448427 -0.08172173 -0.26108712 -0.04746705 -0.084608816 0.0 0.025260767648447105
-0.023325378 -0.019211067 0.1417251 -0.0012255652 0.28282472 -0.004985443 0.11379273 -0.07608775 0.0 0.50173277 -0.16640237 0.5350717 0.018109879 -0.44899362 0.1959174 -0.48233253 0.011405155 -0.40025464 0.09664674 -0.072678536 -0.027952865 0.17436467 0.024520658 -0.0801171 -0.014898767 0.41576284 -0.048691664 -0.2762846 -0.016627677 0.38846925 -0.326691 -0.0014355908 -0.034011137 0.4591131 -0.07549168 -0.16619061 -0.135835 -0.075134985 0.0 0.02958868405252213
-0.01857699 -0.018423043 0.14173011 0.00016136236 0.28645375 -0.0021443735 0.10672902 -0.07034804 0.0 0.4999124 -0.15711087 0.5298317 0.027986629 -0.457355 0.18755619 -0.4872743 0.0024586928 -0.40721172 0.08884317 -0.21320136 0.0016880526 0.17120339 0.027193174 -0.07804165 -0.016066045 0.40809697 -0.042911164 -0.23785403 -0.08193263 0.39356753 -0.3179388 -0.040329322 0.09151689 0.45441386 -0.068279274 -0.18838245 0.024341479 -0.062569596 0.0 0.03184943352377296
-0.013822208 -0.017674554 0.14172557 0.0011457268 0.28979656 -5.724632e-05 0.099560216 -0.06540073 0.0 0.49740744 -0.1496214 0.5245374 0.035905454 -0.46493918 0.18059856 -0.49206913 -0.0049282974 -0.41298634 0.082014866 -0.07365004 -0.03382628 0.16816801 0.029187283 -0.075919144 -0.016976474 0.40144995 -0.03793241 -0.19699529 0.001857274 0.39409766 -0.30809158 -0.17648 0.13007279 0.44915548 -0.061197046 -0.1795939 -0.0037819054 -0.048482172 0.0 0.03362070961263631
-0.00906175 -0.016963024 0.14172032 0.0016795432 0.29287696 0.0011522818 0.092324 -0.061168786 0.0 0.49426132 -0.14403419 0.5192831 0.04178874 -0.47177252 0.17523822 -0.49679428 -0.010584708 -0.41913867 0.07687695 -0.21292344 0.0024182217 0.16529128 0.030494891 -0.0737623 -0.01758014 0.39454278 -0.035848524 -0.22361782 -0.119293265 0.39064428 -0.29937613 -0.21702361 0.118566014 0.4443085 -0.05640784 -0.14976119 -0.011871683 -0.034437448 0.0 0.03524122448650613
-0.0042962236 -0.016286243 0.14171922 0.0017736627 0.29571238 0.0014800053 0.08507318 -0.057539474 0.0 0.49055728 -0.14024578 0.51412845 0.04576672 -0.4779382 0.17147967 -0.50150937 -0.014532825 -0.42423803 0.07285177 -0.075291455 -0.038653526 0.16258682 0.031173686 -0.07158045 -0.017878562 0.38597995 -0.03470331 -0.28028128 -0.019297734 0.3861533 -0.2920395 -0.19119549 0.1309078 0.43758062 -0.051788956 -0.2541973 0.06736591 -0.0218073 0.0 0.03694856840789566
0.0004738482 -0.015642256 0.1417225 0.0014882688 0.29831177 0.0010271871 0.07786675 -0.05438394 0.0 0.48640147 -0.13798843 0.5090935 0.04813336 -0.483556 0.16915768 -0.50624806 -0.016964108 -0.42984247 0.070414074 -0.21246375 0.0061278376 0.1600501 0.03133042 -0.06937147 -0.01791341 0.37677792 -0.03194733 -0.27098015 0.0542665 0.381133 -0.28572455 -0.18637954 0.13314007 0.43038905 -0.050251324 -0.19711897 -0.07177968 -0.0116324015 0.0 0.042419915763564686
0.0052480064 -0.015029289 0.1417273 0.0009189609 0.30067804 -2.4801298e-05 0.070763074 -0.051575616 0.0 0.48191184 -0.13688488 0.50416565 0.049289808 -0.4887661 0.16797674 -0.5110199 -0.018197956 -0.4345603 0.06864215 -0.07768967 -0.04249967 0.15766348 0.031101642 -0.06711973 -0.017749835 0.36853546 -0.028800745 -0.23653497 0.080008976 0.37768006 -0.2804242 -0.08405837 0.12627393 0.42212433 -0.050489035 -0.27761677 -0.010404659 -0.0045428746 0.0 0.04954369856820201
0.010025843 -0.014445676 0.14173013 0.00018065514 0.30281255 -0.001446591 0.063814715 -0.04900462 0.0 0.47720984 -0.13650864 0.49931198 0.04968412 -0.4937161 0.16756222 -0.51581824 -0.018630542 -0.4399023 0.06791713 -0.21170464 0.011806408 0.15540305 0.030634373 -0.06479985 -0.01746324 0.35948002 -0.028116656 -0.27552363 -0.036810085 0.3766118 -0.27740464 -0.012791476 0.051069755 0.41493484 -0.050676852 -0.17391267 -0.019877361 -0.0007388099 0.0 0.05875349839565844
0.01480699 -0.013889813 0.14172895 -0.00060854835 0.30471906 -0.0029948482 0.05706447 -0.04658674 0.0 0.47241274 -0.13644084 0.49449274 0.04975455 -0.49854934 0.16751452 -0.52062935 -0.01868087 -0.44451165 0.06712905 -0.080669075 -0.04569773 0.15324484 0.030068677 -0.062383246 -0.017131068 0.3511309 -0.030875057 -0.22716297 -0.10824072 0.37469113 -0.27582797 -0.0810061 0.04411634 0.40887544 -0.0510407 -0.18172371 -0.0066269916 -2.4497547e-05 0.0 0.06879927716226084
0.019591112 -0.01336013 0.14172398 -0.0013416498 0.30640545 -0.004443732 0.050542787 -0.044266634 0.0 0.46762472 -0.13631707 0.48967034 0.04988239 -0.5033935 0.1674589 -0.5254391 -0.018740559 -0.44983122 0.06675333 -0.21059844 0.01799939 0.1511692 0.029523566 -0.059843946 -0.016826527 0.3430375 -0.034277607 -0.24346706 -0.097241856 0.3719614 -0.27245855 -0.08689508 0.12666777 0.40251783 -0.053775553 -0.1902856 -0.1345331 -0.0018847306 0.0 0.08220794148807214
0.024377901 -0.012855081 0.14171723 -0.0019337472 0.30788282 -0.0056101447 0.04426665 -0.04201618 0.0 0.46292812 -0.13585995 0.48481447 0.050358303 -0.50834954 0.16708548 -0.5302359 -0.019132769 -0.454538 0.06566017 -0.08390789 -0.048645873 0.149163 0.029087398 -0.05716109 -0.016611919 0.33767417 -0.037906438 -0.10699513 -0.12917204 0.3665592 -0.2679224 -0.21473765 0.11831287 0.3945874 -0.055107936 -0.27117842 -0.00082538946 -0.0055882726 0.0 0.09324726401310562
0.029167078 -0.012373149 0.14171138 -0.0023288876 0.309163 -0.006370391 0.038240124 -0.03982932 0.0 0.4583764 -0.13489594 0.4799036 0.05136417 -0.51348364 0.16617605 -0.5350109 -0.020084059 -0.45998862 0.06455453 -0.20922348 0.023500232 0.14722018 0.028813193 -0.054317333 -0.01653225 0.33542883 -0.041042086 -0.046972465 -0.09854311 0.35992765 -0.26295006 -0.2067835 0.12788922 0.38514823 -0.054156348 -0.28101695 0.009641073 -0.010302484 0.0 0.10581450480902038
0.03395839 -0.0119128665 0.1417085 -0.002502542 0.31025618 -0.0066673094 0.032456346 -0.037715092 0.0 0.4539911 -0.13335738 0.4749248 0.05297038 -0.5188232 0.16461681 -0.5397569 -0.02171094 -0.46488625 0.06239246 -0.08709897 -0.051626384 0.14534144 0.028718786 -0.0512944 -0.016611824 0.33287537 -0.04349498 -0.095712654 -0.11383697 0.35219866 -0.25982612 -0.2782533 0.015268132 0.37856975 -0.050705206 -0.15005876 0.10622046 -0.015204031 0.0 0.1178504760048979
0.038751602 -0.011472827 0.14170925 -0.002460037 0.31116927 -0.006508277 0.026900478 -0.03569027 0.0 0.4497636 -0.13127193 0.46987316 0.055146568 -0.5243588 0.16239752 -0.5444684 -0.024020974 -0.4704959 0.060145594 -0.20770192 0.02776109 0.1435336 0.028790994 -0.048067503 -0.016855428 0.32715726 -0.04479816 -0.2304116 -0.057966903 0.34671345 -0.2596257 -0.14382297 -0.07792606 0.37131375 -0.045513216 -0.2558441 0.08658995 -0.01957318 0.0 0.12945410012778724
0.043546516 -0.0110517135 0.14171301 -0.002231705 0.3119061 -0.005955597 0.02155307 -0.033772845 0.0 0.44566134 -0.12874301 0.46475193 0.057782583 -0.5300513 0.15959908 -0.5491419 -0.026926517 -0.47555 0.056870483 -0.090065144 -0.054701373 0.14180902 0.02899262 -0.044599194 -0.017253464 0.31970522 -0.04586807 -0.22068854 -0.098562345 0.340629 -0.25985053 -0.27352157 -0.049309187 0.3625164 -0.04134012 -0.27231565 0.05139668 -0.02286284 0.0 0.1414621190090617
0.04834295 -0.010648318 0.14171822 -0.0018657949 0.3124685 -0.0051114843 0.016393185 -0.031977087 0.0 0.44163668 -0.12592463 0.45957232 0.060715564 -0.53584206 0.15637226 -0.5537777 -0.030267932 -0.48124012 0.053751305 -0.20609674 0.030914245 0.1401852 0.02927099 -0.04083141 -0.017789008 0.31372374 -0.048283476 -0.15930425 -0.13848872 0.33312988 -0.25981447 -0.26517826 -0.06670235 0.35362017 -0.03984651 -0.2641383 -0.06450045 -0.024737788 0.0 0.1541939948640236
0.053140756 -0.010261548 0.14172332 -0.0014202727 0.31285802 -0.004100223 0.01140092 -0.030310448 0.0 0.4376367 -0.12299442 0.4543527 0.06375896 -0.5416653 0.152911 -0.5583813 -0.03384237 -0.48634526 0.049885187 -0.09279216 -0.057722848 0.13868465 0.029566696 -0.036671367 -0.01844559 0.31026903 -0.050727252 -0.08442364 -0.12717678 0.32550138 -0.25770357 -0.27754945 0.03626671 0.34559864 -0.040735487 -0.23092464 -0.108837515 -0.025083581 0.0 0.16729911444570883
0.057939794 -0.009890441 0.14172716 -0.0009546306 0.31307715 -0.0030500572 0.0065591093 -0.028772432 0.0 0.43361145 -0.12012811 0.4491166 0.066729695 -0.5474584 0.14942381 -0.56296355 -0.037434008 -0.49201015 0.04656481 -0.20438822 0.033501666 0.13733506 0.029821407 -0.031960092 -0.019216845 0.30872512 -0.05241334 -0.039877366 -0.09749333 0.31778362 -0.25623226 -0.273195 -0.049080353 0.33761877 -0.041137237 -0.25501505 -0.06267676 -0.023988385 0.0 0.17887849542723108
0.06273995 -0.009534153 0.14172937 -0.000522656 0.31313002 -0.0020770768 0.0018542379 -0.027355094 0.0 0.42952013 -0.117478125 0.4438894 0.06947046 -0.5531697 0.14610666 -0.567539 -0.04084193 -0.49707535 0.042837176 -0.09538265 -0.060440917 0.13617165 0.029983759 -0.026384795 -0.020124735 0.30173275 -0.052318104 -0.23392944 0.008922606 0.31141362 -0.25681746 -0.21469459 -0.09485003 0.33380306 -0.041738294 -0.12536232 -0.12981382 -0.021703605 0.0 0.18760577466304337
0.06754114 -0.009191958 0.14173022 -0.00016688398 0.31302208 -0.0012728095 -0.0027232976 -0.0260448 0.0 0.42533436 -0.115158185 0.43869478 0.07186521 -0.5587633 0.14312074 -0.5721237 -0.043902658 -0.5026515 0.040001854 -0.20251769 0.03610924 0.13524619 0.03001202 -0.019131472 -0.02128102 0.29376233 -0.051271453 -0.24869612 -0.03494049 0.30412114 -0.25779358 -0.27043864 -0.05939762 0.3279845 -0.044466365 -0.20697713 -0.12700045 -0.018590908 0.0 0.19306145372792533
0.07234326 -0.008863228 0.14173028 8.485045e-05 0.3127594 -0.00069652766 -0.0071794256 -0.024824694 0.0 0.42103907 -0.113234945 0.43355086 0.07384714 -0.56422025 0.14057676 -0.57673204 -0.046505317 -0.50764304 0.0369825 -0.09796328 -0.062641755 0.13471009 0.029862057 -0.0014716517 -0.024153406 0.28851035 -0.051468447 -0.09861023 -0.051330987 0.2994881 -0.25739756 -0.11002876 -0.011325541 0.3196404 -0.04555896 -0.2749784 -0.045681242 -0.015063773 0.0 0.19863061963691625
0.077146254 -0.008547414 0.14173014 0.00022064341 0.31234804 -0.00037256457 -0.011516967 -0.023677373 0.0 0.41663167 -0.111726545 0.42846817 0.07539948 -0.5695373 0.13852744 -0.58137375 -0.048598576 -0.5131226 0.035027135 -0.20044012 0.039086442 0.13453437 0.029535882 -0.0019832873 -0.023835076 0.28320944 -0.050595034 -0.14961927 0.0397809 0.29481703 -0.25524756 -0.20419073 0.062302325 0.3167943 -0.046609744 -0.02715671 -0.08932813 -0.01153117 0.0 0.19961952292659796
0.081950046 -0.008244026 0.1417301 0.00024370525 0.31179345 -0.00029225816 -0.015736392 -0.022587275 0.0 0.4121202 -0.11060738 0.4234485 0.07655009 -0.5747247 0.13696778 -0.586053 -0.050189696 -0.5180529 0.032911062 -0.10059946 -0.06424443 0.13438827 0.029096896 -0.0019330243 -0.02359157 0.28095922 -0.048945613 -0.013602569 0.015984057 0.2908604 -0.25400555 -0.088347726 -0.022168288 0.31442216 -0.04749209 -0.09600706 -0.032524943 -0.008349716 0.0 0.20258764394043288
0.08675458 -0.0079526175 0.14173022 0.00016987958 0.31110036 -0.00041962715 -0.01983669 -0.021542447 0.0 0.40752068 -0.10981742 0.41848582 0.07736168 -0.57980275 0.13584237 -0.59076786 -0.051336728 -0.5234589 0.03182879 -0.19815592 0.042447604 0.13426718 0.028562356 -0.0018995367 -0.023318239 0.2790201 -0.049842257 -0.10160332 -0.08461784 0.28945613 -0.256156 -0.04651584 -0.10709084 0.31067055 -0.046564844 -0.10854891 0.040361628 -0.0057887086 0.0 0.20411552100174746
0.091559805 -0.0076727606 0.14173031 2.4024228e-05 0.31027305 -0.0006995546 -0.023816207 -0.02053549 0.0 0.4028546 -0.10927429 0.41356805 0.07791939 -0.5847982 0.13505793 -0.5955117 -0.052135747 -0.52835774 0.030432917 -0.103262104 -0.065321356 0.13416508 0.027957479 -0.0018744968 -0.023017395 0.27784356 -0.05104827 -0.0023304883 -0.015933521 0.2878796 -0.25874597 -0.054939535 -0.08388137 0.30938658 -0.045715604 0.0017124151 -0.0074182064 -0.0040103784 0.0 0.20473818832349566
0.09636566 -0.0074040405 0.14173022 -0.00016416147 0.30931562 -0.001067123 -0.027673427 -0.019563634 0.0 0.39814582 -0.10888617 0.40867978 0.078317694 -0.5897408 0.1344987 -0.60027474 -0.052705165 -0.53372043 0.029904488 -0.19571874 0.045948353 0.13407527 0.027311478 -0.0018534282 -0.022695132 0.2765471 -0.053330902 -0.0764263 -0.119625226 0.28595394 -0.26240978 -0.07675949 -0.12578678 0.30678657 -0.046484575 -0.101629995 -0.045604967 -0.003065507 0.0 0.2102400191101565
0.101172104 -0.0071460404 0.14172985 -0.00036429564 0.30823216 -0.0014567989 -0.031407543 -0.018628072 0.0 0.39341813 -0.10856385 0.4038046 0.078648254 -0.5946599 0.13404274 -0.6050464 -0.05316937 -0.53861666 0.028828919 -0.10585389 -0.06604996 0.13399144 0.026653647 -0.001832242 -0.022360556 0.27251247 -0.05696405 -0.14790776 -0.11608044 0.2814301 -0.26670462 -0.17523497 -0.13557945 0.3015662 -0.047016714 -0.19244523 -0.0061468934 -0.0029027984 0.0 0.21767496504561573
0.10597909 -0.0068983412 0.14172927 -0.0005489723 0.30702695 -0.0018103702 -0.035018846 -0.017732732 0.0 0.38869247 -0.10823051 0.3989275 0.07898993 -0.59958154 0.13357675 -0.60981655 -0.053643696 -0.54396105 0.0284268 -0.19321956 0.04925634 0.13390835 0.026009988 -0.001807881 -0.022024287 0.2686087 -0.058622215 -0.093061745 -0.011592302 0.2772309 -0.26790696 -0.100139245 0.01506539 0.29571804 -0.044750903 -0.16009098 0.10650692 -0.0033889636 0.0 0.22917106631875972
0.11078658 -0.0066605187 0.14172862 -0.0006965586 0.30570433 -0.0020828517 -0.03850887 -0.016882801 0.0 0.38398525 -0.10782852 0.3940364 0.07940188 -0.60452574 0.13300811 -0.6145769 -0.0542223 -0.5488739 0.027272567 -0.10826625 -0.06662936 0.13382225 0.02540067 -0.0017786298 -0.021696933 0.26494828 -0.06135662 -0.11843533 -0.14081192 0.27183056 -0.26867235 -0.21454617 -0.06315167 0.293187 -0.041858207 -0.018741095 0.0527558 -0.0043356554 0.0 0.24550753648768037
0.11559452 -0.00643215 0.14172813 -0.00079292234 0.30426848 -0.0022459326 -0.041880336 -0.016083222 0.0 0.379307 -0.107322805 0.38912314 0.07992007 -0.60950553 0.13227285 -0.61932164 -0.054970015 -0.55421406 0.02666477 -0.19075273 0.052115545 0.13373093 0.024838537 -0.0017440894 -0.021387728 0.26169977 -0.065520026 -0.08665374 -0.12880601 0.26633534 -0.27152687 -0.14084363 -0.115427054 0.28917965 -0.040191323 -0.18636853 0.030206606 -0.0055291266 0.0 0.2639240873570249
0.120402895 -0.006212816 0.14172791 -0.0008320359 0.30272335 -0.0022889094 -0.045136943 -0.015337458 0.0 0.37466198 -0.10670109 0.38418368 0.08055699 -0.61452603 0.13133939 -0.62404776 -0.055918694 -0.5591486 0.02520096 -0.11042951 -0.0672037 0.13363375 0.024328662 -0.0017049086 -0.021103546 0.2572332 -0.06971432 -0.16205086 -0.1381745 0.26177818 -0.27557886 -0.15054971 -0.13281201 0.2838836 -0.037132 -0.13721943 0.10963792 -0.0067587392 0.0 0.2826342893475853
0.12521164 -0.0060021104 0.14172801 -0.0008155436 0.30107248 -0.0022173554 -0.0482831 -0.014646633 0.0 0.37004876 -0.10597136 0.37921816 0.0813043 -0.61958534 0.13020779 -0.62875473 -0.057067867 -0.56448466 0.024266863 -0.18838148 0.054434434 0.13353126 0.0238689 -0.0016624061 -0.020848349 0.25162426 -0.07369114 -0.17396933 -0.13041203 0.25674936 -0.27631813 -0.17303742 0.027240012 0.2796438 -0.03225383 -0.120796844 0.13045062 -0.007841135 0.0 0.3016206551989814
0.13002075 -0.0057996456 0.14172836 -0.00075148843 0.29931912 -0.0020500266 -0.051323578 -0.014009164 0.0 0.3654611 -0.1051574 0.37423018 0.082137436 -0.6246756 0.12890568 -0.63344467 -0.05838915 -0.569433 0.0224871 -0.11233392 -0.06782407 0.13342497 0.023451183 -0.0016182077 -0.020623105 0.24743852 -0.07776363 -0.10150826 -0.13412872 0.24930851 -0.27626106 -0.27878934 -0.043451615 0.27473304 -0.026866924 -0.1614747 0.1409596 -0.00863783 0.0 0.31948782507708096
0.13483018 -0.0056050583 0.14172885 -0.00065246475 0.29746625 -0.0018146349 -0.054263256 -0.013420871 0.0 0.36088982 -0.104293175 0.36922604 0.08302142 -0.6297851 0.12748127 -0.63812137 -0.059833325 -0.574755 0.021316027 -0.18612307 0.05628163 0.13331701 0.02306336 -0.0015739595 -0.020426072 0.24150157 -0.08128703 -0.22659548 -0.10938716 0.24041241 -0.27643052 -0.2828558 -0.010205387 0.2681173 -0.021854453 -0.21538898 0.12154857 -0.00906508 0.0 0.3364479138675702
0.13963991 -0.0054180147 0.14172934 -0.0005334957 0.29551685 -0.0015431722 -0.057106864 -0.0128754815 0.0 0.3563241 -0.10341696 0.3642137 0.08391698 -0.6349006 0.1259949 -0.64279026 -0.061339032 -0.57970345 0.019385807 -0.1140207 -0.06845837 0.13320972 0.022691222 -0.0015311427 -0.020253336 0.2333232 -0.083720125 -0.25762513 -0.07603034 0.23245366 -0.27830264 -0.23464382 -0.10557664 0.26394814 -0.017989958 -0.06481477 0.08576807 -0.009095946 0.0 0.3543278267258121
0.14444992 -0.005238211 0.14172974 -0.00040992192 0.29347372 -0.0012674163 -0.059858806 -0.012365416 0.0 0.35175338 -0.10256583 0.35920167 0.08478617 -0.64000905 0.12451027 -0.6474573 -0.062841736 -0.58500016 0.018186158 -0.18395881 0.05781693 0.13310535 0.022320502 -0.00149097 -0.02009951 0.2269699 -0.082930334 -0.15446462 0.061775807 0.2282135 -0.27990782 -0.08680993 -0.041020796 0.2610677 -0.013574116 -0.103637524 0.123911366 -0.008755395 0.0 0.3717954417554542
0.14926018 -0.0050653745 0.14173003 -0.0002955493 0.29133984 -0.0010151365 -0.06252306 -0.01188271 0.0 0.34716853 -0.10177131 0.3541978 0.08559688 -0.6450992 0.12308629 -0.6521285 -0.0642819 -0.58993804 0.016328927 -0.115554824 -0.06903419 0.13300581 0.021938588 -0.0014543267 -0.019958518 0.22476047 -0.08051494 -0.0102657145 0.051800814 0.2251504 -0.282806 -0.12579173 -0.13770153 0.258831 -0.009092032 -0.047218286 0.10301545 -0.008110001 0.0 0.3901239988979849
0.15407068 -0.0048992615 0.14173019 -0.00020123561 0.28911814 -0.00080735364 -0.06510311 -0.011419917 0.0 0.34256268 -0.10105626 0.34920853 0.08632592 -0.6501631 0.121770605 -0.656809 -0.06561158 -0.59520346 0.015307629 -0.18185788 0.059204362 0.13291246 0.021535791 -0.0014217483 -0.019824352 0.22412978 -0.07789236 -0.027678823 0.07176871 0.22336103 -0.28615516 -0.039042067 -0.094434515 0.25751743 -0.005561514 -0.03240621 0.08109323 -0.0072541945 0.0 0.4081436353506237
0.1588814 -0.0047396533 0.14173026 -0.000134023 0.28681147 -0.00065682817 -0.067601986 -0.010970867 0.0 0.33793175 -0.10043341 0.34423825 0.0869605 -0.65519595 0.12059522 -0.6615024 -0.066798694 -0.60012716 0.013692699 -0.1169949 -0.069487736 0.13282602 0.021106096 -0.0013934034 -0.019691737 0.22299604 -0.07423631 -0.04660153 0.10576968 0.21930611 -0.28936777 -0.1961288 -0.1213702 0.2571712 -0.0035095098 -0.0017704704 0.025520917 -0.0062951795 0.0 0.422870780866718
0.16369233 -0.004586351 0.1417303 -9.68402e-05 0.2844227 -0.00056777254 -0.07002223 -0.010531192 0.0 0.33327457 -0.099905275 0.3392889 0.08749824 -0.66019654 0.11957455 -0.66621083 -0.067828976 -0.6053612 0.01296364 -0.17979953 0.060548156 0.13274652 0.020647371 -0.0013691055 -0.019556627 0.22137722 -0.0701831 -0.05337703 0.1108999 0.21428232 -0.29300165 -0.13861503 -0.118046254 0.2566347 -0.0020407173 -0.017041123 0.03703482 -0.005338458 0.0 0.4374033468310444
0.16850343 -0.004439173 0.1417303 -8.873059e-05 0.2819545 -0.0005366388 -0.072366074 -0.010098568 0.0 0.3285925 -0.099465355 0.33435997 0.087945916 -0.6651668 0.11870579 -0.6709343 -0.068705484 -0.6102723 0.011643714 -0.11837351 -0.069795854 0.13267347 0.020161081 -0.0013483511 -0.019416478 0.21699774 -0.06569458 -0.1797194 0.13071476 0.20923324 -0.2974431 -0.17184246 -0.13867255 0.25612527 -0.00293186 -0.024018634 -0.078744486 -0.00447559 0.0 0.4526751507032051
0.17331474 -0.004297946 0.14173028 -0.00010550533 0.2794095 -0.00055372115 -0.07463547 -0.009672675 0.0 0.323889 -0.099100254 0.32944912 0.08831728 -0.6701111 0.11797134 -0.6756712 -0.069446206 -0.6154784 0.011197803 -0.1777837 0.061871782 0.13260596 0.01965163 -0.001330395 -0.019270316 0.2130113 -0.061786562 -0.078916445 0.098589 0.20457898 -0.30195937 -0.13292089 -0.14034963 0.2538773 -0.006502467 -0.09091373 -0.13133134 -0.003775313 0.0 0.4727355371089225
0.1781262 -0.0041625053 0.14173025 -0.0001406856 0.27679026 -0.0006052558 -0.07683221 -0.009254898 0.0 0.31916887 -0.09879224 0.3245524 0.08863046 -0.67503536 0.117342584 -0.68041885 -0.07008012 -0.62038034 0.0101113655 -0.119693786 -0.069981456 0.13254276 0.01912545 -0.0013143633 -0.019118598 0.20865993 -0.060694434 -0.16658254 -0.02595257 0.19942455 -0.30632234 -0.17601053 -0.13223693 0.25197893 -0.009861241 -0.03664765 -0.09139795 -0.0032785898 0.0 0.48747861909650536
0.18293782 -0.0040326877 0.1417302 -0.00018658226 0.27409914 -0.0006756875 -0.07895806 -0.008847845 0.0 0.3144377 -0.09852195 0.31966507 0.08890517 -0.67994624 0.116784595 -0.68517363 -0.07064252 -0.6255625 0.009846654 -0.17582892 0.06313675 0.13248266 0.018589966 -0.0012993686 -0.018962942 0.20440851 -0.06350993 -0.09802767 -0.13209163 0.1945434 -0.30739048 -0.1356427 0.0247212 0.24868925 -0.012967421 -0.13314644 -0.10802694 -0.0029976235 0.0 0.4969574648154004
0.18774956 -0.003908332 0.14173013 -0.00023536682 0.27133855 -0.00074980286 -0.08101476 -0.008454766 0.0 0.30970097 -0.09827086 0.31478235 0.08916027 -0.68485034 0.11626093 -0.68993175 -0.0711702 -0.6304583 0.008869009 -0.120939635 -0.07009676 0.1324245 0.018052604 -0.0012846263 -0.018805737 0.20269515 -0.06490505 -0.015957555 0.006833531 0.19128478 -0.30424625 -0.08103666 0.13042364 0.24623951 -0.016602712 -0.041627847 -0.10001289 -0.0029183945 0.0 0.5091820034269641
0.19256146 -0.0037892766 0.14173006 -0.0002800094 0.26851076 -0.00081449293 -0.08300413 -0.008078956 0.0 0.30496365 -0.09802325 0.30989984 0.08941176 -0.6897536 0.11573803 -0.69468975 -0.07169699 -0.6356198 0.008653804 -0.17396164 0.06428213 0.13236736 0.01751993 -0.001269546 -0.018649744 0.20126368 -0.06352361 -0.06348513 0.05692582 0.18773311 -0.29977876 -0.12775032 0.13146941 0.24474137 -0.01827433 -0.03869997 -0.030527128 -0.0030059302 0.0 0.5231413960096205
0.19737348 -0.00367536 0.14172998 -0.00031499154 0.265618 -0.00085998885 -0.08492807 -0.007723216 0.0 0.30022952 -0.0977675 0.305014 0.08967144 -0.69466037 0.11518869 -0.6994449 -0.07225026 -0.64051116 0.007663364 -0.12209167 -0.07019723 0.13231055 0.01699701 -0.0012537618 -0.018497685 0.19868216 -0.06418586 -0.08798747 -0.08258084 0.18352416 -0.29841125 -0.13291353 -0.028232822 0.24184532 -0.0167631 -0.11987528 0.0882519 -0.0032113045 0.0 0.5373307637407342
0.20218562 -0.0035664223 0.14172994 -0.0003367414 0.26266244 -0.0008805032 -0.08678858 -0.0073894532 0.0 0.29550105 -0.097496726 0.30012256 0.08994631 -0.69957364 0.11459437 -0.70419514 -0.07284867 -0.64565384 0.0073974403 -0.17220362 0.06526226 0.1322537 0.016487028 -0.0012371485 -0.018351909 0.19549493 -0.06534995 -0.101498574 -0.007968592 0.18185085 -0.2984661 -0.0026198695 0.009657157 0.23986551 -0.014995887 -0.015092011 0.01525608 -0.0034793036 0.0 0.5481197807630179
0.20699786 -0.0034623058 0.1417299 -0.0003437797 0.25964615 -0.00087429123 -0.088587694 -0.0070784353 0.0 0.2907793 -0.097208686 0.29522446 0.09023861 -0.7044945 0.11394619 -0.7089397 -0.07350111 -0.65054095 0.006325226 -0.123139925 -0.07031966 0.13219671 0.015991202 -0.0012197817 -0.01821414 0.18934844 -0.06526999 -0.24122979 0.0005271743 0.18101382 -0.30048257 -0.05458895 -0.10750832 0.23644926 -0.015260322 -0.16123681 -0.03547744 -0.0037557576 0.0 0.5605431647648094
0.2118102 -0.0033628573 0.14172994 -0.00033659898 0.25657105 -0.000843216 -0.09032747 -0.006789725 0.0 0.28606394 -0.09690525 0.29031983 0.09054645 -0.7094225 0.113244645 -0.7136784 -0.074207045 -0.6556656 0.0059733037 -0.17056352 0.06606716 0.13213968 0.015508911 -0.0012018874 -0.018085347 0.18054792 -0.066920795 -0.25631642 -0.08263953 0.17930682 -0.30069056 -0.05686483 0.050027817 0.2317636 -0.01841121 -0.1221658 -0.14036697 -0.0039937305 0.0 0.5713557668551592
0.21662262 -0.0032679306 0.14172998 -0.00031732814 0.2534391 -0.00079194707 -0.09201 -0.0065217796 0.0 0.28135362 -0.09659133 0.2854099 0.090864785 -0.71435606 0.11249827 -0.71841234 -0.07495785 -0.6605475 0.004818366 -0.124088876 -0.07047302 0.1320829 0.015038046 -0.0011837853 -0.017965712 0.1729547 -0.068037234 -0.21284552 -0.013400546 0.17764583 -0.29698738 -0.07193925 0.123531684 0.2286227 -0.022606699 -0.07717667 -0.12529884 -0.004157993 0.0 0.585691523999984
0.22143514 -0.0031773865 0.14173004 -0.00028925127 0.2502521 -0.00072694797 -0.0936373 -0.0062721865 0.0 0.27664623 -0.09627381 0.2804965 0.09118665 -0.71929264 0.11172153 -0.7231429 -0.07573893 -0.6656542 0.0044080266 -0.16903566 0.06672196 0.13202673 0.014575467 -0.0011658286 -0.017854692 0.16621941 -0.07043155 -0.19133091 -0.12062678 0.17565009 -0.2926575 -0.06647551 0.12067033 0.22621831 -0.024655972 -0.062480364 -0.036222704 -0.0042274944 0.0 0.6024547614364897
0.22624773 -0.0030910948 0.1417301 -0.00025625867 0.24701184 -0.0006554082 -0.09521136 -0.0060379785 0.0 0.27193928 -0.09596023 0.27558202 0.09150438 -0.7242292 0.1109323 -0.72787195 -0.07653232 -0.67053 0.0032202287 -0.12495469 -0.070643164 0.13197154 0.014117534 -0.0011483553 -0.017751181 0.1604736 -0.074332826 -0.15903291 -0.123514205 0.17298822 -0.2880297 -0.09966053 0.13574556 0.225825 -0.02520394 -0.00023509952 -0.01096545 -0.004195825 0.0 0.6245106188989947
0.2310604 -0.0030089354 0.14173016 -0.00022230289 0.24372002 -0.0005842574 -0.096734054 -0.0058159945 0.0 0.26723033 -0.09565775 0.27066877 0.09181072 -0.72916305 0.11014921 -0.7326015 -0.07731926 -0.6756189 0.0028135667 -0.16760515 0.06727132 0.13191767 0.013660605 -0.0011316537 -0.017653685 0.15715067 -0.077424124 -0.05823823 -0.07582774 0.1676672 -0.28581172 -0.20980279 0.01647552 0.22355078 -0.022966752 -0.10460578 0.10737902 -0.0040698946 0.0 0.648434016447055
0.23587313 -0.002930797 0.1417302 -0.00019092386 0.24037832 -0.0005193695 -0.09820719 -0.0056032194 0.0 0.26251715 -0.0953723 0.26575896 0.09209968 -0.7340916 0.10938935 -0.73733336 -0.07808262 -0.6804883 0.0016588211 -0.12575792 -0.070805855 0.13186541 0.013201473 -0.0011159354 -0.017560551 0.15666603 -0.07911334 -0.0045374963 -0.03410685 0.15899529 -0.28603077 -0.28114402 -0.02838653 0.217731 -0.018533789 -0.2142758 0.11935069 -0.0038672271 0.0 0.6773815163323411
0.24068592 -0.0028565766 0.14173023 -0.0001648893 0.23698835 -0.00046502097 -0.09963246 -0.005397079 0.0 0.25779814 -0.09510796 0.26085424 0.092367135 -0.7390129 0.10866633 -0.742069 -0.07880876 -0.68556017 0.0013161919 -0.16625544 0.067759566 0.1318149 0.012737692 -0.001101321 -0.017470157 0.15642804 -0.07809948 -0.013917627 0.0587378 0.15009405 -0.2865407 -0.27111626 -0.015370711 0.21338654 -0.015801683 -0.07214586 0.050160192 -0.003612393 0.0 0.708394856415795
0.24549878 -0.0027861802 0.14173025 -0.00014597595 0.23355171 -0.00042363055 -0.101011455 -0.0051956396 0.0 0.2530723 -0.0948668 0.25595567 0.09261103 -0.7439261 0.107989095 -0.7468095 -0.07948873 -0.6904236 0.00024319839 -0.12651606 -0.0709407 0.13176619 0.012267759 -0.0010878391 -0.017381094 0.15547493 -0.07645439 -0.031916425 0.038338143 0.14357142 -0.2887183 -0.15198945 -0.10612779 0.21065122 -0.016793925 -0.087511115 -0.09613417 -0.0033331087 0.0 0.7418079861424021
0.25031167 -0.0027195197 0.14173026 -0.00013489847 0.2300699 -0.0003957651 -0.102345675 -0.0049977163 0.0 0.24833928 -0.09464885 0.25106367 0.09283136 -0.7488308 0.10736139 -0.75155514 -0.08011882 -0.6954797 -3.5400433e-06 -0.16497451 0.06821594 0.13171925 0.011791167 -0.0010754329 -0.017292295 0.15491429 -0.07404428 -0.022613319 0.07830831 0.13626233 -0.29183 -0.25984862 -0.07520093 0.20828897 -0.017287465 -0.05738921 0.035157498 -0.0030565166 0.0 0.7767031332393949
0.25512463 -0.0026565124 0.14173026 -0.00013137292 0.22654444 -0.00038036876 -0.10363655 -0.0048028775 0.0 0.24359947 -0.09445242 0.246178 0.09302985 -0.75372744 0.10678194 -0.75630593 -0.08070033 -0.7003379 -0.0009811671 -0.12723894 -0.07103968 0.13167392 0.011308325 -0.0010639731 -0.017203093 0.15264712 -0.072269715 -0.09133291 0.033868883 0.12794045 -0.29443803 -0.24891803 -0.08379886 0.20510036 -0.018544013 -0.12089106 -0.09685798 -0.002806053 0.0 0.8118683092893009
0.25993764 -0.0025970798 0.14173026 -0.00013428919 0.22297673 -0.00037515166 -0.10488542 -0.0046113557 0.0 0.23885372 -0.09427454 0.24129792 0.09320952 -0.7586171 0.10624518 -0.7610613 -0.08123889 -0.7053795 -0.0011367217 -0.16375741 0.06864978 0.13163003 0.010820392 -0.0010532832 -0.017113244 0.1514657 -0.071616024 -0.00306834 0.0026017253 0.12276569 -0.29758838 -0.09990334 -0.10808117 0.20178308 -0.02223701 -0.08447386 -0.11707574 -0.002599193 0.0 0.8507546149020102
0.2647507 -0.0025411462 0.14173025 -0.00014195633 0.21936817 -0.0003770647 -0.10609359 -0.004423897 0.0 0.23410323 -0.0941115 0.23642229 0.093374155 -0.7635012 0.105742425 -0.76582026 -0.08174323 -0.7102332 -0.0020389594 -0.12792835 -0.07110804 0.13158737 0.010329033 -0.0010431648 -0.017022893 0.15110695 -0.06992465 -0.019655494 0.071018666 0.12099697 -0.3011494 -0.039369684 -0.09551351 0.19847934 -0.023174103 -0.10532106 0.02708747 -0.0024462119 0.0 0.891975277518188
0.26956376 -0.0024886383 0.14173025 -0.00015238216 0.2157201 -0.00038278845 -0.107262306 -0.004241563 0.0 0.22934937 -0.09395936 0.23154978 0.09352773 -0.76838136 0.10526322 -0.7705818 -0.08222387 -0.71526134 -0.0021349925 -0.16260499 0.06905501 0.13154572 0.009836162 -0.0010334228 -0.016932478 0.15090652 -0.06847524 -0.0015726956 0.022310212 0.11957538 -0.3046522 -0.05267527 -0.10998557 0.1934197 -0.020699965 -0.1812185 0.09886082 -0.0023499688 0.0 0.9278076885436386
0.27437687 -0.0024394838 0.14173023 -0.00016354893 0.21203381 -0.00038917531 -0.10839278 -0.004065524 0.0 0.22459354 -0.093814425 0.22667906 0.093673974 -0.7732591 0.10479676 -0.7753446 -0.08269164 -0.72011095 -0.0029998159 -0.12858109 -0.07115929 0.13150491 0.009343682 -0.0010238871 -0.01684265 0.15084448 -0.06739735 -0.0037941728 0.032687597 0.11817423 -0.30814394 -0.04362941 -0.10216294 0.184993 -0.018443882 -0.2795712 0.030318772 -0.0023065947 0.0 0.9639434471234678
0.27919003 -0.0023936124 0.14173022 -0.00017365396 0.20831056 -0.00039359753 -0.10948623 -0.003896865 0.0 0.21983695 -0.09367363 0.22180893 0.093816 -0.7781358 0.10433316 -0.78010774 -0.08315647 -0.7251264 -0.0030760057 -0.16152044 0.06941959 0.13146478 0.008853265 -0.0010144255 -0.01675415 0.15081176 -0.06648762 -0.0013559967 0.019426879 0.11655183 -0.3115005 -0.056081083 -0.103409074 0.17563052 -0.017190414 -0.27512687 0.036378868 -0.002306876 0.0 1.0
