98
-0.23884872 0.030431949 -0.06727394 0.16534378 0.10817555 -0.16848727 0.06727394 -0.16534378 0.0 0.6144927 -0.42862254 0.69478744 -0.25918522 -0.2088782 0.16905342 -0.28917295 -0.00038389052 -0.012219335 -0.18351291 -0.024336014 -0.114948116 0.10467654 0.054578483 -0.011422905 -0.03786817 0.43009558 -0.29161412 -0.09190255 -0.23193435 0.29320943 -0.33026814 0.06336767 -0.20123976 0.3920659 -0.3611325 0.20979375 -0.05803797 0.0 0.0 -0.02423409115273074
-0.24007873 0.031154059 -0.007039765 -0.023690617 0.10595958 -0.1715677 0.007039765 0.023690617 0.0 0.60759604 -0.44061843 0.69087535 -0.27262795 -0.20507388 0.1715285 -0.2883532 0.0035380127 -0.018593693 -0.1818375 -0.10827334 0.10684726 0.106989026 0.050826408 0.045608208 -0.029424975 0.42489246 -0.30214918 0.052347135 -0.03279928 0.28989953 -0.33942097 0.097571924 -0.08851301 0.38686392 -0.36669207 -0.042362504 0.09767131 0.25965437 0.0 -0.025619894674565206
-0.23806931 0.028377458 0.025197534 -0.1440703 0.09783216 -0.17269476 -0.025197534 0.1440703 0.0 0.5870468 -0.4637213 0.67769223 -0.29958823 -0.19768408 0.18385391 -0.28832948 0.019720856 -0.030448811 -0.17403026 -0.11884118 0.25068572 0.10929875 0.047510013 -0.014767779 0.08416133 0.41435716 -0.31938007 0.108803034 0.09119379 0.2765635 -0.3523648 0.04093854 0.028203746 0.36694732 -0.37657136 -0.12131898 0.24878167 -0.08448184 0.0 -0.026206499870695177
-0.23461026 0.025785802 0.0753033 -0.10539952 0.101482734 -0.16554782 -0.0753033 0.10539952 0.0 0.59988385 -0.4405456 0.6851552 -0.27355745 -0.20544821 0.1812233 -0.2907196 0.014235154 -0.029610854 -0.16721603 -0.15521623 0.22289246 0.10633939 0.052855138 -0.0577077 0.044278778 0.4273146 -0.30300578 0.065537065 0.080657065 0.28810906 -0.34337357 -0.01609759 -0.0162382 0.37355086 -0.3573137 -0.1815159 0.19903821 -0.2502744 0.0 -0.0271661713228274
-0.2310702 0.023088185 0.052267652 -0.121296085 0.110399745 -0.15432796 -0.052267652 0.121296085 0.0 0.62648565 -0.39450037 0.700105 -0.2220578 -0.21958861 0.17057894 -0.293208 -0.0018636106 -0.022977367 -0.16098718 -0.1273964 0.24189445 0.1009804 0.06183474 -0.031245966 0.059686564 0.44972312 -0.2695493 0.09010801 0.11000033 0.31074896 -0.32308605 -3.664178e-05 -0.0036538674 0.39121717 -0.32398638 -0.16210294 0.21075676 -0.32518893 0.0 -0.027724103732863166
-0.22767591 0.020303065 0.07482376 -0.1056346 0.121247515 -0.14026318 -0.07482376 0.1056346 0.0 0.6565468 -0.33386624 0.7146317 -0.15559007 -0.23617461 0.15419602 -0.29425952 -0.024080154 -0.013735632 -0.15470812 -0.15173842 0.2247255 0.09344047 0.07209166 -0.05705479 0.04113282 0.4742641 -0.22474577 0.067284696 0.11802104 0.33767343 -0.2948023 -0.021132289 -0.01837775 0.41191265 -0.28183454 -0.19523309 0.18038695 -0.4090122 0.0 -0.02881467011311982
-0.22434272 0.017436974 0.07385527 -0.1064897 0.13290985 -0.12297022 -0.07385527 0.1064897 0.0 0.6858741 -0.2580923 0.7245193 -0.07461807 -0.25401002 0.13148962 -0.29265523 -0.051984627 -0.0027080993 -0.14801328 -0.15987556 0.2185035 0.083045736 0.08284364 -0.061905727 0.035674997 0.4976502 -0.16800724 0.06384591 0.14283086 0.3665559 -0.2575635 -0.02396438 -0.018289141 0.43270242 -0.23056021 -0.20305781 0.16475496 -0.4544834 0.0 -0.030160765789139246
-0.22099872 0.014671527 0.09478057 -0.08587329 0.14344737 -0.1033201 -0.09478057 0.08587329 0.0 0.70851916 -0.17203197 0.7251729 0.014726971 -0.27087486 0.10354677 -0.28752857 -0.083212174 0.008124755 -0.14113979 -0.20598327 0.17172019 0.07061839 0.09279557 -0.059651528 0.017468652 0.51536894 -0.10290411 0.033888448 0.1464421 0.39327738 -0.21340942 -0.043945808 -0.037233163 0.44922933 -0.17338848 -0.23213851 0.120710686 -0.49290302 0.0 -0.03183586390795474
-0.21766901 0.011946809 0.098898344 -0.07921444 0.15187696 -0.08185413 -0.098898344 0.07921444 0.0 0.72110355 -0.07893234 0.7141301 0.10843794 -0.28517807 0.07124622 -0.27820462 -0.11612406 0.01827457 -0.13396388 -0.21989632 0.15079075 0.05665391 0.101467535 -0.046014264 0.019114722 0.5247904 -0.031953212 0.017628925 0.16047189 0.41556305 -0.16369836 -0.044772733 -0.042570293 0.45927945 -0.112226814 -0.23901261 0.100305125 -0.4962002 0.0 -0.03232130158702932
-0.21428782 0.009321563 0.112971045 -0.056066696 0.15721916 -0.060018986 -0.112971045 0.056066696 0.0 0.7215379 0.014625585 0.6910036 0.19962265 -0.29564732 0.03677338 -0.2651131 -0.14822367 0.026748847 -0.12696998 -0.24737528 0.097328395 0.04171912 0.10804959 -0.05095379 0.0029803356 0.52437127 0.03979903 -0.011044307 0.15484625 0.43126446 -0.11204148 -0.05393881 -0.06592136 0.46118918 -0.05124363 -0.25454995 0.06158524 -0.48897296 0.0 -0.03203550373499968
-0.21052103 0.0071678804 0.12645257 -0.020767383 0.1591682 -0.039295338 -0.12645257 0.020767383 0.0 0.7100835 0.103952006 0.6571053 0.28381187 -0.3021472 0.0012618282 -0.2491691 -0.17859803 0.03319619 -0.12080298 -0.26430133 0.04950616 0.026267255 0.111826696 -0.056833938 -0.024514632 0.5142761 0.10857221 -0.040393062 0.13352013 0.4397358 -0.061316166 -0.06598202 -0.0990513 0.4549731 0.006303199 -0.26776862 0.010561238 -0.45567918 0.0 -0.031047357840459262
-0.20655853 0.0052714203 0.12920518 -0.0059576905 0.15817434 -0.021053499 -0.12920518 0.0059576905 0.0 0.6896334 0.18285502 0.61688983 0.35566887 -0.30478397 -0.032296836 -0.2320404 -0.20511067 0.037392832 -0.11529112 -0.2667454 0.03667451 0.011547619 0.112783864 -0.061829347 -0.04207118 0.49845806 0.16759658 0.008894362 0.028288864 0.43902656 -0.015400107 -0.1990382 -0.109926544 0.44332907 0.054639377 -0.21953143 -0.101709634 -0.38703236 0.0 -0.02962984567442656
-0.20247187 0.0035523619 0.12964201 0.015990047 0.15502955 -0.0067360583 -0.12964201 -0.015990047 0.0 0.6653368 0.24548197 0.57691216 0.410822 -0.3049014 -0.060776252 -0.21647671 -0.22611628 0.03875718 -0.111730635 -0.2691177 -0.025276894 -0.0009929198 0.1112954 -0.061106358 -0.06867572 0.48115492 0.21331796 0.01181987 -0.002501728 0.4313647 0.021072846 -0.22325051 -0.120195754 0.42844534 0.091831915 -0.24520183 -0.09719367 -0.29086724 0.0 -0.028144810101449202
-0.19834699 0.0019636822 0.12776716 0.024843168 0.15078914 0.0029900605 -0.12776716 -0.024843168 0.0 0.64274555 0.28935754 0.54327196 0.44829544 -0.30439687 -0.08223028 -0.20492329 -0.24116819 0.037263993 -0.110266075 -0.26533547 -0.04161721 -0.010451184 0.10842118 -0.054848332 -0.07665222 0.46594104 0.24551472 0.012417719 -0.0017925095 0.42136976 0.046049334 -0.22711548 -0.12364666 0.4135706 0.11650241 -0.21768843 -0.13294075 -0.19537583 0.0 -0.026282198055016873
-0.1942021 0.00041430874 0.12619074 0.032474875 0.1462167 0.008589511 -0.12619074 -0.032474875 0.0 0.62500566 0.31646702 0.5185896 0.47084275 -0.30474773 -0.09670955 -0.19833167 -0.2510853 0.033199247 -0.110499606 -0.26178762 -0.061785463 -0.01696649 0.105082035 -0.04951041 -0.08352222 0.4550247 0.26588324 0.012233406 -0.00075611676 0.41124853 0.06023556 -0.2278754 -0.12905112 0.40053657 0.13008943 -0.22447915 -0.1325322 -0.10875988 0.0 -0.02367537126636842
-0.1900359 -0.0011096399 0.12567268 0.035629943 0.141714 0.010715651 -0.12567268 -0.035629943 0.0 0.6133542 0.32943645 0.50344384 0.48134416 -0.30673066 -0.104844615 -0.19682027 -0.25675234 0.02693782 -0.1119363 -0.25857902 -0.06445217 -0.020929078 0.1017722 -0.044639375 -0.08595978 0.44923294 0.27621922 0.011373252 0.0013862404 0.40175256 0.06547145 -0.2416776 -0.1146512 0.39014965 0.1343742 -0.21220526 -0.14468114 -0.032016937 0.0 -0.020600418428817407
-0.185874 -0.0026674853 0.12621409 0.034532897 0.13738866 0.010101991 -0.12621409 -0.034532897 0.0 0.60771704 0.3307555 0.4971842 0.4822109 -0.31057802 -0.10729752 -0.2000452 -0.25875294 0.018647335 -0.114091195 -0.2574876 -0.06747598 -0.022795878 0.09878788 -0.04100636 -0.08513564 0.44845453 0.2781723 0.010232337 0.0044486206 0.39304772 0.06359296 -0.2519088 -0.09730809 0.38226268 0.13124572 -0.21886393 -0.13619527 0.030850742 0.0 -0.017270107730341308
-0.18174124 -0.004307027 0.12739225 0.030192893 0.13317385 0.0075401333 -0.12739225 -0.030192893 0.0 0.6069665 0.3230524 0.49808967 0.4757026 -0.31604484 -0.10497373 -0.20716803 -0.25762394 0.00863501 -0.11637957 -0.25863197 -0.059787694 -0.023075033 0.09620868 -0.038103268 -0.0824323 0.4517397 0.2736369 0.0072445474 0.014421707 0.38497522 0.05646345 -0.25971112 -0.0778226 0.3762343 0.12257205 -0.2184387 -0.1321234 0.07716486 0.0 -0.013846254741768954
-0.17765164 -0.0060560186 0.12879498 0.023803249 0.12894106 0.00380478 -0.12879498 -0.023803249 0.0 0.6094389 0.3090084 0.5038851 0.46397498 -0.32260337 -0.09897865 -0.21704955 -0.25394523 -0.002608716 -0.11856378 -0.25598583 -0.063094325 -0.022259902 0.093975246 -0.035119478 -0.07903298 0.45773995 0.26450592 0.0047270413 0.023899134 0.3771002 0.04615962 -0.267093 -0.050311204 0.37123722 0.11022703 -0.22358182 -0.121170305 0.10614852 0.0 -0.01037645235933371
-0.17360798 -0.007914452 0.12995315 0.0168823 0.12458978 -0.0004221839 -0.12995315 -0.0168823 0.0 0.6134399 0.29121622 0.51226383 0.44907585 -0.329654 -0.09052989 -0.22847793 -0.24838948 -0.014622855 -0.120397106 -0.25553918 -0.05859102 -0.020772947 0.0919531 -0.030820297 -0.0765884 0.4651183 0.25251144 0.004173642 0.029012732 0.36907193 0.034615595 -0.2708649 -0.020828325 0.36639363 0.096070826 -0.23082021 -0.10678497 0.11935513 0.0 -0.006877211708787356
-0.16960216 -0.009862548 0.1307518 0.010376653 0.12008109 -0.0046142484 -0.1307518 -0.010376653 0.0 0.61761266 0.27195364 0.5213064 0.43283048 -0.33670345 -0.08080271 -0.24039723 -0.24167956 -0.02700329 -0.12162209 -0.25616926 -0.051022507 -0.018872913 0.08992029 -0.018111188 -0.081501506 0.47276625 0.23925388 0.004162868 0.033082232 0.3607477 0.02327161 -0.2710035 0.0044994247 0.3611637 0.08158483 -0.23648383 -0.093380496 0.120152324 0.0 -0.0033615376142355075
-0.16560785 -0.011860994 0.131391 0.00561888 0.11542338 -0.008465691 -0.131391 -0.00561888 0.0 0.62113655 0.25284183 0.529768 0.4165734 -0.34346712 -0.070725806 -0.2520985 -0.23445737 -0.03943841 -0.122207545 -0.25753433 -0.043030005 -0.01687186 0.08776178 -0.021707952 -0.078662306 0.47885653 0.22753362 -0.048639946 0.108080834 0.353985 0.012887196 -0.18587707 0.022438731 0.35597217 0.066738516 -0.20732394 -0.12447159 0.11576727 0.0 -0.0002950837566089298
-0.16162306 -0.013906449 0.13188913 9.761699e-05 0.110650726 -0.0118311085 -0.13188913 -9.761699e-05 0.0 0.6237201 0.23471954 0.5371321 0.40102878 -0.3498505 -0.06077402 -0.26326248 -0.22708327 -0.05175828 -0.12215753 -0.25915477 -0.03251415 -0.015072156 0.085682295 -0.020908812 -0.072152704 0.48347613 0.21751924 -0.055901792 0.11960593 0.3482665 0.002889565 -0.1673557 -0.0070111556 0.35048917 0.05246913 -0.21542387 -0.114081085 0.10614925 0.0 0.002871826523874091
-0.1576777 -0.016029026 0.13176651 -0.006435507 0.10582562 -0.014552367 -0.13176651 0.006435507 0.0 0.62518805 0.21845001 0.54299396 0.38697413 -0.35580134 -0.051394477 -0.27360725 -0.2199186 -0.06377471 -0.121533364 -0.26004905 -0.02106602 -0.0135365985 0.08375305 -0.020179274 -0.06501264 0.48727515 0.20890026 -0.050499033 0.12264493 0.34230608 -0.006825488 -0.17884943 -0.027286027 0.3443196 0.039641898 -0.21880077 -0.105046354 0.09224503 0.0 0.006234758667467449
-0.15376836 -0.01821518 0.13143359 -0.0109498 0.10100767 -0.016568786 -0.13143359 0.0109498 0.0 0.6254609 0.20473693 0.5470638 0.3750606 -0.36132896 -0.043057263 -0.28293186 -0.21338092 -0.07532906 -0.120522514 -0.26057753 -0.0119349575 -0.012366759 0.081899 -0.02055653 -0.061832324 0.49027058 0.20212373 -0.045120265 0.12347293 0.33548328 -0.015955662 -0.20390412 -0.057028104 0.3375679 0.028639948 -0.2235909 -0.09486092 0.0740449 0.0 0.009924465436707983
-0.14988531 -0.020448186 0.13105743 -0.014854982 0.09624538 -0.017870612 -0.13105743 0.014854982 0.0 0.62453437 0.19411565 0.54916495 0.36580053 -0.36648774 -0.036169864 -0.2911183 -0.20785475 -0.08631078 -0.11934832 -0.26092178 -0.003932033 -0.011652812 0.08003981 -0.021791186 -0.060393073 0.4923516 0.19763796 -0.041214958 0.12458398 0.32748276 -0.023943415 -0.23548417 -0.0615564 0.33051094 0.01962316 -0.21998963 -0.08978531 0.054923873 0.0 0.013832264782277864
-0.14602074 -0.022717755 0.13080096 -0.017494187 0.09156482 -0.018520031 -0.13080096 0.017494187 0.0 0.6225252 0.18668348 0.5493606 0.35931948 -0.3713647 -0.03089193 -0.29820007 -0.20352793 -0.09670309 -0.11819415 -0.26125237 0.0022579276 -0.011402291 0.07814419 -0.022992233 -0.05994086 0.49351406 0.19557115 -0.038784415 0.12540527 0.31895116 -0.029765042 -0.24513821 -0.04128645 0.32332605 0.012653517 -0.21889745 -0.07950419 0.035603143 0.0 0.017812890965075212
-0.14216611 -0.025004359 0.13062726 -0.018765599 0.08699324 -0.018540889 -0.13062726 0.018765599 0.0 0.61940634 0.18286349 0.5474771 0.35601786 -0.37601286 -0.02760469 -0.30408365 -0.20075907 -0.106424674 -0.11725707 -0.2616038 0.009083269 -0.011646903 0.0761838 -0.023839561 -0.060214028 0.49359646 0.19632956 -0.0385949 0.12666048 0.31037977 -0.03338647 -0.24586658 -0.039405033 0.31615844 0.0076356633 -0.21056429 -0.08205839 0.0052942424 0.0 0.021865875146147754
-0.13831094 -0.027295893 0.1307366 -0.018616803 0.08257268 -0.017816951 -0.1307366 0.018616803 0.0 0.6147741 0.18414614 0.54266316 0.3572249 -0.38042364 -0.027366726 -0.3083127 -0.2004455 -0.11519413 -0.116947494 -0.26196098 0.014677772 -0.012547259 0.07410434 -0.024410881 -0.061217938 0.49206108 0.2011569 -0.039304502 0.12701638 0.30202836 -0.03432009 -0.2477328 -0.03543588 0.309164 0.0051577543 -0.20345563 -0.084440656 -0.031794593 0.0 0.025961317237008716
-0.13444664 -0.02957465 0.13104849 -0.01659234 0.07829634 -0.016422035 -0.13104849 0.01659234 0.0 0.6084635 0.1908222 0.5346354 0.3631755 -0.38458216 -0.030574422 -0.31075406 -0.20292772 -0.12293422 -0.117579505 -0.26238424 0.016764568 -0.0141136665 0.07184002 -0.024901297 -0.063733295 0.4886382 0.21033873 -0.041499 0.12654628 0.29396102 -0.032585844 -0.24739493 -0.037237164 0.3023967 0.0052800663 -0.1942992 -0.08837922 -0.05983607 0.0 0.0301160140027322
-0.1305657 -0.03182815 0.1314398 -0.013608669 0.07407612 -0.014745981 -0.1314398 0.013608669 0.0 0.6010073 0.20059322 0.52454835 0.37179565 -0.38853136 -0.03598549 -0.3120724 -0.20718794 -0.13004509 -0.11893845 -0.26285705 0.016453987 -0.016064165 0.069370694 -0.025775464 -0.067339994 0.483864 0.22206579 -0.044342674 0.12550698 0.28606766 -0.029484766 -0.24611598 -0.04179339 0.29579604 0.007039573 -0.18912823 -0.079043254 -0.060472462 0.0 0.03439405657101971
-0.126679 -0.034080982 0.13172436 -0.012104238 0.06981432 -0.01323109 -0.13172436 0.012104238 0.0 0.5934655 0.20996581 0.51445425 0.38000545 -0.39242372 -0.041387867 -0.31341246 -0.2114275 -0.13719349 -0.12034636 -0.2632432 0.017254768 -0.017972555 0.06679794 -0.026165118 -0.068924405 0.47774738 0.23408738 -0.09993497 0.15006045 0.2774237 -0.026137264 -0.27075866 -0.014056028 0.2885667 0.011420938 -0.22326307 0.05681593 -0.053242825 0.0 0.03812850680554253
-0.12279132 -0.03634269 0.13202214 -0.010456855 0.06549728 -0.011964661 -0.13202214 0.010456855 0.0 0.58619165 0.21804573 0.5049685 0.38703996 -0.39633402 -0.046150222 -0.31511086 -0.21514444 -0.14457811 -0.12154994 -0.26392892 0.018920267 -0.01972388 0.064180516 -0.02630258 -0.07044427 0.47195828 0.2450907 -0.067073844 0.13638778 0.26856926 -0.02323087 -0.26964316 -0.022941194 0.28081688 0.017131066 -0.22180091 0.05944593 -0.04500395 0.0 0.04207065577116234
-0.118902214 -0.038617965 0.13233216 -0.009507921 0.06113023 -0.010927234 -0.13233216 0.009507921 0.0 0.5792643 0.2247941 0.49618798 0.3928851 -0.40029728 -0.050188392 -0.31722102 -0.21827939 -0.15220167 -0.12252065 -0.26400328 0.019244077 -0.021315591 0.061548084 -0.026376631 -0.07117633 0.4667084 0.2549409 -0.07728066 0.13918863 0.25965214 -0.021147516 -0.26959586 -0.025471153 0.27321112 0.022103088 -0.21401902 0.05405017 -0.03756838 0.0 0.04611064681209173
-0.11501147 -0.040896174 0.13251267 -0.00807704 0.05672776 -0.010088747 -0.13251267 0.00807704 0.0 0.5726775 0.23037598 0.48806268 0.39769775 -0.40432018 -0.053581342 -0.31970534 -0.22090313 -0.16004628 -0.123303086 -0.26421922 0.018601257 -0.02276834 0.0589016 -0.026424315 -0.07249888 0.46187556 0.26352298 -0.0674597 0.12419227 0.250679 -0.019699018 -0.26969722 -0.027283415 0.26585194 0.02634764 -0.20697974 0.05019209 -0.031271756 0.0 0.05038353971653113
-0.1111309 -0.043192226 0.13251507 -0.008185947 0.05230166 -0.009393171 -0.13251507 0.008185947 0.0 0.5664061 0.2349919 0.4805201 0.40166476 -0.40840185 -0.056393918 -0.32251585 -0.22306678 -0.16807505 -0.12388089 -0.26407966 0.020100376 -0.024097795 0.05627391 -0.02602788 -0.07191032 0.45740062 0.27114195 -0.073366426 0.12204506 0.24167328 -0.018776607 -0.26929826 -0.028816719 0.2588446 0.030061938 -0.19477178 0.050191514 -0.025767827 0.0 0.05481984616463062
-0.10726837 -0.045526803 0.13261108 -0.0086726425 0.047855586 -0.008783231 -0.13261108 0.0086726425 0.0 0.56039655 0.23886411 0.47345304 0.40498778 -0.41253993 -0.058710855 -0.32559645 -0.22483455 -0.17625408 -0.12423413 -0.2639781 0.022563364 -0.025327018 0.053697012 -0.025677996 -0.07086952 0.45302168 0.27809128 -0.07917288 0.120086946 0.23264611 -0.018253077 -0.2691304 -0.029367642 0.25251794 0.033081446 -0.16981587 0.033976093 -0.022577778 0.0 0.059451449615750454
-0.10342359 -0.047898255 0.13270614 -0.00904207 0.043397047 -0.00821771 -0.13270614 0.00904207 0.0 0.554518 0.24234731 0.4666289 0.4079727 -0.41670638 -0.060768988 -0.3288173 -0.22639436 -0.18450677 -0.12447058 -0.26385573 0.023500444 -0.026491404 0.05116562 -0.025225492 -0.06979032 0.44859672 0.28462827 -0.08614484 0.11367684 0.22361808 -0.017983157 -0.2686144 -0.031169757 0.24684754 0.03518273 -0.15492798 0.009545567 -0.02183816 0.0 0.06433604620595715
-0.099599764 -0.05030238 0.13266253 -0.009448909 0.03893613 -0.007667706 -0.13266253 0.009448909 0.0 0.54864055 0.24576645 0.45982185 0.41089517 -0.42086464 -0.06280446 -0.33204594 -0.22793317 -0.19276439 -0.12472865 -0.26379308 0.023415921 -0.027619444 0.048666224 -0.024716273 -0.068728 0.44389775 0.29071587 -0.09435692 0.09870782 0.21459351 -0.017785951 -0.26869413 -0.030359134 0.24144481 0.03625041 -0.15184474 -0.022426618 -0.022782044 0.0 0.06955648420128782
-0.09584207 -0.052778896 0.13193285 -0.012518434 0.034496106 -0.0070624105 -0.13193285 0.012518434 0.0 0.54268986 0.24938744 0.45289433 0.41398698 -0.42496988 -0.064922646 -0.33517432 -0.22952218 -0.20096466 -0.12505613 -0.26321435 0.025224937 -0.0287125 0.046242364 -0.0236034 -0.06505739 0.43914115 0.29656506 -0.08550621 0.09192928 0.20558695 -0.017479498 -0.2682534 -0.026298555 0.23557709 0.036486965 -0.17693383 -0.043571204 -0.024899814 0.0 0.07524660516913362
-0.092251465 -0.055401232 0.12953176 -0.019339368 0.030130846 -0.0062785847 -0.12953176 0.019339368 1.0 0.5365984 0.25356385 0.44570413 0.41755924 -0.42893794 -0.067210004 -0.33804372 -0.23120539 -0.20899974 -0.12545761 -0.26100165 0.030432567 -0.029740099 0.04398829 -0.020857181 -0.05771201 0.4335979 0.30216393 -0.11908248 0.068752535 0.19667406 -0.016925624 -0.26525742 -0.021524 0.22895314 0.036136974 -0.19644068 -0.065102175 -0.030703282 0.0 0.08046211097610048
-0.08866445 -0.058090232 0.13105673 -0.015800674 0.02574658 -0.005402334 -0.13105673 0.015800674 1.0 0.52952826 0.2596098 0.43696043 0.42266637 -0.4326746 -0.071028784 -0.34010676 -0.23408535 -0.21663035 -0.12672411 -0.26296926 0.02396325 -0.030932143 0.04165161 -0.0222472 -0.061029144 0.4256768 0.3089972 -0.1563291 0.07322389 0.18768567 -0.014374663 -0.2705269 0.03783625 0.22155526 0.035889454 -0.2121012 -0.080934525 -0.06732391 0.0 0.08616546747645108
-0.085058376 -0.06061603 0.12942865 -0.007711191 0.021452855 -0.0045870845 -0.12942865 0.007711191 1.0 0.52020794 0.26976818 0.4246172 0.43107122 -0.43566558 -0.0787459 -0.34007487 -0.24004893 -0.22311069 -0.13022372 -0.26164007 0.0128122 -0.03236535 0.03884031 -0.019945957 -0.068132825 0.41443193 0.31893185 -0.16205315 0.053548995 0.17873587 -0.010274137 -0.27104205 0.009163176 0.21367098 0.037158508 -0.21413201 -0.08387672 -0.08891148 0.0 0.0918535601870768
-0.08110177 -0.06232937 0.12347321 0.034638867 0.017286737 -0.0047421968 -0.12347321 -0.034638867 1.0 0.50973713 0.28077498 0.4105383 0.43988448 -0.4380458 -0.08917606 -0.33884695 -0.24828558 -0.22887944 -0.13579683 -0.25579754 -0.033223428 -0.03373842 0.034944475 -0.013159528 -0.10925526 0.40177512 0.3290797 -0.15505917 0.010399582 0.16984859 -0.006835355 -0.26507655 -0.031400602 0.20568001 0.03818532 -0.20776841 -0.12632927 -0.08290599 0.0 0.09717173017606483
-0.07672765 -0.0625098 0.10101589 0.083415486 0.013599923 -0.006662836 -0.10101589 -0.083415486 1.0 0.5009031 0.2875531 0.39889482 0.4448762 -0.44016168 -0.099168114 -0.33815336 -0.2564912 -0.23469149 -0.14209808 -0.23325208 -0.084295206 -0.034333277 0.029640896 0.010498292 -0.15622723 0.3910125 0.33528534 -0.1326176 -0.047188234 0.16136418 -0.0060074027 -0.24267332 -0.082024485 0.19830422 0.036612064 -0.18847503 -0.16807649 -0.026258903 0.0 0.10256518551209998
-0.07481989 -0.062024005 0.024704602 0.033870436 0.02031082 0.00059502415 0.18895516 0.25176236 1.0 0.49933976 0.28650352 0.39720675 0.4437457 -0.4414182 -0.10096358 -0.3392852 -0.25820574 -0.24040405 -0.1437608 -0.15691203 -0.034704734 -0.031926963 0.025667135 0.085772805 -0.10806374 0.38836247 0.3353185 -0.054871503 -0.00088607776 0.155222 -0.0072885505 -0.16639228 -0.03286766 0.1939024 0.032695495 -0.11513305 -0.10548281 0.069534786 0.99444443 0.10698756016590336
-0.07432344 -0.060642626 -0.017268062 0.042859912 0.027851041 0.007891298 0.23173752 0.23030108 1.0 0.5062036 0.27331567 0.4077744 0.4329025 -0.4433552 -0.09205319 -0.344926 -0.25164 -0.2479196 -0.13951218 -0.11592046 -0.043047547 -0.026904343 0.023114854 0.1450384 -0.083380066 0.39539856 0.32570592 -0.012010516 -0.016924385 0.15052077 -0.0119445715 -0.123482905 -0.026712608 0.19195062 0.024737122 -0.06615863 -0.09279608 0.16218136 0.9611111 0.11122390162789397
-0.07288122 -0.060238488 0.04174588 0.025283812 0.03474147 0.013737429 0.18233362 0.22794463 0.0 0.52030987 0.24206102 0.43142757 0.40715548 -0.44907627 -0.06688349 -0.36019397 -0.23197797 -0.2612863 -0.12547962 -0.17481479 -0.017435983 -0.02215691 0.022669815 0.09129315 -0.04079005 0.41186956 0.30182195 -0.06748173 0.0028198683 0.14379099 -0.020745346 -0.1790148 0.009729775 0.18928917 0.011508983 -0.1162209 -0.036717728 0.4300189 0.92777777 0.11542094884866112
-0.0714389 -0.06091478 0.052438855 -0.005342391 0.042674597 0.017371189 0.19152682 0.22639884 0.0 0.54218775 0.1834476 0.47200444 0.35731697 -0.4552988 -0.016993932 -0.38511553 -0.1908633 -0.27955207 -0.095168464 -0.18382958 0.025902888 -0.017258696 0.026025165 0.06451764 0.06010998 0.44027174 0.25570574 -0.071941964 0.030227968 0.13464776 -0.034408364 -0.18025415 0.06639145 0.1855125 -0.00916771 -0.114502035 0.014028941 0.43747088 0.89444447 0.11953593279965216
-0.06973087 -0.061185922 0.0517244 0.00588431 0.051248007 0.019018935 0.20687376 0.18351178 0.0 0.55659026 0.12594041 0.5048422 0.30615804 -0.45631844 0.030168569 -0.40457043 -0.15004906 -0.29401717 -0.06468251 -0.18064949 0.027856432 -0.01175066 0.02839306 0.07948699 0.018548148 0.4621965 0.20924123 -0.06650112 0.017725697 0.124675386 -0.045683753 -0.16579789 0.07805849 0.17999172 -0.02793289 -0.10127539 0.016614176 0.3253011 0.8611111 0.12325704876320294
-0.06799393 -0.0612624 0.05020569 0.011782808 0.05985522 0.020073809 0.21560489 0.15174374 0.0 0.5632068 0.08044044 0.52613986 0.26424003 -0.45412466 0.066549756 -0.41705775 -0.11724985 -0.30427724 -0.03961707 -0.17677386 0.029921118 -0.0065342826 0.029585646 0.086161256 0.0055832416 0.47543857 0.17188969 -0.06062314 0.011674824 0.11541338 -0.05250803 -0.14934307 0.08934917 0.1741039 -0.041475978 -0.08340271 0.026203249 0.292674 0.8277778 0.12674295883162467
-0.06626369 -0.061099246 0.049930148 0.01368932 0.068570755 0.019939639 0.21989958 0.12602025 0.0 0.56590694 0.038339853 0.5424854 0.22437125 -0.44968206 0.09945618 -0.42626047 -0.08657522 -0.3122644 -0.015768275 -0.17381214 0.035632946 -0.001312211 0.029855948 0.08947995 -0.008148518 0.48705164 0.13534126 0.05396556 -0.064738184 0.1082323 -0.060316905 -0.057547506 -0.035384815 0.16804823 -0.05601696 -0.070004925 -0.11566439 0.28158018 0.79444444 0.12990311134294658
-0.06448348 -0.060729932 0.051893022 0.016613832 0.07722057 0.018474879 0.21985415 0.10032559 0.0 0.5654425 -0.0025882437 0.5553501 0.18463995 -0.4432002 0.13081382 -0.43310782 -0.056414362 -0.3183974 0.008041048 -0.17099622 0.041158084 0.0038280655 0.029290678 0.088491775 -0.021670373 0.49704194 0.09675645 0.036796186 -0.119224384 0.10261659 -0.07022842 -0.008974003 -0.09632305 0.16092257 -0.07289046 -0.0762334 -0.15534106 0.27660456 0.76111114 0.13202123975948962
-0.062658004 -0.060145993 0.054426532 0.018880237 0.085658975 0.015651194 0.21750017 0.076103136 0.0 0.5620282 -0.04286634 0.56511635 0.14460823 -0.43474802 0.16107808 -0.43783614 -0.02639649 -0.32278413 0.032053187 -0.16962746 0.045854393 0.008748735 0.027890991 0.08389136 -0.035625663 0.5045754 0.058770675 0.07484831 -0.05911475 0.09779369 -0.08124331 0.024694737 -0.12494442 0.15243676 -0.0892063 -0.08746326 -0.15542005 0.27385178 0.7277778 0.13317077039882497
-0.060761914 -0.059475712 0.0581548 0.015155245 0.09371256 0.011642305 0.2123895 0.05869244 0.0 0.5557413 -0.082342215 0.571856 0.10446401 -0.42444384 0.19040912 -0.44055855 0.003602897 -0.32548368 0.05634394 -0.16929138 0.05590003 0.0133785345 0.026022555 0.079420954 -0.032427937 0.5084151 0.019799443 0.0010126154 -0.13749337 0.09321272 -0.09145186 0.051196028 -0.09263971 0.14307182 -0.10477132 -0.07345901 -0.15478662 0.26949662 0.6944444 0.1331320061699949
-0.05882398 -0.05880286 0.06027353 0.01082818 0.10129258 0.006684312 0.2074183 0.04297949 0.0 0.5468311 -0.12033849 0.5756211 0.06493801 -0.41252023 0.21848507 -0.4413103 0.03320857 -0.32654336 0.08063404 -0.1675918 0.06626211 0.017749362 0.023998879 0.07715576 -0.027362132 0.50994176 -0.017859722 0.06748918 -0.05665012 0.088805504 -0.09999068 0.06738547 -0.05534024 0.1335688 -0.119369805 -0.047683075 -0.15064466 0.25895888 0.6611111 0.13312627704817873
-0.056816347 -0.05814019 0.062826134 0.0059862966 0.10829075 0.0010563046 0.20066369 0.029324388 0.0 0.5357335 -0.15589131 0.5765238 0.027117988 -0.3995258 0.24466614 -0.44031608 0.061656844 -0.32614714 0.10436136 -0.16398157 0.07818585 0.021801895 0.021804145 0.07377475 -0.02745906 0.5085968 -0.054226153 0.003916812 -0.11768513 0.08428081 -0.107294306 0.06471647 -0.04639642 0.12465256 -0.13252875 -0.007844297 -0.13414145 0.24371557 0.62777776 0.13252467432206963
-0.054745715 -0.057493895 0.06474622 0.0012762655 0.11469539 -0.004769681 0.19338116 0.017841846 0.0 0.5233866 -0.18741342 0.57494915 -0.0071426528 -0.38649502 0.2678576 -0.43805757 0.08758682 -0.32481584 0.12652197 -0.16050175 0.08929085 0.025480121 0.01949796 0.07074329 -0.027184503 0.5050072 -0.08746559 0.029571876 -0.08068748 0.07977185 -0.1141192 0.055289064 -0.0646178 0.116510436 -0.14399987 0.0046097618 -0.123227455 0.19807586 0.59444445 0.1315776716695579
-0.05259899 -0.05684935 0.06686365 -0.0025187796 0.12058325 -0.010003787 0.1850619 0.008979838 0.0 0.51149005 -0.21237987 0.57169414 -0.03480814 -0.37535506 0.28628027 -0.43555915 0.10870855 -0.32367206 0.1453484 -0.15834923 0.09707769 0.028697954 0.017231034 0.0670149 -0.029569184 0.50104845 -0.114486046 0.024593344 -0.08009474 0.07570363 -0.12049648 0.03984149 -0.08403036 0.110054806 -0.15313704 0.028954608 -0.09988599 0.16215698 0.5611111 0.130358965257443
-0.050395206 -0.05616013 0.068815686 -0.0040061334 0.12605794 -0.01473978 0.17652279 0.0005797458 0.0 0.5003752 -0.23231992 0.5675632 -0.057271272 -0.36602962 0.3010645 -0.43321759 0.12601584 -0.3229554 0.16153279 -0.15687045 0.10216887 0.03157197 0.015094957 0.06480221 -0.02707844 0.49697432 -0.13676894 0.027292755 -0.06941237 0.07139884 -0.12701239 0.0019471557 -0.11633564 0.10516445 -0.16036017 0.043048944 -0.08048151 0.13371463 0.5277778 0.1288486635676545
-0.048126336 -0.05543503 0.07082252 -0.0063506137 0.13118106 -0.01900804 0.1678097 -0.0047803083 0.0 0.49015334 -0.24831478 0.5630191 -0.07555242 -0.35838017 0.3130649 -0.43124592 0.14030255 -0.32277113 0.17563398 -0.1559223 0.10736005 0.034178205 0.013113972 0.061949972 -0.026925255 0.49312332 -0.15515234 0.025808059 -0.062156048 0.06574051 -0.13347326 -0.06789082 -0.12885062 0.101571955 -0.16592945 0.05455105 -0.05634975 0.10973884 0.49444443 0.12727708500339385
-0.04578403 -0.05469045 0.07286487 -0.008642514 0.13602236 -0.022685464 0.15911478 -0.008218549 0.0 0.4811057 -0.26065913 0.5584287 -0.0898452 -0.35257894 0.32254428 -0.42990196 0.15173034 -0.32333243 0.18763812 -0.15565917 0.108183414 0.036549382 0.011303774 0.059324067 -0.026230182 0.48822784 -0.16751745 -0.053465713 0.064151466 0.06186804 -0.13741907 0.031263176 -0.030651545 0.09934962 -0.16865523 0.06551304 0.026131961 0.07684581 0.4611111 0.12617556207541114
-0.043397527 -0.05387402 0.07491065 -0.007812713 0.14069308 -0.02550677 0.1506232 -0.01262137 0.0 0.47388366 -0.26889634 0.55423486 -0.099485815 -0.34928802 0.32905403 -0.42963922 0.15964349 -0.32505113 0.19683585 -0.15054311 0.09911502 0.038726326 0.009742789 0.057552297 -0.02611897 0.48197055 -0.17213416 -0.12043497 0.14303972 0.061346523 -0.13781026 0.05750825 0.054273453 0.09804013 -0.168146 0.039236955 0.08885125 0.048145123 0.42777777 0.1256177373331905
-0.040957622 -0.05299463 0.077015184 -0.008201815 0.14518853 -0.027687991 0.14231361 -0.014353197 0.0 0.46801183 -0.27433753 0.55041033 -0.10591326 -0.3478525 0.3335454 -0.430251 0.16512111 -0.3270923 0.20328614 -0.117890015 0.055036176 0.040754154 0.0083520785 0.05523659 -0.027132118 0.47584328 -0.17342031 -0.11991488 0.13335326 0.061233878 -0.13644186 0.04205295 0.06852914 0.096583225 -0.1655446 0.0034748954 0.1229848 0.044592675 0.39444444 0.12525323881134093
-0.03843249 -0.05211077 0.07918204 -0.01074532 0.14940372 -0.029797584 0.13410163 -0.013619334 0.0 0.46223843 -0.27924722 0.54652923 -0.111761965 -0.34672552 0.33778888 -0.43101633 0.17030363 -0.33007443 0.21024305 -0.1733185 0.11390702 0.042685773 0.0070146485 0.053251576 -0.024779588 0.46995604 -0.17412204 -0.1131408 0.13827868 0.061132606 -0.13501363 0.043017104 0.058793575 0.09433109 -0.16210827 -0.020361865 0.13780582 0.0416322 0.3611111 0.1251233220839805
-0.03581475 -0.051204015 0.081930615 -0.011664205 0.15336217 -0.03169439 0.12549263 -0.01403724 0.0 0.45681193 -0.28324983 0.5426962 -0.116576046 -0.34623063 0.34147322 -0.43211487 0.17479944 -0.3316291 0.21468715 -0.063946016 -0.009294366 0.044509724 0.00581416 0.050896395 -0.022183675 0.4645939 -0.17382401 -0.10634879 0.14130415 0.061335355 -0.13393258 0.04461397 0.04288385 0.091704614 -0.15816416 -0.038557395 0.14453487 0.023867855 0.32777777 0.124637530921808
-0.033093862 -0.050313115 0.08429025 -0.014641568 0.1571966 -0.03279226 0.11754799 -0.011291921 0.0 0.45270616 -0.28483847 0.5393407 -0.11855343 -0.34751293 0.34349713 -0.43414742 0.17721209 -0.33457243 0.21804838 -0.15215032 0.1005266 0.04620293 0.004891432 0.04788364 -0.02074236 0.46034724 -0.17092763 -0.09956578 0.14826004 0.062187653 -0.13309842 0.042952828 0.026032055 0.089319855 -0.15351179 -0.055373326 0.15122913 -0.0016111783 0.29444444 0.12425843769510149
-0.030280195 -0.049374428 0.087668784 -0.013211167 0.16097125 -0.032787174 0.108906955 -0.01156379 0.0 0.45046252 -0.28328398 0.5366952 -0.116790205 -0.35127154 0.34311748 -0.43750423 0.17662372 -0.33852848 0.21827641 -0.06393715 -0.019403571 0.04777458 0.004343036 0.04554644 -0.018552514 0.4571834 -0.16485202 -0.108802974 0.14550444 0.062043183 -0.13137108 -0.06669855 0.07280906 0.089102216 -0.14928986 0.018015023 0.0946022 -0.03304261 0.2611111 0.12356838818178416
-0.027362077 -0.048425753 0.090582855 -0.014644757 0.16471294 -0.03148092 0.10103691 -0.0075918958 0.0 0.45019665 -0.2783667 0.53478646 -0.11103228 -0.35766393 0.3401133 -0.4422537 0.17277887 -0.34452316 0.2165071 -0.14980255 0.09362825 0.049212623 0.0041885795 0.042119607 -0.018629784 0.4554271 -0.15525523 -0.09233377 0.15129302 0.062409543 -0.1298917 -0.07321829 0.031955607 0.08984587 -0.14418647 0.028367072 0.09574146 -0.055414233 0.22777778 0.12307510669359543
-0.024340337 -0.04739912 0.09485105 -0.011019849 0.16831304 -0.029163258 0.09202791 -0.007741492 0.0 0.4512828 -0.27097052 0.5332737 -0.10234744 -0.36604932 0.33493742 -0.44804025 0.16631436 -0.35131943 0.2118439 -0.06758869 -0.030285582 0.05052535 0.0043712184 0.03943948 -0.016256481 0.45481938 -0.14316016 -0.0827543 0.1472128 0.06277012 -0.12898517 -0.050186012 -0.017904101 0.09142556 -0.13887128 -0.025484376 0.121768236 -0.07598932 0.19444445 0.12192910513168366
-0.02121139 -0.046320178 0.09856297 -0.010368423 0.17166264 -0.026288198 0.083687544 -0.004612417 0.0 0.45280582 -0.26244578 0.5317411 -0.09237088 -0.37532505 0.32861722 -0.45426035 0.15854232 -0.35904187 0.20668277 -0.15228419 0.083805166 0.051705558 0.0047092563 0.035465885 -0.017637352 0.45474693 -0.12985025 -0.071671665 0.14916776 0.0628979 -0.1285874 -0.07252388 -0.02774269 0.09224481 -0.13289854 -0.066078894 0.13450344 -0.05570625 0.16111112 0.1207183265283258
-0.017945219 -0.045172576 0.103442386 -0.008246835 0.17452946 -0.024162468 0.07417758 -0.004014127 0.0 0.45275375 -0.25620508 0.52945524 -0.085111134 -0.38304582 0.32396325 -0.45974725 0.15286931 -0.36538798 0.20232569 -0.07523017 -0.040395293 0.052780874 0.004880203 0.032044634 -0.013460138 0.45176843 -0.11919142 -0.17231366 0.13065073 0.0638077 -0.12781374 0.012228968 0.016590064 0.09367528 -0.12778866 0.019039704 0.09424573 -0.038804986 0.12777779 0.11947409647686191
-0.014543126 -0.043964714 0.10811622 -0.007758542 0.1769715 -0.022683585 0.06491996 -0.0026222544 0.0 0.4514402 -0.251863 0.52659875 -0.08008572 -0.38954678 0.32076007 -0.46470538 0.14898278 -0.37134132 0.1999932 -0.15630436 0.07825117 0.053718876 0.004851871 0.026703795 -0.015766578 0.44707787 -0.110561244 -0.16718774 0.13651022 0.06557672 -0.12608433 0.017484613 0.043776046 0.095487036 -0.123791754 0.016574236 0.09197492 -0.0253101 0.094444446 0.11842629676953441
-0.010985568 -0.0426725 0.11379174 -0.0062016593 0.17900059 -0.021757703 0.054736204 -0.0029407295 0.0 0.4490961 -0.24905393 0.5232701 -0.07684918 -0.39515525 0.31874526 -0.4693292 0.14654052 -0.37662926 0.19788592 -0.09752654 -0.05435384 0.05451916 0.0047178 0.02215766 -0.01137195 0.4421482 -0.103312895 -0.1620306 0.13937889 0.06671448 -0.12426907 0.008909819 0.041317496 0.0964271 -0.11984971 0.002507173 0.10359287 -0.014303191 0.06111111 0.11682547784129657
-0.007223791 -0.041325085 0.12076905 -0.0077402177 0.1806089 -0.021258714 0.043340724 -0.0006627234 0.0 0.4458617 -0.2474504 0.51951236 -0.075021185 -0.4001101 0.31778228 -0.47376075 0.14535308 -0.3817213 0.19753458 -0.15804783 0.079282284 0.055118598 0.0044630584 0.014572122 -0.012974757 0.43712372 -0.097117655 -0.15555975 0.14505641 0.06733929 -0.12281253 0.0058967923 0.03297027 0.09670369 -0.115960784 -0.007662594 0.10792643 -0.0053630136 0.027777778 0.11519246669259062
-0.0031229951 -0.03984326 0.13862431 -0.0072647478 0.18166253 -0.021106223 0.021165581 -0.0007581024 0.0 0.44175342 -0.24676426 0.515233 -0.07426208 -0.4047786 0.31762904 -0.4782582 0.14512686 -0.38694164 0.19702683 -0.14561579 -0.06300522 0.05538626 0.0041708876 -0.0021763896 -0.008237557 0.43191674 -0.0917261 -0.1627967 0.14686178 0.06751676 -0.12189305 -0.0061712335 0.019997297 0.09613938 -0.112106465 -0.03486474 0.11336668 0.00011643859 0.0 0.11287113665139872
0.0012735564 -0.038292795 0.13693488 -0.009662272 0.18224882 -0.021118786 0.018639052 0.0018119167 0.0 0.437039 -0.24657755 0.51056194 -0.07409383 -0.4093512 0.31802842 -0.48287413 0.14554471 -0.39204204 0.197865 -0.15699881 0.08259979 0.055354398 0.0038515336 -0.0010800752 -0.0093962895 0.4266444 -0.086764045 -0.15094495 0.15066558 0.06747965 -0.12123329 0.0025809095 0.02119839 0.09486375 -0.10825773 -0.041178778 0.115818836 0.0029583615 0.0 0.11050181714102156
0.005677623 -0.03672787 0.13739948 -0.007865902 0.18267196 -0.021240802 0.014065232 9.678259e-05 0.0 0.4321693 -0.2466492 0.5058355 -0.07422662 -0.4137517 0.31865948 -0.48741785 0.1462369 -0.39773044 0.19816965 -0.18296514 -0.060382694 0.055334657 0.0035465655 -0.000507585 -0.006581065 0.42160562 -0.08202513 -0.14357224 0.14944233 0.067502655 -0.12054927 0.0036969434 0.022282727 0.09330305 -0.1044528 -0.044205166 0.11415253 0.0038228652 0.0 0.10774380775207472
0.01008133 -0.035183094 0.1370534 -0.009992246 0.1829636 -0.021381484 0.010408707 0.0022706091 0.0 0.4272496 -0.24679579 0.50109977 -0.07445193 -0.4180675 0.3194155 -0.49191764 0.14707164 -0.40334284 0.19942053 -0.16315432 0.08490551 0.055310417 0.0032250544 -0.00094834424 -0.008405319 0.41684136 -0.077348836 -0.13471022 0.15169755 0.06751134 -0.11985828 0.0041488893 0.022616388 0.09185273 -0.1007678 -0.037029896 0.10996917 0.0046699513 0.0 0.10490952754951634
0.014490385 -0.033623483 0.13745017 -0.008456547 0.18311067 -0.021549646 0.0061140065 0.00076780183 0.0 0.42228922 -0.24699515 0.49634427 -0.07473925 -0.42235392 0.32022107 -0.49640897 0.14796516 -0.40797618 0.19996715 -0.12903795 -0.057664167 0.05529992 0.0029347898 -0.0002651852 -0.005548664 0.41228512 -0.072727226 -0.12961584 0.14997451 0.067502804 -0.11926813 0.0039803437 0.01812365 0.09056196 -0.09727488 -0.033022527 0.10388066 0.0042992663 0.0 0.10154429467366326
0.018905174 -0.032083705 0.13727136 -0.010553044 0.18313438 -0.021675458 0.0024983694 0.0029124804 0.0 0.41735214 -0.24712782 0.49159765 -0.074953906 -0.42666313 0.3210222 -0.5009087 0.14884833 -0.41261297 0.20129886 -0.15309182 0.0857166 0.055279583 0.002637355 -0.0008286466 -0.007782055 0.4079535 -0.06805331 -0.12286813 0.15157247 0.067513905 -0.11873625 0.004309225 0.017750945 0.08948484 -0.09397179 -0.02621766 0.09822956 0.003851638 0.0 0.09817126618028586
0.023321418 -0.03053063 0.1375509 -0.009009555 0.18303134 -0.02177113 -0.001474064 0.0014459515 0.0 0.41245586 -0.24718279 0.4868589 -0.07507691 -0.43103912 0.32173944 -0.5054422 0.14963356 -0.41768658 0.20170076 -0.15589266 -0.06035651 0.05527352 0.0023784996 -0.000106572756 -0.005159661 0.40574202 -0.064386286 -0.029950472 0.09842136 0.0674894 -0.11785917 0.0017208451 0.033012114 0.086811155 -0.089783385 -0.10516158 0.14218241 0.002463402 0.0 0.09450456200662392
0.027734 -0.028995438 0.13714778 -0.010769711 0.18282424 -0.021790877 -0.0046641706 0.0033234346 0.0 0.40764323 -0.24709374 0.482153 -0.07503402 -0.43549883 0.32235134 -0.5100086 0.15029162 -0.42291084 0.20278744 -0.15874551 0.08505669 0.055263612 0.0021442797 -0.00041083276 -0.0063165072 0.4053935 -0.06249964 0.0006166712 0.042318225 0.06749514 -0.11678039 0.002474736 0.03300852 0.083513305 -0.08509113 -0.089889534 0.13862246 0.0017658764 0.0 0.09061595767854574
0.032149285 -0.027441978 0.13752212 -0.009100718 0.18249568 -0.021768844 -0.008534881 0.0018065511 0.0 0.40288952 -0.24690297 0.47745833 -0.074868836 -0.4400571 0.32283142 -0.5146259 0.15079728 -0.42734024 0.20306894 -0.11342567 -0.054167595 0.05525843 0.0019265189 -0.00011486766 -0.0055762017 0.40546626 -0.06230478 0.0031909216 -0.008065663 0.06752974 -0.11571982 0.0021733397 0.031241389 0.080531634 -0.08046278 -0.08524866 0.13580889 -0.00021448969 0.0 0.08653767057014158
0.0365703 -0.025907608 0.13735719 -0.011001836 0.18206505 -0.021634636 -0.011770721 0.0039160093 0.0 0.3982543 -0.24650188 0.47280124 -0.07445825 -0.44476476 0.32312524 -0.51931167 0.15108162 -0.43200308 0.20393775 -0.15320899 0.08546372 0.05524906 0.0017407045 -0.00030482322 -0.0057407334 0.4054643 -0.06287754 -0.0015387114 -0.02416821 0.06760592 -0.11451061 0.0016035994 0.037605766 0.07779558 -0.07589648 -0.0780861 0.13363098 -0.0018921162 0.0 0.08226723221947727
0.040990032 -0.02435809 0.13760492 -0.009138968 0.18152837 -0.021420201 -0.015326212 0.002315156 0.0 0.39373407 -0.24592452 0.46817523 -0.07383512 -0.44963494 0.32318443 -0.5240761 0.15109502 -0.43693733 0.2037021 -0.133096 -0.05971405 0.05524324 0.0015817155 -0.00010794796 -0.005641363 0.40535855 -0.06342154 -0.004131281 -0.023298847 0.06768293 -0.11304731 -0.00049540086 0.04412028 0.07520233 -0.07138837 -0.07720421 0.13041072 -0.004219026 0.0 0.07767796700605585
0.045411646 -0.022824451 0.13738814 -0.01072802 0.18089803 -0.021093864 -0.018326819 0.004217389 0.0 0.38934153 -0.24514113 0.4635901 -0.07296854 -0.45466375 0.32302374 -0.5289123 0.15085115 -0.44187188 0.20405243 -0.14267696 0.08534067 0.055235278 0.0014524185 -0.0002068138 -0.005621004 0.40521833 -0.06374289 -0.0063399025 -0.022828916 0.0677199 -0.11117962 -0.0038317812 0.057484668 0.07273496 -0.06694264 -0.07317391 0.12814312 -0.0053920737 0.0 0.07283901417050072
0.049832385 -0.0212706 0.1377079 -0.008637828 0.180161 -0.020722702 -0.021777421 0.002466906 0.0 0.38502127 -0.24425964 0.45902023 -0.07197961 -0.45980656 0.32268143 -0.5338055 0.15040141 -0.44741216 0.20343846 -0.16258416 -0.059701495 0.055229444 0.0013411022 -8.009312e-05 -0.0056404048 0.40499896 -0.063760705 -0.008504778 -0.015155217 0.067648485 -0.108939014 -0.008356763 0.06606427 0.07034384 -0.06255784 -0.072921135 0.12510613 -0.006781695 0.0 0.06775487491987661
0.054252308 -0.019733457 0.13741508 -0.01020241 0.17933276 -0.020287363 -0.024531845 0.004386763 0.0 0.38076898 -0.24327852 0.45447397 -0.07087252 -0.46502465 0.3222207 -0.5387296 0.14981472 -0.4532146 0.203516 -0.15935224 0.08550116 0.0552234 0.0012444245 -0.00013408095 -0.005609587 0.4047501 -0.063523255 -0.010448492 -0.012511211 0.067478985 -0.10638043 -0.011637045 0.07516017 0.067976415 -0.05825709 -0.07197277 0.12329684 -0.0068935924 0.0 0.06231096057680603
0.05867349 -0.01817788 0.13776702 -0.008144094 0.17839625 -0.019853555 -0.027850859 0.002677196 0.0 0.37652352 -0.242302 0.44992194 -0.06976527 -0.470274 0.32169285 -0.5436724 0.14915612 -0.45789024 0.2029269 -0.103580594 -0.050175242 0.055218562 0.0011521719 -4.720208e-05 -0.0056046527 0.40443367 -0.063373715 -0.0131299365 -0.019683516 0.067163356 -0.103575915 -0.016422516 0.081103854 0.06548445 -0.053952787 -0.07875694 0.123750545 -0.007420315 0.0 0.0564582109482482
0.06309866 -0.016637757 0.1376283 -0.009676486 0.1773643 -0.019394347 -0.030601328 0.0045490246 0.0 0.3722895 -0.24130811 0.445373 -0.06863775 -0.47553563 0.32114083 -0.5486191 0.14847046 -0.46289185 0.20302056 -0.16011763 0.08303411 0.055213504 0.0010622845 -0.00011115417 -0.0056156726 0.40390313 -0.06337326 -0.0208968 -0.02384254 0.06670773 -0.100525916 -0.020301271 0.08899895 0.06286026 -0.049641207 -0.08046196 0.124256805 -0.0068358867 0.0 0.050330106233832106
0.06752222 -0.01508569 0.13781413 -0.007870763 0.17623122 -0.018962668 -0.03360121 0.0030589274 0.0 0.36802754 -0.24037646 0.440812 -0.06757983 -0.48077002 0.3206039 -0.5535545 0.14780729 -0.46760857 0.20234905 -0.10573355 -0.05279797 0.05521 0.00096831756 -2.1340562e-05 -0.0055634645 0.40095752 -0.065169714 -0.13986813 -0.108589746 0.06551824 -0.09701006 -0.048774093 0.109048516 0.061915237 -0.0466097 -0.0063695903 0.055930417 -0.0068803173 0.0 0.04412821300642494
0.07195817 -0.013566042 0.13770097 -0.010133149 0.1750066 -0.018487047 -0.03622817 0.005629158 0.0 0.36377704 -0.23940665 0.43625325 -0.066480495 -0.48601952 0.3200592 -0.5584957 0.14713305 -0.4726223 0.20239818 -0.159607 0.08252569 0.055203866 0.00088006083 -0.0001596185 -0.0054583396 0.39452407 -0.06833553 -0.22127114 -0.10377948 0.064497344 -0.09377114 -0.025907123 0.081912935 0.06194419 -0.044997066 0.0004906115 0.037622336 -0.0078223655 0.0 0.037854881046528566
0.07639932 -0.012048281 0.13793077 -0.008575822 0.17369223 -0.01795352 -0.039125025 0.0043979436 0.0 0.35959536 -0.23833567 0.4317085 -0.06525782 -0.4913734 0.31934565 -0.5634865 0.1462678 -0.47756836 0.20146267 -0.11393559 -0.056121238 0.055198144 0.0008117318 -8.9979025e-05 -0.0054028025 0.3867713 -0.07077526 -0.23835157 -0.091549344 0.06383774 -0.09100163 -0.024076572 0.075218774 0.062027726 -0.04354466 -0.0006076798 0.039691485 -0.009666762 0.0 0.031125201841075784
0.08084272 -0.010547892 0.13775101 -0.009750245 0.17230001 -0.017336948 -0.04154115 0.0059225145 0.0 0.35550925 -0.23712568 0.42719045 -0.063868485 -0.4968479 0.3184313 -0.56852907 0.14517412 -0.4827671 0.20110112 -0.1560566 0.0824069 0.055192564 0.0007655481 -0.00012199344 -0.005419029 0.37897936 -0.07301588 -0.23271872 -0.09555696 0.0633809 -0.08841092 -0.018362463 0.068922795 0.06215915 -0.042203534 0.0013140889 0.032387625 -0.010531982 0.0 0.024002943755708134
0.0852871 -0.009031686 0.13805099 -0.0078310855 0.17081766 -0.016694413 -0.044368472 0.0043621412 0.0 0.35147336 -0.23586111 0.4226774 -0.06240728 -0.5024097 0.3173477 -0.57361376 0.14389388 -0.48806438 0.19972493 -0.12767819 -0.061163988 0.055187363 0.00073368044 -6.2285086e-05 -0.005407512 0.3713444 -0.07533246 -0.22962318 -0.10044289 0.063019566 -0.08599082 -0.017290358 0.064418554 0.062319297 -0.041107025 0.0015869156 0.024477411 -0.0117438305 0.0 0.016503226755184702
0.08973211 -0.007533881 0.13781583 -0.009110622 0.16926008 -0.015998486 -0.046594217 0.0060066236 0.0 0.34749717 -0.23451798 0.4181809 -0.060851462 -0.50804055 0.31612846 -0.57872427 0.14246196 -0.4934019 0.19901964 -0.14842042 0.08247957 0.055183783 0.0007158999 -5.6488097e-05 -0.0053853774 0.3638934 -0.07770045 -0.2242731 -0.10323276 0.06269896 -0.083645456 -0.016506951 0.06304637 0.062488496 -0.040264234 0.0016939556 0.016569214 -0.012171923 0.0 0.00841311617717147
0.094180994 -0.006019472 0.1382019 -0.0070470404 0.1676114 -0.0152971 -0.049376905 0.0043051597 0.0 0.34354302 -0.23316069 0.41367844 -0.059272002 -0.5137279 0.3147835 -0.5838633 0.14089483 -0.49911508 0.19736138 -0.15035205 -0.06389939 0.055179052 0.00070514705 -4.4381763e-05 -0.005477859 0.35658497 -0.080165304 -0.2213518 -0.10776101 0.062390003 -0.0813706 -0.016693113 0.060083203 0.062632285 -0.039626762 0.00054568227 0.011003027 -0.013098089 0.0 0.0
