120
0.47346476 0.22828926 0.13691373 -0.034928642 0.32989365 -0.22262307 -0.13684583 0.034940798 0.0 0.32189038 -0.028283885 0.13708864 0.00341097 -0.031950578 -0.98219836 0.15285116 -1.0138932 0.07035656 -0.13395238 -0.13691373 0.034928642 0.0 0.0 1.573283423387188
0.4727517 0.22360827 0.13170972 -0.04623281 0.3304689 -0.21348333 -0.13164479 0.046246003 0.0 0.31793553 -0.01938396 0.13244519 0.007994525 -0.013573392 -0.9812873 0.17191695 -1.0086658 0.068933204 -0.13088703 -0.13170972 0.04623281 -0.14073752 0.0 1.5924209718836384
0.47244683 0.21882406 0.14111188 -0.01247603 0.33649737 -0.19507109 -0.14105025 0.012491966 0.0 0.31378037 -0.0018989405 0.12710766 0.01569522 0.033272143 -0.9798925 0.21994483 -0.99748665 0.070980884 -0.12633169 -0.14111188 0.01247603 -0.22142707 0.0 1.6035621553467077
0.4743138 0.21460252 0.115219206 0.08149809 0.3442683 -0.17438224 -0.11516112 -0.08147894 0.0 0.30895925 0.016889026 0.12153538 0.022231977 0.09303964 -0.9773619 0.2804635 -0.9827049 0.07482131 -0.12316285 -0.115219206 -0.08149809 -0.2424639 0.0 1.580617839940357
0.4756423 0.21250051 0.033674538 0.014242854 0.35274494 -0.15322384 -0.03362004 -0.014220897 0.0 0.30517453 0.035371963 0.11779618 0.028618876 0.15381265 -0.97073233 0.341191 -0.96397924 0.08055425 -0.119485475 -0.033674538 -0.014242854 -0.22735037 0.0 1.571940099059384
0.47343183 0.21157745 0.033492118 -0.118256226 0.3601624 -0.12970208 -0.033441123 0.11828042 0.0 0.30137646 0.055704053 0.114739306 0.037736785 0.21056475 -0.9576614 0.3972019 -0.9396941 0.08643758 -0.112332776 -0.033492118 0.118256226 -0.21185924 0.0 1.6016718602987894
0.4695476 0.20927888 0.10598298 -0.08721517 0.36292273 -0.1094807 -0.10593512 0.087240644 0.0 0.29567078 0.07302491 0.11005739 0.046493463 0.25155848 -0.9434446 0.43717188 -0.9169132 0.08868711 -0.10471888 -0.10598298 0.08721517 -0.13561653 0.0 1.625535338590292
0.46742746 0.20544866 0.13163184 -0.016073778 0.36256912 -0.0946142 -0.13158679 0.016099924 0.0 0.28862977 0.08528578 0.10412128 0.0519261 0.28203958 -0.9321192 0.46654806 -0.8987595 0.08834295 -0.09997158 -0.13163184 0.016073778 -0.12986709 0.0 1.6283581131856686
0.4657965 0.20105737 0.13603272 -0.023407282 0.36126482 -0.08011884 -0.13599043 0.023434026 0.0 0.2805409 0.09684045 0.097433425 0.056493197 0.31261876 -0.92008 0.49572623 -0.8797328 0.08743888 -0.09589437 -0.13603272 0.023407282 -0.1422086 0.0 1.6308076291965097
0.46404275 0.19816194 0.073637046 -0.038712382 0.35912576 -0.07404051 -0.073596776 0.03873864 0.0 0.275947 0.101778 0.09341841 0.05888785 0.32216588 -0.9145979 0.50469446 -0.8717078 0.08554436 -0.09362399 -0.073637046 0.038712382 0.010410621 0.0 1.6393490304765688
0.46328872 0.19417304 0.13588145 0.033344325 0.35444635 -0.077148184 -0.13584256 -0.033319425 0.0 0.27272123 0.09935048 0.08984464 0.05796935 0.310544 -0.9173725 0.49342063 -0.8759914 0.08071122 -0.09447225 -0.13588145 -0.033344325 0.044570435 0.0 1.6261338039397635
0.46197256 0.18965861 0.13729694 -0.033139862 0.34900448 -0.08019481 -0.13725935 0.03316343 0.0 0.26896647 0.09707507 0.08570322 0.05744132 0.2970832 -0.91996264 0.48034644 -0.8803289 0.075115204 -0.09490616 -0.13729694 0.033139862 0.025922382 0.0 1.6365303331622842
0.4601929 0.18519154 0.14027886 -0.020301525 0.34294727 -0.084903724 -0.1402424 0.02032358 0.0 0.26575813 0.09362486 0.08188346 0.056932062 0.27757835 -0.92373276 0.46145302 -0.88703996 0.06885621 -0.09522625 -0.14027886 0.020301525 0.07856146 0.0 1.6456381138393423
0.4582239 0.18087377 0.13392605 -0.04067168 0.337002 -0.08900195 -0.13389069 0.040692326 0.0 0.26256195 0.09069006 0.07814556 0.056824856 0.25876 -0.92672914 0.44317636 -0.8928639 0.06278357 -0.0951155 -0.13392605 0.04067168 0.038808428 0.0 1.6616143626051447
0.45792073 0.17627205 0.13265306 0.047808133 0.33258432 -0.08893071 -0.13261914 -0.047788236 0.0 0.25781706 0.09062522 0.07346247 0.05642533 0.25586188 -0.9267992 0.44021645 -0.8925993 0.058376294 -0.095542654 -0.13265306 -0.047808133 -0.034207985 0.0 1.6446555115588966
0.45775896 0.1715075 0.14134526 0.007406156 0.32876396 -0.08630863 -0.14131285 -0.0073867124 0.0 0.25217757 0.09247876 0.068179466 0.056410044 0.26054594 -0.9249131 0.44454405 -0.8888444 0.054636035 -0.09570319 -0.14134526 -0.007406156 -0.03860378 0.0 1.6416506114332035
0.4563902 0.16691662 0.13951592 -0.02491135 0.32402107 -0.08575545 -0.13948481 0.024930038 0.0 0.2473826 0.09300944 0.06339481 0.05688821 0.25604135 -0.92438 0.44002914 -0.88825876 0.049894787 -0.09522888 -0.13951592 0.02491135 0.022837527 0.0 1.6512718994689266
0.45600834 0.16233201 0.13312933 0.03671841 0.31878865 -0.08867547 -0.1330993 -0.036700685 0.0 0.24350254 0.09066299 0.059246983 0.055933487 0.24447103 -0.9267628 0.42872658 -0.89203334 0.044597562 -0.096077226 -0.13312933 -0.03671841 0.031831656 0.0 1.6396225665590505
0.45553407 0.15758064 0.14156903 -0.0030726874 0.3132114 -0.09193442 -0.14154004 0.003089454 0.0 0.23955454 0.088079154 0.05499146 0.05502281 0.23129195 -0.9293136 0.41585502 -0.8962572 0.038963463 -0.096848726 -0.14156903 0.0030726874 0.032570843 0.0 1.6429626594205247
0.45397162 0.15305205 0.13784388 -0.032366868 0.3082035 -0.09212188 -0.13781597 0.032382894 0.0 0.23508754 0.08811192 0.050425865 0.055610947 0.2237644 -0.9292514 0.40842608 -0.8967504 0.033941068 -0.09621169 -0.13784388 0.032366868 -0.0046917484 0.0 1.6554025341357441
0.45284095 0.14851563 0.1384742 0.0011521108 0.30228618 -0.0958445 -0.13844718 -0.0011370779 0.0 0.2315857 0.08535029 0.046505958 0.05532128 0.20666069 -0.9317706 0.39174044 -0.9017416 0.027992658 -0.09626737 -0.1384742 -0.0011521108 0.08378367 0.0 1.6601951208369685
0.4534415 0.14383587 0.12901011 0.057668556 0.29555264 -0.10371662 -0.12898386 -0.057654686 0.0 0.22885656 0.078989945 0.043160718 0.053041875 0.18155044 -0.93733597 0.3672463 -0.9113879 0.021315385 -0.09810257 -0.12901011 -0.057668556 0.07841466 0.0 1.6441406857607164
0.4528016 0.13930048 0.13609274 -0.03459231 0.28983346 -0.10685382 -0.13606738 0.03460536 0.0 0.22511826 0.0765636 0.039152406 0.052627243 0.16681296 -0.9391907 0.35277882 -0.9152543 0.015672183 -0.09827186 -0.13609274 0.03459231 0.010705836 0.0 1.6593613737947361
0.4531135 0.134752 0.12681809 0.060368348 0.28508866 -0.10846686 -0.12679368 -0.060355876 0.0 0.22083806 0.075113684 0.03481208 0.051649086 0.1599566 -0.9404894 0.34598258 -0.91702485 0.010949196 -0.09918998 -0.12681809 -0.060368348 0.010789989 0.0 1.6407732280415124
0.4528837 0.13045138 0.12986305 -0.0223466 0.28042895 -0.109714076 -0.12983955 0.022358503 0.0 0.21679117 0.07407968 0.030687846 0.051236644 0.15251735 -0.9413144 0.33862066 -0.91847134 0.006321204 -0.09952186 -0.12986305 0.0223466 0.010940097 0.0 1.6515071645239332
0.45119596 0.1259452 0.13640024 -0.038817752 0.2751684 -0.110056646 -0.13637762 0.03882907 0.0 0.212511 0.07407351 0.026288502 0.052223362 0.14282264 -0.9409633 0.32904515 -0.91911316 0.0011181558 -0.098403044 -0.13640024 0.038817752 0.023638839 0.0 1.6682142911758826
0.44911033 0.12307625 0.07010033 -0.062432926 0.27300695 -0.10595274 -0.07007869 0.062443987 0.0 0.20875242 0.077626064 0.02272666 0.054159824 0.14787996 -0.9379776 0.33390573 -0.9145113 -0.0011348918 -0.09667945 -0.07010033 0.062432926 -0.06840067 0.0 1.6888598105778645
0.4459134 0.12000464 0.1120313 -0.080494925 0.2729706 -0.09376949 -0.1120109 0.08050626 0.0 0.20239739 0.087474 0.017295709 0.057580598 0.17672722 -0.9296284 0.3618289 -0.899735 -0.0013286481 -0.093994446 -0.1120313 0.080494925 -0.16337585 0.0 1.7144111655297265
0.44244602 0.11737993 0.08847749 -0.093550086 0.27341175 -0.0793158 -0.08845837 0.09356179 0.0 0.19526456 0.09879303 0.011586674 0.061127584 0.21246904 -0.9184878 0.39614692 -0.88082236 -0.00063508993 -0.09109754 -0.08847749 0.093550086 -0.14527418 0.0 1.7427323164095672
0.4390226 0.11407071 0.12767184 -0.061173126 0.27212012 -0.06665813 -0.1276539 0.06118504 0.0 0.18747114 0.10845398 0.005303679 0.06405502 0.24209815 -0.90750474 0.42426562 -0.8631058 -0.0013081821 -0.08851675 -0.12767184 0.061173126 -0.12485331 0.0 1.7626497873761038
0.43851176 0.10975316 0.122987844 0.064004056 0.2694319 -0.06032919 -0.122970894 -0.06399217 0.0 0.18034212 0.11256579 -0.00063323905 0.0635335 0.26087233 -0.9016685 0.4418477 -0.85263616 -0.003350263 -0.0891573 -0.122987844 -0.064004056 -0.06688135 0.0 1.7366433150903648
0.43831077 0.10502254 0.14085394 0.012785602 0.26539364 -0.05881425 -0.14083777 -0.012774032 0.0 0.17463948 0.1132128 -0.0058544306 0.06243681 0.2649508 -0.9001973 0.44544473 -0.8494214 -0.0070982333 -0.09027309 -0.14085394 -0.012785602 -0.01406565 0.0 1.73130162153768
0.43583232 0.10111564 0.12383179 -0.06688218 0.26143813 -0.055280685 -0.123816356 0.06689343 0.0 0.16923425 0.115973614 -0.010824529 0.06367553 0.2680986 -0.8966379 0.44815734 -0.84433985 -0.01077896 -0.08903943 -0.12383179 0.06688218 -0.04381756 0.0 1.7515027245882706
0.43304637 0.09722508 0.13735217 -0.03457239 0.2572904 -0.051912878 -0.13733742 0.034583293 0.0 0.16390446 0.118699625 -0.015788518 0.06515817 0.26976588 -0.89320433 0.44945884 -0.8396629 -0.0146873435 -0.08755282 -0.13735217 0.03457239 -0.01260708 0.0 1.7631610506801614
0.43062565 0.0930651 0.1380491 -0.03205841 0.25282568 -0.049710196 -0.13803497 0.03206895 0.0 0.1587175 0.120504916 -0.020747101 0.066202916 0.26886356 -0.8909416 0.44832817 -0.83663964 -0.018999178 -0.08650205 -0.1380491 0.03205841 -0.017674927 0.0 1.7742486287481185
0.42855301 0.08872848 0.14091817 -0.014876084 0.2483375 -0.047633685 -0.14090465 0.0148862805 0.0 0.15330566 0.12206737 -0.025861323 0.06679132 0.2689443 -0.88876593 0.44811127 -0.8334899 -0.02328393 -0.0859019 -0.14091817 0.014876084 -0.02089142 0.0 1.7795686432654576
0.42788333 0.08758609 -0.024397269 -0.0058686626 0.24707839 -0.047176063 0.02441025 0.0058784657 0.0 0.15194023 0.12246533 -0.027192228 0.06707749 0.26820958 -0.8882956 0.44734204 -0.8329078 -0.024519557 -0.08561409 0.024397269 0.0058686626 0.010287506 0.0 1.7748551682229747
0.43034446 0.08776599 -0.029306343 0.119840264 0.24857882 -0.046359282 0.029318694 -0.11983069 0.0 0.15131968 0.122074984 -0.027103879 0.0644444 0.28025925 -0.8871479 0.4586828 -0.8295173 -0.022516 -0.088201635 0.029306343 -0.119840264 -0.07859389 0.0 1.7088209343135827
0.43221483 0.085714154 0.08995506 0.037045754 0.24804814 -0.04426285 -0.089943364 -0.037036344 0.0 0.14773959 0.122373305 -0.029605675 0.06150534 0.29502347 -0.88433605 0.47236872 -0.8234681 -0.02224073 -0.09103193 -0.08995506 -0.037045754 -0.059086554 0.0 1.6836868826434717
0.43025804 0.08207584 0.12711316 -0.054808635 0.24443597 -0.0409114 -0.12710203 0.0548178 0.0 0.14230342 0.12461302 -0.034362823 0.06180148 0.30063203 -0.8804185 0.47729826 -0.8176069 -0.02532347 -0.09064573 -0.12711316 0.054808635 -0.029233512 0.0 1.6937744248651705
0.426766 0.07877874 0.12485546 -0.066676095 0.24080338 -0.0344989 -0.12484492 0.06668509 0.0 0.13577738 0.12920482 -0.039757755 0.06329834 0.3117435 -0.8728891 0.48727864 -0.8069826 -0.028040761 -0.088966474 -0.12485546 0.066676095 -0.08749893 0.0 1.7056673291306004
0.42284203 0.07639751 0.10015612 -0.09223561 0.2379346 -0.025517674 -0.10014622 0.092244506 0.0 0.12871009 0.13541506 -0.04506203 0.06499133 0.33053118 -0.8617933 0.5043033 -0.79136956 -0.029411437 -0.08691956 -0.10015612 0.09223561 -0.09887089 0.0 1.724117397478341
0.4196908 0.07734355 -0.047269896 -0.10596567 0.23822369 -0.0145356385 0.047279123 0.10597451 0.0 0.12384525 0.1427758 -0.047555488 0.066762395 0.35784936 -0.84737486 0.5292501 -0.7713615 -0.026994344 -0.08456209 0.047269896 0.10596567 -0.12898123 0.0 1.738114378234713
0.41557702 0.07825687 0.07534407 -0.11615346 0.23761177 -0.0018578394 -0.07533552 0.11616228 0.0 0.11764792 0.1512368 -0.050907344 0.06910659 0.3871205 -0.82985485 0.55567575 -0.7477246 -0.024915725 -0.08138028 -0.07534407 0.11615346 -0.1309918 0.0 1.7607440633913454
0.41148528 0.0779227 0.06006242 -0.101639666 0.2353674 0.008623209 -0.060054455 0.10164837 0.0 0.11093809 0.15811108 -0.055120334 0.071043 0.40924272 -0.81460196 0.5753012 -0.7275339 -0.024699563 -0.07861139 -0.06006242 0.101639666 -0.08993025 0.0 1.779190586788682
0.4072989 0.07599433 0.12832147 -0.058613535 0.23137307 0.017014425 -0.12831403 0.05862208 0.0 0.10337843 0.16346109 -0.060534317 0.07241791 0.42502934 -0.8017834 0.5889421 -0.7107402 -0.026517171 -0.07646021 -0.12832147 0.058613535 -0.084774956 0.0 1.785440101637274
0.4053699 0.07604903 -0.035682056 -0.050005015 0.22992487 0.024665192 0.035688996 0.050013404 0.0 0.09819595 0.1677621 -0.06331443 0.07252216 0.44463193 -0.7888665 0.60614234 -0.6936266 -0.02546928 -0.0754292 0.035682056 0.050005015 -0.09823904 0.0 1.7776913932335123
0.4031548 0.07564284 0.10144134 -0.047151905 0.22764942 0.032563787 -0.101434894 0.04716014 0.0 0.092081375 0.17202893 -0.066782005 0.07243638 0.46437824 -0.774835 0.6232416 -0.6752425 -0.024931427 -0.07443224 -0.10144134 0.047151905 -0.097537145 0.0 1.7734018403350829
0.39954185 0.07258119 0.13809596 -0.033242814 0.22288196 0.035629723 -0.13808982 0.033250775 0.0 0.0862975 0.17409952 -0.07183337 0.073347956 0.4655083 -0.7700167 0.62363917 -0.6692651 -0.028909935 -0.0732107 -0.13809596 0.033242814 0.020481508 0.0 1.7678267575684632
0.3992451 0.06903739 0.07214995 0.104020745 0.21996449 0.03245025 -0.072144 -0.10401314 0.0 0.0843441 0.17186436 -0.07448218 0.072212644 0.4569936 -0.77486086 0.6158199 -0.6752091 -0.0325769 -0.07464037 -0.07214995 -0.104020745 0.031512454 0.0 1.6961193321690389
0.39890873 0.064530484 0.13768812 0.026949989 0.2165851 0.025567386 -0.13768224 -0.02694281 0.0 0.08407371 0.16793977 -0.076912716 0.07181682 0.435743 -0.78677744 0.59672946 -0.6906545 -0.038257953 -0.07592508 -0.13768812 -0.026949989 0.11012425 0.0 1.6650719607344775
0.39607275 0.060780875 0.13488524 -0.041834865 0.21249449 0.020808019 -0.13487943 0.04184162 0.0 0.08356057 0.16642806 -0.07976404 0.074333966 0.41140446 -0.79673064 0.5747291 -0.7046365 -0.04479137 -0.074322596 -0.13488524 0.041834865 0.07394488 0.0 1.6628237279044376
0.39196378 0.058382526 0.11040075 -0.08876932 0.20887898 0.018263124 -0.110395014 0.08877567 0.0 0.083432995 0.16689837 -0.08202879 0.07870173 0.38835332 -0.8037611 0.5538151 -0.7155645 -0.05058982 -0.070742086 -0.11040075 0.08876932 0.09045497 0.0 1.6779528081305717
0.3873017 0.057322346 0.07875908 -0.1178587 0.20625369 0.016475003 -0.07875342 0.11786465 0.0 0.0847489 0.16834898 -0.08296909 0.08452222 0.36410698 -0.8099737 0.53182495 -0.72614694 -0.05546038 -0.065694734 -0.07875908 0.1178587 0.09424356 0.0 1.704187397314115
0.38270098 0.056025326 0.10210189 -0.09784679 0.20328258 0.017336942 -0.10209638 0.097852446 0.0 0.083786815 0.1707966 -0.085019834 0.089184314 0.3502457 -0.81111777 0.5190524 -0.7295055 -0.059490394 -0.061381646 -0.10210189 0.09784679 0.014650014 0.0 1.7265695385479836
0.37859407 0.053589307 0.1249166 -0.06660813 0.1993516 0.019473203 -0.12491128 0.06661355 0.0 0.080241784 0.17323257 -0.08876948 0.092044875 0.3442316 -0.8093485 0.5132429 -0.7281608 -0.0636186 -0.058584787 -0.1249166 0.06660813 0.0044442127 0.0 1.741342144269059
0.37618858 0.049644813 0.13986212 0.01579757 0.19485427 0.018934937 -0.139857 -0.015792394 0.0 0.0765342 0.1733028 -0.092891105 0.0929827 0.33548278 -0.8106189 0.5049081 -0.73029876 -0.06851285 -0.05777393 -0.13986212 -0.01579757 0.029454274 0.0 1.728915731541066
0.3732027 0.04607687 0.12587105 -0.06380863 0.19058295 0.017776148 -0.12586606 0.06381354 0.0 0.0741587 0.17357878 -0.096235864 0.09533592 0.3210594 -0.813435 0.49145395 -0.7351922 -0.07370244 -0.05570747 -0.12587105 0.06380863 0.051204592 0.0 1.745351610716701
0.37136638 0.04196517 0.13507691 0.036406446 0.1863969 0.014013325 -0.13507202 -0.036401823 0.0 0.07310406 0.17210756 -0.098817594 0.0972798 0.3002638 -0.8196357 0.47218543 -0.74480796 -0.07930211 -0.054183085 -0.13507691 -0.036406446 0.08799632 0.0 1.7295720153304512
0.36972517 0.03774854 0.13373467 -0.017824154 0.1822589 0.0072052637 -0.13372982 0.01782842 0.0 0.074796356 0.16931894 -0.09973542 0.100799516 0.2657015 -0.8300366 0.44023326 -0.76151717 -0.08574681 -0.051273424 -0.13373467 0.017824154 0.15858817 0.0 1.73733034746199
0.3665632 0.03418131 0.1231308 -0.070342354 0.17800291 0.00013362379 -0.12312594 0.07034622 0.0 0.07860294 0.1673122 -0.09907308 0.10741662 0.22037005 -0.8401888 0.39804608 -0.7802932 -0.09254381 -0.045158703 -0.1231308 0.070342354 0.18596436 0.0 1.7643269209903711
0.3633473 0.031474482 0.10108658 -0.07111685 0.17432217 -0.006021169 -0.10108174 0.07112034 0.0 0.08302502 0.16571657 -0.09731038 0.11438049 0.17648208 -0.8474083 0.35681748 -0.79607224 -0.098080084 -0.03833254 -0.10108658 0.07111685 0.16282268 0.0 1.7947106007365583
0.36025712 0.02840479 0.113643736 -0.0607528 0.17015848 -0.0118158385 -0.11363894 0.06075593 0.0 0.086947024 0.16398196 -0.09558076 0.121088356 0.13318512 -0.8523931 0.3157129 -0.8094995 -0.10345192 -0.03142363 -0.113643736 0.0607528 0.17066185 0.0 1.8266391055252043
0.35712275 0.024745623 0.12354811 -0.06974387 0.16530062 -0.016849045 -0.123543374 0.06974667 0.0 0.08985922 0.16242057 -0.09437026 0.127553 0.09159013 -0.85500425 0.2758196 -0.82013667 -0.10890577 -0.024468642 -0.12354811 0.06974387 0.14752126 0.0 1.8652461048623201
0.35396552 0.021110667 0.11912145 -0.076874815 0.160492 -0.02042335 -0.1191168 0.07687733 0.0 0.091789715 0.1615354 -0.09361213 0.13356388 0.055569377 -0.85524595 0.24097122 -0.82727444 -0.11380794 -0.017809805 -0.11912145 0.076874815 0.12398638 0.0 1.909019814583191
0.3503105 0.01799964 0.09551952 -0.10499156 0.15606833 -0.02344033 -0.09551496 0.104993805 0.0 0.09458817 0.16108385 -0.09177177 0.14043862 0.018336117 -0.853481 0.20469604 -0.8328358 -0.11791582 -0.0100218365 -0.09551952 0.10499156 0.1512303 0.0 1.9632612837076349
0.34635302 0.015722143 0.06795171 -0.11643617 0.15244012 -0.025970118 -0.06794725 0.11643814 0.0 0.098504655 0.16089866 -0.08853999 0.14783914 -0.018889248 -0.8497323 0.1681554 -0.8366728 -0.12077316 -0.0014353804 -0.06795171 0.11643617 0.14115374 0.0 2.02325435802366
0.3438075 0.01205025 0.13392957 -0.039897118 0.1474624 -0.029964125 -0.1339252 0.03989883 0.0 0.10149637 0.15902288 -0.08593373 0.15390368 -0.05863129 -0.84572357 0.12879881 -0.8406043 -0.12446547 0.006129643 -0.13392957 0.039897118 0.16141756 0.0 2.0677474768409456
0.34237233 0.007459331 0.13545483 -0.04137586 0.14196558 -0.032687314 -0.1354506 0.041377388 0.0 0.10136859 0.1575253 -0.08613131 0.15771481 -0.087142 -0.8422847 0.100357905 -0.84247416 -0.12883149 0.011090955 -0.13545483 0.04137586 0.061794892 0.0 2.1145183925620574
0.3418352 0.0027150365 0.14155829 -0.0032154704 0.13693939 -0.03332858 -0.1415542 0.0032169023 0.0 0.09798562 0.15722732 -0.08950567 0.15903524 -0.09914791 -0.84091824 0.088343374 -0.8427262 -0.13346986 0.012785418 -0.14155829 0.0032154704 0.011297729 0.0 2.151154677529955
0.34026107 -0.0016941237 0.121219136 -0.072372496 0.13242652 -0.03220632 -0.12121521 0.07237386 0.0 0.09418386 0.15849355 -0.093299374 0.16100103 -0.106672555 -0.83890957 0.08081068 -0.841417 -0.13780893 0.014916259 -0.121219136 0.072372496 0.012344189 0.0 2.210610384828503
0.34073505 -0.0058652814 0.12146764 0.06476427 0.1284846 -0.031685896 -0.12146388 -0.064762935 0.0 0.08884861 0.15872924 -0.098647945 0.15986592 -0.104710214 -0.8401157 0.08278634 -0.8412524 -0.14208826 0.013459632 -0.12146764 -0.06476427 -0.04843602 0.0 2.224883220864797
0.3432111 -0.009992946 0.11927649 0.07666 0.12477256 -0.032528408 -0.11927289 -0.07665867 0.0 0.082680985 0.157359 -0.10481462 0.15607451 -0.097963974 -0.84390205 0.08953163 -0.8426175 -0.14636083 0.009119499 -0.11927649 -0.07666 -0.043453757 0.0 2.234206337578184
0.34316418 -0.014344647 0.13126582 -0.0456876 0.12056708 -0.031964306 -0.13126236 0.045688894 0.0 0.07761393 0.15773004 -0.109873906 0.15559453 -0.098484464 -0.8443406 0.08900338 -0.8422051 -0.15075266 0.008452457 -0.13126582 0.0456876 -0.0013968754 0.0 2.2888641567555643
0.33998713 -0.017632145 0.077708125 -0.11668449 0.11756239 -0.027496384 -0.077704825 0.11668577 0.0 0.0724654 0.16169976 -0.11498627 0.15744287 -0.092282884 -0.8422994 0.095168784 -0.8380425 -0.15419744 0.009847657 -0.077708125 0.11668449 -0.07004529 0.0 2.363906658458329
0.33855858 -0.021526515 0.13672341 0.013699984 0.114492595 -0.02211129 -0.1367203 -0.013698644 0.0 0.062716186 0.165367 -0.12446672 0.15446697 -0.06633321 -0.84384185 0.12084969 -0.83294183 -0.15842046 0.0055743824 -0.13672341 -0.013699984 -0.16299373 0.0 2.401320477093261
0.33675364 -0.0256804 0.11899993 -0.07341273 0.11121022 -0.014411202 -0.11899701 0.073414184 0.0 0.04912572 0.16991031 -0.13716571 0.14865586 -0.023808679 -0.84489846 0.16248275 -0.823644 -0.16281769 -0.0018892722 -0.11899993 0.07341273 -0.22684261 0.0 2.4664223487919474
0.33523175 -0.027676133 0.033287827 -0.015593487 0.10966564 -0.0062208134 -0.03328511 0.015595056 0.0 0.03607904 0.17381781 -0.1485009 0.14085582 0.027296416 -0.84357053 0.21187636 -0.81060857 -0.16460653 -0.011007503 -0.033287827 0.015593487 -0.22641717 0.0 2.5088276380307697
0.33355907 -0.030903572 0.14105713 -0.028569581 0.106272675 0.0031347 -0.14105465 0.028571285 0.0 0.018904157 0.1769036 -0.16255246 0.12968343 0.08928852 -0.8380852 0.27074513 -0.790865 -0.16679618 -0.022972563 -0.14105713 0.028569581 -0.3168375 0.0 2.5600696936846674
0.33408672 -0.035249807 0.097309045 0.100171916 0.101618096 0.010992571 -0.09730682 -0.10017007 0.0 -0.0014756811 0.17591849 -0.17777635 0.112088084 0.1626525 -0.8281822 0.3389532 -0.7643518 -0.16785705 -0.0403044 -0.097309045 -0.100171916 -0.342142 0.0 2.54909777816568
0.33652773 -0.03941624 0.074415594 0.12138228 0.09727495 0.017292878 -0.07441365 -0.12138029 0.0 -0.022106154 0.17084102 -0.19097528 0.0893581 0.24360034 -0.8112773 0.41246948 -0.7297943 -0.16556121 -0.06122738 -0.074415594 -0.12138228 -0.3824385 0.0 2.513218813075425
0.33818534 -0.043403767 0.087319985 0.09403242 0.09258031 0.023214163 -0.08731831 -0.09403034 0.0 -0.041217692 0.1643771 -0.20132752 0.06680098 0.3190784 -0.787118 0.4791882 -0.68954194 -0.1613371 -0.080585 -0.087319985 -0.09403242 -0.33192012 0.0 2.483678108570351
0.340623 -0.046973694 0.016155072 0.13005371 0.08866365 0.02747745 -0.016153654 -0.13005158 0.0 -0.057453644 0.15584649 -0.20799486 0.04407176 0.38813704 -0.75881475 0.5386782 -0.64704 -0.15472643 -0.09905174 -0.016155072 -0.13005371 -0.3254307 0.0 2.4153446136206838
0.3415684 -0.051178366 0.1140114 0.07842844 0.08333558 0.031809792 -0.11401023 -0.078426264 0.0 -0.0737 0.14656472 -0.21361625 0.021746095 0.45208314 -0.72447395 0.5919994 -0.5996553 -0.1477333 -0.116026536 -0.1140114 -0.07842844 -0.32236788 0.0 2.3670636132107674
0.34103975 -0.05595435 0.108873114 0.09035854 0.07733317 0.034198374 -0.10887212 -0.09035639 0.0 -0.086927086 0.13834938 -0.21830896 0.004576997 0.4951438 -0.69612634 0.62652564 -0.56235397 -0.14348534 -0.12855184 -0.108873114 -0.09035854 -0.17959605 0.0 2.3067021021473586
0.33838385 -0.059459053 0.13808751 -0.017502703 0.07140667 0.036793362 -0.13808665 0.017504813 0.0 -0.097352535 0.13348457 -0.22261256 -0.006036668 0.5215007 -0.67409015 0.64676076 -0.5345689 -0.14190273 -0.13568151 -0.13808751 0.017502703 -0.1516784 0.0 2.296787564952164
0.3339137 -0.05996783 0.09108021 -0.106504254 0.06635897 0.041685905 -0.09107946 0.10650631 0.0 -0.10559619 0.13257198 -0.22603059 -0.011135383 0.5404087 -0.65345216 0.6608431 -0.50974476 -0.14095113 -0.13795552 -0.09108021 0.106504254 -0.106886394 0.0 2.320293947103142
0.3295688 -0.06129205 0.13970374 -0.014400733 0.06043719 0.045852154 -0.13970308 0.014402732 0.0 -0.1149295 0.1299674 -0.2296716 -0.018324535 0.56121874 -0.6302824 0.67596084 -0.4819905 -0.13971415 -0.14173247 -0.13970374 0.014400733 -0.16129185 0.0 2.300824374109718
0.3254262 -0.063740514 0.14112233 -0.012903884 0.053494025 0.048932463 -0.14112179 0.0129058305 0.0 -0.12551416 0.1249911 -0.23339851 -0.028362157 0.58448553 -0.6037453 0.6923698 -0.45039204 -0.13792565 -0.14755441 -0.14112233 0.012903884 -0.1657513 0.0 2.2728106413298805
0.32084483 -0.06498322 0.12679417 -0.06340089 0.047771346 0.051745117 -0.12679371 0.063402764 0.0 -0.13305679 0.12336934 -0.23712933 -0.032595906 0.5946853 -0.5876494 0.6987578 -0.43168417 -0.13874824 -0.14939925 -0.12679417 0.06340089 -0.03993399 0.0 2.269102994950564
0.31651098 -0.06356005 0.05825515 -0.1277707 0.04433633 0.055832505 -0.058254726 0.12777252 0.0 -0.13727947 0.12543525 -0.23960589 -0.031681113 0.5983481 -0.577422 0.7006745 -0.42030567 -0.1399281 -0.14737986 -0.05825515 0.1277707 -0.043628845 0.0 2.2878599939275994
0.31237915 -0.06111867 0.06791601 -0.123952426 0.040764708 0.061119784 -0.06791565 0.12395418 0.0 -0.14245471 0.12638447 -0.24101642 -0.033120517 0.60967684 -0.55878294 0.70823854 -0.39927793 -0.13861582 -0.14641649 -0.06791601 0.123952426 -0.11606728 0.0 2.301692412090273
0.31103072 -0.059669886 -0.022999652 -0.019979794 0.037919942 0.06456983 0.022999939 0.019981487 0.0 -0.14767766 0.12272797 -0.24002168 -0.04045546 0.6302899 -0.5329569 0.72263396 -0.3697735 -0.13333264 -0.14972262 0.022999652 0.019979794 -0.15146858 0.0 2.2522476249412406
0.30905524 -0.060078315 0.114103846 -0.011821955 0.03312689 0.06669307 -0.11410364 0.011823594 0.0 -0.15482709 0.11671442 -0.23997796 -0.05033521 0.6509534 -0.50447315 0.7361043 -0.33742353 -0.12863225 -0.15485312 -0.114103846 0.011821955 -0.16027191 0.0 2.198115203493615
0.30446216 -0.061310623 0.13821837 -0.032667 0.026325349 0.068545915 -0.13821822 0.032668576 0.0 -0.16311343 0.11261156 -0.24295077 -0.057041753 0.6618669 -0.48284093 0.7417043 -0.3131876 -0.12836252 -0.1579942 -0.13821837 0.032667 -0.083865605 0.0 2.153907651278089
0.30075434 -0.06402052 0.12655443 0.061706457 0.02004458 0.068218656 -0.12655433 -0.061704937 0.0 -0.17047879 0.107329674 -0.2458653 -0.06434771 0.6697474 -0.4664091 0.74513394 -0.2947317 -0.12868369 -0.16227795 -0.12655443 -0.061706457 -0.09795713 0.0 2.0448231978361173
0.2967292 -0.065468475 0.12619567 -0.049003307 0.014433433 0.068806864 -0.12619561 0.049004767 0.0 -0.17681873 0.104182504 -0.2488317 -0.06893705 0.6744726 -0.45300627 0.7464856 -0.27988672 -0.12975639 -0.16455573 -0.12619567 0.049003307 -0.055116273 0.0 1.9956004055969374
0.2919805 -0.06482972 0.11653637 -0.0808343 0.009796476 0.07129068 -0.11653632 0.0808357 0.0 -0.18169814 0.105329335 -0.25249997 -0.06828907 0.6734649 -0.4458988 0.7442667 -0.2722804 -0.13275959 -0.16307355 -0.11653637 0.0808343 -0.007512426 0.0 1.9609940032498439
0.28993112 -0.062207136 -0.027355285 -0.110524446 0.008373916 0.07455269 0.02735533 0.110525794 0.0 -0.18335146 0.107266665 -0.25295132 -0.066837065 0.67560184 -0.4380364 0.74520177 -0.26393268 -0.13255854 -0.1607915 0.027355285 0.110524446 -0.03745242 0.0 1.931859658833677
0.28758332 -0.05827813 0.051828194 -0.13124433 0.007005625 0.07913245 -0.05182816 0.13124563 0.0 -0.18498078 0.11027791 -0.25315502 -0.06438898 0.6784017 -0.42798495 0.74657595 -0.25331804 -0.13199817 -0.15735607 -0.051828194 0.13124433 -0.02644173 0.0 1.912931520425847
0.28409073 -0.054982122 0.06677787 -0.124783926 0.003860174 0.08353032 -0.066777855 0.12478517 0.0 -0.18851653 0.11216629 -0.2544043 -0.06337587 0.6818206 -0.41477737 0.7477083 -0.2392352 -0.1320439 -0.15475306 -0.06677787 0.124783926 -0.063242525 0.0 1.88802361543814
0.28033954 -0.05241792 0.08710609 -0.102192685 -0.0005147821 0.087256625 -0.0871061 0.102193885 0.0 -0.19343106 0.11199766 -0.25575665 -0.06484061 0.68738073 -0.39724374 0.7497063 -0.22040549 -0.13157399 -0.15372552 -0.08710609 0.102192685 -0.08026933 0.0 1.8489623729853695
0.2761808 -0.050003234 0.094735555 -0.10523623 -0.006082039 0.09078553 -0.0947356 0.10523738 0.0 -0.19959477 0.11032106 -0.25713435 -0.06813187 0.6946146 -0.3750096 0.7521542 -0.19655666 -0.13060248 -0.15363948 -0.094735555 0.10523623 -0.11040626 0.0 1.804319932862311
0.27254245 -0.04687798 0.06299395 -0.12752013 -0.009425571 0.09479683 -0.062993996 0.12752123 0.0 -0.20310369 0.11261804 -0.25906086 -0.0663374 0.6953681 -0.36477557 0.7513253 -0.18582013 -0.13177681 -0.15072124 -0.06299395 0.12752013 0.017014997 0.0 1.7744922007490544
0.2686393 -0.04414356 0.09773806 -0.10232483 -0.0121089835 0.09859951 -0.0977381 0.10232589 0.0 -0.20574577 0.116864264 -0.26211268 -0.061962526 0.6916302 -0.36258605 0.7479971 -0.18375927 -0.13502227 -0.1466377 -0.09773806 0.10232483 0.0007067738 0.0 1.733147486149661
0.26435643 -0.04195818 0.10315916 -0.097003445 -0.01609727 0.10188438 -0.10315921 0.097004466 0.0 -0.20983157 0.11908398 -0.26521423 -0.060050078 0.6901674 -0.35542426 0.7455501 -0.1762902 -0.13766009 -0.14402507 -0.10315916 0.097003445 -0.03541 0.0 1.6853825280211812
0.26016277 -0.041686498 0.12887965 -0.012064519 -0.021059338 0.103176676 -0.12887971 0.012065498 0.0 -0.21495639 0.11843251 -0.26853982 -0.061247945 0.689756 -0.34702626 0.74333936 -0.16734579 -0.14014994 -0.14393954 -0.12887965 0.012064519 -0.03481641 0.0 1.584331385628698
0.2554641 -0.041231826 0.12096103 -0.07361234 -0.025421778 0.104957685 -0.120961085 0.07361328 0.0 -0.21931732 0.120232575 -0.27291843 -0.05944261 0.6853492 -0.34531522 0.7389503 -0.16564003 -0.14453669 -0.14214684 -0.12096103 0.07361234 0.021211687 0.0 1.521271586256208
0.25070325 -0.040778704 0.13520196 -0.04210618 -0.029279144 0.10691215 -0.135202 0.042107083 0.0 -0.22308962 0.123230904 -0.27765748 -0.056153037 0.6790568 -0.3471817 0.7336247 -0.16779777 -0.14972298 -0.13954741 -0.13520196 0.04210618 0.017805815 0.0 1.4392559716235176
0.24612126 -0.039608013 0.110543884 -0.08761919 -0.03433778 0.109051056 -0.110543944 0.087620065 0.0 -0.22829165 0.123566575 -0.28118882 -0.056317106 0.67819077 -0.33843547 0.731088 -0.15855178 -0.15248425 -0.13851804 -0.110543884 0.08761919 -0.06998206 0.0 1.3715478082078412
0.24317335 -0.039476775 0.07014757 0.00945617 -0.04009467 0.10896274 -0.07014764 -0.009455339 0.0 -0.2343705 0.11822006 -0.2823765 -0.06303025 0.6842918 -0.31906226 0.7322978 -0.13781197 -0.1514929 -0.14171532 -0.07014757 -0.00945617 -0.11357481 0.0 1.228702624315786
0.23896043 -0.03996643 0.13978615 -0.02899109 -0.0475277 0.10820401 -0.13978624 0.028991885 0.0 -0.24199279 0.11168626 -0.28459358 -0.07091008 0.68925357 -0.29811427 0.7318544 -0.11551792 -0.15143038 -0.14567254 -0.13978615 0.02899109 -0.10391672 0.0 1.102996638300307
0.23488134 -0.03809839 0.08594004 -0.10892099 -0.053102773 0.1099942 -0.085940145 0.10892176 0.0 -0.24759902 0.109907836 -0.28684238 -0.0734394 0.6910095 -0.28273737 0.7302529 -0.09939016 -0.15232988 -0.14574602 -0.08594004 0.10892099 -0.04416289 0.0 1.01965450047329
0.23068081 -0.03583383 0.1173574 -0.07938721 -0.057062656 0.11292347 -0.11735751 0.07938794 0.0 -0.25155783 0.11227539 -0.29027155 -0.071184404 0.68818074 -0.27765757 0.72689444 -0.09419776 -0.1555508 -0.14310226 -0.1173574 0.07938721 0.0107897585 0.0 0.9208966367832412
0.22857141 -0.036583543 0.037379075 0.06549275 -0.059434533 0.11254474 -0.037379175 -0.06549204 0.0 -0.25392863 0.1116321 -0.2923928 -0.071880184 0.6863394 -0.27702236 0.72480357 -0.09351007 -0.15757436 -0.14361474 -0.037379075 -0.06549275 -0.011719737 0.0 0.7138816048499876
0.22884522 -0.036328726 -0.04347809 -0.05656211 -0.058278643 0.11317222 0.043477997 0.05656279 0.0 -0.25277418 0.113698415 -0.29259488 -0.0695243 0.6845929 -0.28190133 0.72441363 -0.09867861 -0.15831079 -0.14225425 0.04347809 0.05656211 0.048832104 0.0 0.5798655573807889
0.22759004 -0.035811298 0.08764148 0.0019121174 -0.05962385 0.113825016 -0.08764157 -0.0019114674 0.0 -0.25412005 0.113960885 -0.29357296 -0.06934137 0.68403906 -0.279757 0.72349197 -0.09645474 -0.15914321 -0.1418017 -0.08764148 -0.0019121174 -0.04282555 0.0 0.40061815135066237
0.2230779 -0.035965107 0.13765709 -0.037022687 -0.0637079 0.114824265 -0.13765718 0.037023313 0.0 -0.2582027 0.115569495 -0.29822975 -0.06760825 0.6787182 -0.28108582 0.71874523 -0.09790807 -0.16402768 -0.14048941 -0.13765709 0.037022687 0.04579532 0.0 0.24824425260919236
0.21848404 -0.03471735 0.1157842 -0.08150636 -0.066252954 0.117981225 -0.115784265 0.08150696 0.0 -0.26071733 0.121501274 -0.30335376 -0.061086748 0.670449 -0.28848103 0.7130854 -0.10589299 -0.17020516 -0.1358752 -0.1157842 0.08150636 0.05274402 0.0 0.1176731362998078
0.21466447 -0.03190899 0.074774265 -0.12011 -0.067654595 0.12252693 -0.074774325 0.12011058 0.0 -0.26205215 0.12872195 -0.30719647 -0.053262215 0.66338575 -0.294032 0.7085301 -0.11204782 -0.17508939 -0.12987536 -0.074774265 0.12011 0.044408873 0.0 1.1745537698004682e-07
