120
-0.1230414 0.078540444 0.052580882 -0.13168082 0.12923084 -0.24596475 -0.052580882 0.13168082 0.0 0.55814916 0.32608908 0.42383647 0.45691854 -0.27392069 -0.25941584 -0.139608 -0.3902453 0.074509345 -0.21402375 -0.0576555 0.1300206 0.0 0.0 13.430861313768892
-0.124949075 0.07411806 0.054683957 -0.13084552 0.12700015 -0.24171983 -0.054683957 0.13084552 0.0 0.5568505 0.329634 0.42275122 0.46068227 -0.2761728 -0.25451368 -0.14207354 -0.3855619 0.07217309 -0.20974097 -0.058988683 0.12944564 0.006932418 0.0 13.57632742464926
-0.12749194 0.07007509 0.021484887 -0.13976191 0.12700327 -0.23647875 -0.021484887 0.13976191 0.0 0.55415255 0.33689722 0.41943637 0.4673112 -0.27610478 -0.25117505 -0.14138862 -0.381589 0.07189241 -0.20480308 -0.025128946 0.13855842 -0.035910435 0.0 13.737320595559904
-0.12764505 0.06583715 0.124990724 -0.057575908 0.12533048 -0.23274398 -0.124990724 0.057575908 0.0 0.5493601 0.3429429 0.4139378 0.47262347 -0.27769184 -0.24962889 -0.14226952 -0.37930945 0.069935456 -0.20140602 -0.1280747 0.05653929 -0.007506305 0.0 13.898965571121948
-0.12753893 0.061135218 0.08646488 -0.11187777 0.12148089 -0.22977005 -0.08646488 0.11187777 0.0 0.546463 0.34521407 0.41125557 0.47511864 -0.28156883 -0.24598771 -0.1463614 -0.37589228 0.066041976 -0.19837245 -0.08908105 0.11100364 0.011837267 0.0 14.054515135568048
-0.12826118 0.05637401 0.08570236 -0.112961985 0.11760128 -0.2264447 -0.08570236 0.112961985 0.0 0.544986 0.34675577 0.4103234 0.47722507 -0.28551278 -0.24097544 -0.15085019 -0.37144473 0.062212884 -0.19484217 -0.08792352 0.11223052 0.014760581 0.0 14.20985701584022
-0.13027038 0.0520974 0.02732528 -0.1389568 0.113504566 -0.22327445 -0.02732528 0.1389568 0.0 0.5471025 0.3452406 0.41386786 0.47716776 -0.28974378 -0.23341697 -0.15650913 -0.36534417 0.058394164 -0.19109292 -0.029215092 0.13835748 0.052183744 0.0 14.34527621006345
-0.13256198 0.047890063 0.04755225 -0.13310991 0.11174453 -0.21888158 -0.04755225 0.13310991 0.0 0.5463365 0.34887397 0.41333282 0.48103407 -0.29152092 -0.22831857 -0.15851732 -0.36047867 0.056631785 -0.18662219 -0.049155384 0.13260484 -0.026812786 0.0 14.52377652685814
-0.13439152 0.043421667 0.058173954 -0.1298268 0.10783847 -0.2154602 -0.058173954 0.1298268 0.0 0.5477623 0.34817407 0.41601017 0.48158187 -0.29549804 -0.22109595 -0.16374594 -0.35450372 0.05298228 -0.182698 -0.05953712 0.12941164 0.071392626 0.0 14.650775078113432
-0.13704863 0.039489437 0.0056167133 -0.14131276 0.10362926 -0.2124555 -0.0056167133 0.14131276 0.0 0.55238456 0.34417292 0.42275214 0.47964132 -0.29974595 -0.2117316 -0.17011353 -0.34719998 0.04925388 -0.17884475 -0.0067778532 0.14097922 0.044041686 0.0 14.7940438017466
-0.14056052 0.03620486 -0.017150484 -0.14080921 0.10094961 -0.20910245 0.017150484 0.14080921 0.0 0.55752945 0.34112602 0.42982516 0.47841358 -0.30237505 -0.20267586 -0.17467079 -0.3399634 0.047018625 -0.17473617 0.016162137 0.14054053 0.052438322 0.0 14.933411894845193
-0.14277624 0.03212131 0.060241953 -0.12757158 0.09614234 -0.20634286 -0.060241953 0.12757158 0.0 0.56241924 0.33569255 0.43717256 0.47522578 -0.30700466 -0.19275646 -0.18175799 -0.3322897 0.04279917 -0.17103228 -0.061083812 0.12735882 0.06943249 0.0 15.05347469369827
-0.14371772 0.027638627 0.07073771 -0.115098655 0.08906865 -0.20452681 -0.07073771 0.115098655 0.0 0.56794983 0.3264057 0.4460155 0.4688426 -0.31364793 -0.18147384 -0.1917136 -0.32391074 0.03654339 -0.16797887 -0.0714555 0.114935204 0.09314356 0.0 15.159412140234675
-0.14360943 0.022873921 0.10345288 -0.09625431 0.08432947 -0.2016365 -0.10345288 0.09625431 0.0 0.5673063 0.32557306 0.44647822 0.4689496 -0.3181966 -0.17546676 -0.19736853 -0.31884328 0.032066368 -0.16468796 -0.1040625 0.096120544 -0.016949251 0.0 15.325598540287427
-0.1431283 0.018080289 0.10062087 -0.10000917 0.080783516 -0.19831723 -0.10062087 0.10000917 0.0 0.5639968 0.3286756 0.44323304 0.47210634 -0.32173076 -0.17196693 -0.20096704 -0.31539765 0.028518056 -0.1613494 -0.101137765 0.09989607 0.011686288 0.0 15.485695633251568
-0.14228402 0.013345158 0.11231302 -0.08665207 0.07507287 -0.19602245 -0.11231302 0.08665207 0.0 0.56368846 0.3259654 0.44440845 0.47063237 -0.32714865 -0.1655277 -0.20786865 -0.31019467 0.023174858 -0.1585216 -0.112752214 0.08656077 0.052281994 0.0 15.630901338464597
-0.14362027 0.009121881 0.009143366 -0.13919015 0.0710654 -0.19279711 -0.009143366 0.13919015 0.0 0.56602615 0.32317802 0.44852376 0.46929246 -0.33075324 -0.15738718 -0.21325082 -0.3035016 0.01961607 -0.15466724 -0.009516644 0.13911736 0.03564907 0.0 15.784898729270322
-0.14688385 0.00600372 -0.033379063 -0.12998343 0.07156507 -0.18835601 0.033379063 0.12998343 0.0 0.5667709 0.32738394 0.4493379 0.47355416 -0.3302367 -0.15275519 -0.2128037 -0.29892543 0.02012226 -0.15020396 0.03306256 0.12992191 -0.022374148 0.0 15.99128721245878
-0.15031163 0.002626226 -0.0072649526 -0.14204818 0.07061219 -0.18416212 0.0072649526 0.14204818 0.0 0.570036 0.32749438 0.45380712 0.47462392 -0.33088374 -0.14526339 -0.21465486 -0.2923929 0.019474534 -0.1455908 0.0069961967 0.14199828 0.06080524 0.0 16.137183427159894
-0.15239951 -0.0016275452 0.04652889 -0.13375837 0.06572436 -0.18099003 -0.04652889 0.13375837 0.0 0.5760702 0.31977302 0.4630425 0.4693758 -0.33483893 -0.1334386 -0.22181123 -0.2830414 0.015422343 -0.14132582 -0.046757605 0.13372101 0.086309105 0.0 16.25214249146938
-0.15330066 -0.0063330615 0.06900786 -0.123556614 0.060845498 -0.17766215 -0.06900786 0.123556614 0.0 0.5789333 0.3150868 0.46825075 0.46643284 -0.3389281 -0.123874106 -0.22824556 -0.27522013 0.011160603 -0.1372199 -0.06920224 0.123528 0.033696193 0.0 16.39564973007743
-0.15385985 -0.011108848 0.069785014 -0.12318513 0.058041774 -0.17362347 -0.069785014 0.12318513 0.0 0.5773656 0.31782264 0.46706355 0.4694462 -0.34159547 -0.11883147 -0.23129341 -0.27045503 0.008452575 -0.13305743 -0.069949865 0.12316131 -0.009919333 0.0 16.567445564416694
-0.15606757 -0.015178384 -0.011033176 -0.14042754 0.05794301 -0.16885974 0.011033176 0.14042754 0.0 0.57578105 0.32415172 0.46502182 0.47544163 -0.3418578 -0.11527427 -0.23109858 -0.2665642 0.008226467 -0.12844431 0.01089347 0.14040695 -0.014346264 0.0 16.763156888909535
-0.15829365 -0.019375838 0.03816188 -0.13614717 0.058402624 -0.16375476 -0.03816188 0.13614717 0.0 0.57279134 0.3328545 0.46098018 0.48336866 -0.341762 -0.11295758 -0.22995085 -0.26347175 0.008401226 -0.123687565 -0.0382802 0.1361289 -0.034945697 0.0 16.97083764623749
-0.16150166 -0.022185989 -0.06648864 -0.11620489 0.0589998 -0.15969792 0.06648864 0.11620489 0.0 0.5743279 0.33593652 0.46280187 0.48666212 -0.34106794 -0.10814315 -0.22954196 -0.25886875 0.009070677 -0.119536676 0.066388294 0.11618961 0.03388255 0.0 17.181620782292367
-0.16287132 -0.02337569 0.024594467 -0.01179464 0.056204848 -0.15908948 -0.024594467 0.01179464 0.0 0.5813972 0.32608008 0.47292528 0.47901827 -0.34274507 -0.09949873 -0.23427312 -0.2524369 0.0070904493 -0.117932566 -0.024679784 0.011783409 0.100513436 0.0 17.380990262294606
-0.16436882 -0.022334782 -0.1094093 0.011272949 0.052690648 -0.16091911 0.1094093 -0.011272949 0.0 0.59377277 0.3064637 0.49046212 0.46293467 -0.34404975 -0.08805527 -0.24073915 -0.24452625 0.0049736286 -0.11814724 0.1093367 -0.011280043 0.13371618 0.0 17.597844860858277
-0.16809882 -0.019410303 -0.1412239 0.015266683 0.051421613 -0.16331378 0.1412239 -0.015266683 0.0 0.6093868 0.28377834 0.5119222 0.44395605 -0.34235892 -0.07585528 -0.2448943 -0.236033 0.0053136256 -0.11880988 0.14116216 -0.015270411 0.1326843 0.0 17.815192453443835
-0.17253545 -0.017950939 -0.1305343 -0.053305577 0.051506847 -0.16372591 0.1305343 0.053305577 0.0 0.6215042 0.26792157 0.52846175 0.43070778 -0.33973145 -0.06551854 -0.246689 -0.22830477 0.006632737 -0.11797633 0.1304819 0.053303856 0.07382829 0.0 18.019308012843
-0.1772894 -0.017208124 -0.13371699 -0.046875577 0.05368267 -0.16279528 0.13371699 0.046875577 0.0 0.62978816 0.26066548 0.5390807 0.42476425 -0.33611277 -0.059008908 -0.2454053 -0.22310768 0.009465064 -0.11640935 0.13367254 0.04687476 0.03567366 0.0 18.241298247735273
-0.18141444 -0.01875325 -0.053129952 -0.12814596 0.05781427 -0.15899172 0.053129952 0.12814596 0.0 0.6305268 0.26904672 0.53851444 0.4324174 -0.3327959 -0.058315016 -0.24078356 -0.22168571 0.013227029 -0.112959675 0.05309228 0.12814498 -0.07457795 0.0 18.460654387778153
-0.18377306 -0.021089692 -0.00897668 -0.078360744 0.06349312 -0.15391609 0.00897668 0.078360744 0.0 0.6227515 0.29155734 0.5257514 0.4520168 -0.33003232 -0.065316916 -0.23303226 -0.22577637 0.017508192 -0.10927912 0.00894478 0.07835893 -0.1340082 0.0 18.743879542641373
-0.18518434 -0.025203388 0.04908883 -0.13421969 0.06528164 -0.14850397 -0.04908883 0.13421969 0.0 0.616354 0.30705696 0.5164546 0.46572757 -0.3297886 -0.0670693 -0.22988917 -0.2257399 0.018492313 -0.10470994 -0.04911584 0.13421766 -0.022811007 0.0 18.962761079603364
-0.18511985 -0.02997329 0.08958778 -0.11014862 0.06054424 -0.14541207 -0.08958778 0.11014862 0.0 0.6182861 0.30195868 0.52074146 0.4620877 -0.3332799 -0.05815027 -0.2357353 -0.21827927 0.014406109 -0.10093168 -0.0896107 0.110147245 0.10162687 0.0 19.120988689058898
-0.18600982 -0.03458102 0.02061642 -0.13991144 0.054555494 -0.14275397 -0.02061642 0.13991144 0.0 0.625753 0.2873041 0.5331644 0.45034885 -0.33640772 -0.04345717 -0.24381909 -0.20650193 0.009802273 -0.09687976 -0.020635882 0.13991088 0.11311412 0.0 19.26545259213476
-0.18585673 -0.039191402 0.09503606 -0.10397329 0.047420688 -0.14050476 -0.09503606 0.10397329 0.0 0.6328369 0.26998812 0.54581577 0.43607116 -0.33996043 -0.028041564 -0.25293928 -0.1941246 0.0042440277 -0.09314315 -0.09505256 0.10397337 0.12641972 0.0 19.401031443544788
-0.18392606 -0.04357473 0.11482494 -0.08316023 0.03828304 -0.139116 -0.11482494 0.08316023 0.0 0.6392539 0.24824752 0.55877227 0.41759613 -0.34442028 -0.011639527 -0.2639386 -0.18098813 -0.003015336 -0.090107486 -0.11483893 0.08316085 0.14833805 0.0 19.524372358640235
-0.18336426 -0.048170354 0.044638425 -0.13348657 0.03149602 -0.13627411 -0.044638425 0.13348657 0.0 0.6444523 0.23183067 0.56938314 0.40364707 -0.34697095 0.0032781984 -0.2719018 -0.16853818 -0.008227376 -0.08598017 -0.044650257 0.13348746 0.08847827 0.0 19.656664943361328
-0.18252116 -0.052254587 0.09022296 -0.08816216 0.02595317 -0.13351683 -0.09022296 0.08816216 0.0 0.6474029 0.22006032 0.57639813 0.39359584 -0.34912467 0.014903893 -0.27811992 -0.15863162 -0.01257594 -0.082301915 -0.090232976 0.08816316 0.08298977 0.0 19.789132251436477
-0.1806094 -0.056676324 0.09943822 -0.10115008 0.019981114 -0.13056043 -0.09943822 0.10115008 0.0 0.6481709 0.21089841 0.5805449 0.3857783 -0.35214785 0.025106296 -0.28452185 -0.14977358 -0.017547846 -0.0786079 -0.09944669 0.101151094 0.058958754 0.0 19.918952523011104
-0.18097112 -0.06115368 5.3773867e-05 -0.13984428 0.017471446 -0.12643038 -5.3773867e-05 0.13984428 0.0 0.64896137 0.20888585 0.5830441 0.38441694 -0.3531217 0.032858104 -0.2872044 -0.14267299 -0.019549329 -0.07411429 -6.0943647e-05 0.1398452 0.016504463 0.0 20.066194044318554
-0.18244772 -0.06574003 0.009214562 -0.1416312 0.0162111 -0.1217593 -0.009214562 0.1416312 0.0 0.6505174 0.2081983 0.58608866 0.3842812 -0.3530201 0.040661156 -0.28859136 -0.13542174 -0.020365627 -0.06913162 -0.009220634 0.14163205 0.036674395 0.0 20.200587134967538
-0.18333948 -0.07002645 0.024944933 -0.12671387 0.015054626 -0.117495395 -0.024944933 0.12671387 0.0 0.65081835 0.2096453 0.58717126 0.38601226 -0.35345247 0.046561304 -0.28980544 -0.12980565 -0.021288484 -0.06470595 -0.024950078 0.12671462 0.0013146922 0.0 20.344783500361387
-0.18189315 -0.074301496 0.11373533 -0.0818303 0.0126428865 -0.11392147 -0.11373533 0.0818303 0.0 0.6472546 0.21544835 0.58298904 0.39159086 -0.35643768 0.048840985 -0.2921721 -0.12730153 -0.02388542 -0.061259873 -0.1137397 0.08183091 -0.022144021 0.0 20.495767125558224
-0.18070048 -0.07881394 0.058827095 -0.12808965 0.0110698 -0.109986536 -0.058827095 0.12808965 0.0 0.6423757 0.22567602 0.5763622 0.4011709 -0.35961065 0.049098648 -0.2935971 -0.12639625 -0.025980372 -0.057690673 -0.058830798 0.12809013 -0.048040792 0.0 20.66645724880448
-0.18004835 -0.08341747 0.07018674 -0.11772198 0.00844531 -0.10593945 -0.07018674 0.11772198 0.0 0.64099336 0.22737649 0.5756319 0.4031153 -0.36164182 0.054521136 -0.2962804 -0.12121769 -0.028410526 -0.05350634 -0.07018988 0.1177224 0.052201156 0.0 20.79940318998088
-0.17858574 -0.08798016 0.09427603 -0.10562113 0.0046929345 -0.1022122 -0.09427603 0.10562113 0.0 0.63980186 0.22619782 0.5758026 0.40243727 -0.36414117 0.061108056 -0.30014193 -0.11513141 -0.031756062 -0.049495388 -0.09427869 0.10562151 0.009783 0.0 20.949765298507778
-0.17571254 -0.09172788 0.12910263 -0.0574963 0.00061755115 -0.09967089 -0.12910263 0.0574963 0.0 0.636041 0.22813027 0.57221067 0.404431 -0.36805984 0.0640028 -0.30422956 -0.11229792 -0.035780985 -0.046919156 -0.12910488 0.057496626 -0.0011177515 0.0 21.123833267448827
-0.171844 -0.094557025 0.1383845 -0.030326344 -0.004488255 -0.098305926 -0.1383845 0.030326344 0.0 0.6326112 0.22622576 0.56968766 0.40285215 -0.37231973 0.06726006 -0.3093962 -0.109366335 -0.040615313 -0.045367844 -0.13838641 0.030326627 0.031297494 0.0 21.299060194491883
-0.16825089 -0.097046524 0.12271196 -0.03912287 -0.009994669 -0.097042754 -0.12271196 0.03912287 0.0 0.63134736 0.21902202 0.5707688 0.39646634 -0.37560093 0.07338067 -0.31502238 -0.10406365 -0.045417447 -0.0436308 -0.12271357 0.03912313 0.05806036 0.0 21.46361411295542
-0.1661722 -0.10110592 0.07005094 -0.12222333 -0.015598205 -0.093514465 -0.07005094 0.12222333 0.0 0.6333877 0.20654191 0.57723 0.3854345 -0.3768639 0.08592687 -0.32070622 -0.092965744 -0.049685027 -0.039240133 -0.0700523 0.122223586 0.10668927 0.0 21.576471117496556
-0.16416857 -0.10431153 0.09878364 -0.04899145 -0.021186003 -0.09046275 -0.09878364 0.04899145 0.0 0.6364867 0.19004242 0.5857064 0.3705351 -0.3769213 0.09970689 -0.326141 -0.0807858 -0.053633787 -0.03519287 -0.09878479 0.0489917 0.110108614 0.0 21.691812737781188
-0.16103351 -0.10785222 0.11275202 -0.08632539 -0.027427718 -0.0872233 -0.11275202 0.08632539 0.0 0.63727933 0.17617956 0.59118384 0.35792515 -0.37812594 0.11208263 -0.33203045 -0.06966295 -0.058435313 -0.031132743 -0.11275299 0.08632563 0.07977487 0.0 21.79817902578711
-0.15795545 -0.11154968 0.114411175 -0.08356006 -0.032700554 -0.08387088 -0.114411175 0.08356006 0.0 0.63623804 0.16859241 0.5931302 0.35106972 -0.38008207 0.12116123 -0.33697423 -0.06131607 -0.062783875 -0.0272792 -0.114411995 0.08356027 0.043656442 0.0 21.91094131939314
-0.15654612 -0.115950555 0.042554583 -0.1343765 -0.036200315 -0.07941243 -0.042554583 0.1343765 0.0 0.6362104 0.16365203 0.5956639 0.3467155 -0.38067457 0.1304675 -0.34012806 -0.05259596 -0.065487675 -0.022404738 -0.042555276 0.13437669 0.05171866 0.0 22.015032282701743
-0.15533312 -0.1205723 0.074764006 -0.12018432 -0.039120857 -0.07478151 -0.074764006 0.12018432 0.0 0.63564605 0.16166323 0.5969005 0.34511632 -0.38151592 0.13847354 -0.3427704 -0.044979542 -0.06784659 -0.017488746 -0.07476459 0.12018449 0.022300815 0.0 22.11895077294247
-0.15260874 -0.12426545 0.11598282 -0.07436874 -0.043248497 -0.07131184 -0.11598282 0.07436874 0.0 0.6337967 0.15852799 0.5968457 0.34235093 -0.38354334 0.14527881 -0.3465923 -0.038544122 -0.071413025 -0.013741108 -0.115983315 0.07436888 0.043328814 0.0 22.21101810774599
-0.15020034 -0.1283538 0.07534437 -0.12025699 -0.0480443 -0.06663353 -0.07534437 0.12025699 0.0 0.63437206 0.14673099 0.60188675 0.33139542 -0.38299024 0.15814036 -0.35050493 -0.026524074 -0.07480539 -0.008397151 -0.07534478 0.120257124 0.11329763 0.0 22.259960360379637
-0.14748886 -0.13224791 0.10986964 -0.088724814 -0.05222031 -0.06258407 -0.10986964 0.088724814 0.0 0.6329537 0.14175169 0.6029094 0.32682896 -0.3841693 0.16659263 -0.354125 -0.018484628 -0.07821016 -0.0039994284 -0.10986999 0.08872493 0.0027213658 0.0 22.336242654581657
-0.14414534 -0.13571338 0.11481692 -0.08326419 -0.056382872 -0.059409305 -0.11481692 0.08326419 0.0 0.6298352 0.1413923 0.6007452 0.32662195 -0.38714626 0.17147525 -0.35805625 -0.013754403 -0.08207043 -0.0006914823 -0.11481722 0.08326429 0.027350377 0.0 22.401798898006493
-0.14013231 -0.13827106 0.13491406 -0.042772017 -0.061504927 -0.056690775 -0.13491406 0.042772017 0.0 0.6273276 0.13495006 0.6007082 0.32055083 -0.38916272 0.17858027 -0.36254323 -0.007020521 -0.086407885 0.0023640941 -0.13491431 0.042772107 0.061446775 0.0 22.45062496120666
-0.13558823 -0.13980001 0.140691 -0.0163816 -0.066321 -0.055702455 -0.140691 0.0163816 0.0 0.6228574 0.13469094 0.596574 0.32033962 -0.3935523 0.18016142 -0.3672689 -0.00548726 -0.091117 0.003397405 -0.1406912 0.016381677 -0.029803846 0.0 22.543759784782296
-0.13205013 -0.14272882 0.09838363 -0.10113527 -0.070586026 -0.052832402 -0.09838363 0.10113527 0.0 0.6198377 0.13299435 0.5947839 0.31881297 -0.3962487 0.18519263 -0.3711949 -0.0006259868 -0.094990246 0.006430319 -0.09838381 0.101135336 0.056155674 0.0 22.591835911647014
-0.12959796 -0.14685534 0.08041224 -0.11660533 -0.07411963 -0.04823265 -0.08041224 0.11660533 0.0 0.61836815 0.12974823 0.59542435 0.31583914 -0.39706057 0.19347219 -0.37411678 0.0073812744 -0.09784985 0.011303162 -0.08041239 0.11660538 0.028036457 0.0 22.641915420267996
-0.12769257 -0.1512688 0.06600068 -0.1253952 -0.07680665 -0.043638177 -0.06600068 0.1253952 0.0 0.6167076 0.13029984 0.5948499 0.31652144 -0.39833206 0.19994652 -0.37647426 0.013724923 -0.10018916 0.01603506 -0.066000804 0.12539524 0.013533811 0.0 22.691931102062703
-0.12505534 -0.15523277 0.10293778 -0.0972929 -0.080287434 -0.039200936 -0.10293778 0.0972929 0.0 0.6149458 0.12773389 0.59496725 0.31416646 -0.39933982 0.20761408 -0.37936127 0.021181505 -0.10306693 0.020705089 -0.102937885 0.097292945 0.04986208 0.0 22.71235665032675
-0.12179325 -0.1587751 0.10703854 -0.093056865 -0.08448059 -0.03466335 -0.10703854 0.093056865 0.0 0.61336386 0.12099545 0.5964058 0.307727 -0.39949584 0.21728402 -0.38253778 0.030552464 -0.10628737 0.025603572 -0.10703863 0.0930569 0.06197859 0.0 22.710619644245007
-0.11950482 -0.1628923 0.05998952 -0.12729298 -0.08758443 -0.029457578 -0.05998952 0.12729298 0.0 0.6125197 0.11570012 0.59836876 0.30266535 -0.39877918 0.22719376 -0.38462827 0.040228512 -0.108483374 0.031130143 -0.059989594 0.127293 0.045874324 0.0 22.702974626039257
-0.1176178 -0.16730838 0.06773697 -0.124170996 -0.089831464 -0.025081785 -0.06773697 0.124170996 0.0 0.6104575 0.11918154 0.5965454 0.3061647 -0.40069816 0.23196682 -0.38678604 0.044983666 -0.110653006 0.035532583 -0.06773703 0.124171026 -0.025329234 0.0 22.709581075244277
-0.11487608 -0.1712111 0.10136388 -0.09872167 -0.09264676 -0.02227862 -0.10136388 0.09872167 0.0 0.60623324 0.12866274 0.5905369 0.31550458 -0.40595296 0.23179092 -0.39025664 0.044949062 -0.114045955 0.038134236 -0.101363935 0.09872169 -0.04205094 0.0 22.72168823039938
-0.11258513 -0.17539102 0.06470927 -0.12608175 -0.09518262 -0.018802853 -0.06470927 0.12608175 0.0 0.60289896 0.13578887 0.5862264 0.32254615 -0.40981233 0.23362583 -0.39313978 0.04686856 -0.11689725 0.041497342 -0.06470932 0.12608176 -0.0064995363 0.0 22.730239348890848
-0.109421 -0.17879751 0.12161731 -0.07126925 -0.09861254 -0.015844917 -0.12161731 0.07126925 0.0 0.59922725 0.1398346 0.58226365 0.32656565 -0.41363528 0.2360931 -0.39667168 0.049362045 -0.12042112 0.044421364 -0.121617354 0.07126927 -0.0054388996 0.0 22.731467157449146
-0.10534031 -0.1813455 0.12851423 -0.059861653 -0.10293858 -0.013437048 -0.12851423 0.059861653 0.0 0.59526163 0.140618 0.57873267 0.32738802 -0.41737413 0.23923342 -0.40084514 0.052463397 -0.12460684 0.046879824 -0.12851426 0.059861667 0.016429368 0.0 22.723533716046614
-0.10246537 -0.18498158 0.07300098 -0.12049277 -0.10615059 -0.009771821 -0.07300098 0.12049277 0.0 0.5924776 0.14233065 0.57647085 0.32914615 -0.41987854 0.24377674 -0.40387177 0.056961227 -0.12765014 0.05060539 -0.07300101 0.12049278 0.0026371432 0.0 22.720098533178575
-0.10036488 -0.18745476 0.069291785 -0.03903982 -0.10852206 -0.0064348723 -0.069291785 0.03903982 0.0 0.5915483 0.13888532 0.577354 0.32584727 -0.41977638 0.2501442 -0.40558207 0.06318227 -0.12943508 0.054148 -0.06929181 0.03903983 0.05811746 0.0 22.719012459777
-0.097447835 -0.18932489 0.103329696 -0.056255434 -0.111626506 -0.003294904 -0.103329696 0.056255434 0.0 0.590329 0.13262787 0.57864213 0.3197633 -0.41941345 0.25743344 -0.40772662 0.07029803 -0.13172553 0.05756286 -0.10332971 0.056255445 0.041337546 0.0 22.686230700941607
-0.09418091 -0.19191957 0.09595732 -0.08016212 -0.11505097 0.00056963594 -0.09595732 0.08016212 0.0 0.58859324 0.12746055 0.5793122 0.3147307 -0.41946197 0.26523176 -0.41018093 0.077961594 -0.13436629 0.061680663 -0.09595733 0.08016213 0.04888317 0.0 22.6284277995756
-0.090240985 -0.19467069 0.12337563 -0.0704192 -0.11895933 0.0069670426 -0.12337563 0.0704192 0.0 0.58841515 0.111072116 0.58518565 0.2985443 -0.41466603 0.28132015 -0.4114365 0.09384798 -0.13629137 0.06866987 -0.12337565 0.07041921 0.15985408 0.0 22.472667070191328
-0.08625516 -0.1973501 0.11400122 -0.08382972 -0.122662015 0.013132793 -0.11400122 0.08382972 0.0 0.58742905 0.0967225 0.5896264 0.2842096 -0.41030493 0.2959289 -0.41250232 0.10844177 -0.13820109 0.07531138 -0.11400124 0.08382972 0.06548644 0.0 22.321145771101868
-0.08294585 -0.20080377 0.083395 -0.11476008 -0.12549885 0.01962015 -0.083395 0.11476008 0.0 0.5863819 0.0862707 0.5930449 0.2736523 -0.40632352 0.3091881 -0.4129865 0.12180652 -0.13955234 0.08215125 -0.08339501 0.11476008 0.09640502 0.0 22.13074642375214
-0.07889344 -0.20296568 0.13398261 -0.042765636 -0.12909347 0.024052806 -0.13398261 0.042765636 0.0 0.5837879 0.0789769 0.59353423 0.26622343 -0.40511388 0.31820384 -0.4148602 0.13095732 -0.1421158 0.08680675 -0.13398261 0.04276564 0.03522889 0.0 21.942253967170295
-0.07528601 -0.20579475 0.08247814 -0.11336757 -0.1326784 0.0264237 -0.08247814 0.11336757 0.0 0.57992876 0.08479763 0.58876866 0.27208912 -0.41011932 0.3192353 -0.41895923 0.1319438 -0.14600433 0.08911388 -0.08247815 0.11336758 -0.055486172 0.0 21.791107734623747
-0.07235364 -0.20961785 0.08068428 -0.116704576 -0.13571098 0.029087279 -0.08068428 0.116704576 0.0 0.5763068 0.09425766 0.58335936 0.28162497 -0.415933 0.31923842 -0.42298555 0.13187112 -0.14963444 0.09164746 -0.08068429 0.11670458 -0.022961577 0.0 21.63632889514961
-0.06854908 -0.21238233 0.12442581 -0.066790506 -0.13966449 0.030857855 -0.12442581 0.066790506 0.0 0.57179964 0.101817854 0.5773278 0.28923634 -0.42223746 0.31872 -0.42776564 0.13130152 -0.15409636 0.09330271 -0.12442582 0.06679051 -0.03401831 0.0 21.492606427645633
-0.06434211 -0.21472752 0.12009391 -0.07554979 -0.1438354 0.03317508 -0.12009391 0.07554979 0.0 0.5675538 0.10488192 0.5728853 0.2923061 -0.4267104 0.32074043 -0.43204182 0.13331623 -0.15833281 0.095604755 -0.12009392 0.07554979 0.014475413 0.0 21.334949002826963
-0.06025787 -0.21729498 0.1153176 -0.082988754 -0.14713475 0.03866878 -0.1153176 0.082988754 0.0 0.5654919 0.09680473 0.57439435 0.28409326 -0.42447785 0.331573 -0.4333803 0.14428449 -0.16043973 0.10136341 -0.1153176 0.082988754 0.102645434 0.0 21.121034802614986
-0.056771606 -0.22057319 0.08462655 -0.11385556 -0.14900541 0.047001924 -0.08462655 0.11385556 0.0 0.5651401 0.081825346 0.5801565 0.26872307 -0.4166313 0.34881058 -0.43164772 0.16191287 -0.16025506 0.11009776 -0.084626555 0.11385556 0.12482155 0.0 20.85824729780363
-0.054707 -0.22484636 0.025379801 -0.13963036 -0.14832862 0.05796723 -0.025379801 0.13963036 0.0 0.56665653 0.06153416 0.58983 0.24759664 -0.4025032 0.3711882 -0.4256766 0.18512572 -0.15680888 0.12149458 -0.025379803 0.13963036 0.1759291 0.0 20.53357026604231
-0.052635085 -0.22865951 0.057847474 -0.115474686 -0.14746745 0.067618534 -0.057847474 0.115474686 0.0 0.5671433 0.044210225 0.5973194 0.22926603 -0.3896449 0.39020523 -0.419821 0.20514941 -0.15354513 0.13142058 -0.057847477 0.115474686 0.1088616 0.0 20.17247959375755
-0.0501924 -0.23278867 0.04244728 -0.1349945 -0.14790367 0.07473807 -0.04244728 0.1349945 0.0 0.56617564 0.03858204 0.5996491 0.22306992 -0.38428634 0.4015948 -0.41775978 0.21710691 -0.15284191 0.1386384 -0.04244728 0.1349945 0.031748638 0.0 19.803173005581698
-0.046417616 -0.23488441 0.1289438 -0.050031975 -0.14914839 0.081434846 -0.1289438 0.050031975 0.0 0.56372935 0.026463768 0.60205543 0.21000494 -0.37683088 0.41441047 -0.41515693 0.2308693 -0.15240009 0.14544317 -0.1289438 0.050031975 0.13808146 0.0 19.337838204882146
-0.041697413 -0.23446044 0.1414957 -4.46936e-05 -0.15192945 0.085501276 -0.1414957 4.46936e-05 0.0 0.55949557 0.014150328 0.6020324 0.19676156 -0.37189412 0.42362496 -0.41443104 0.24101374 -0.15370826 0.14956746 -0.1414957 4.4694654e-05 0.047118653 0.0 18.88302999445461
-0.036991157 -0.23475523 0.12625067 -0.06372954 -0.15500587 0.08940104 -0.12625067 0.06372954 0.0 0.55515814 0.006433775 0.60067356 0.18832551 -0.36941567 0.43107414 -0.41493106 0.24918243 -0.1557375 0.15348773 -0.12625067 0.06372954 0.064395584 0.0 18.378449063038776
-0.032906756 -0.23710097 0.082323544 -0.11497001 -0.15663606 0.095617265 -0.082323544 0.11497001 0.0 0.55185026 -0.00063054374 0.6007629 0.1803772 -0.36461177 0.4412445 -0.41352442 0.26023674 -0.15616779 0.15970643 -0.082323544 0.11497001 0.0663831 0.0 17.852748739576487
-0.030673262 -0.24084355 0.0054196753 -0.13245405 -0.15645052 0.10193972 -0.0054196753 0.13245405 0.0 0.55066824 -0.003888299 0.6020262 0.17644086 -0.3597293 0.45035017 -0.4110873 0.270021 -0.15511487 0.16601667 -0.0054196757 0.13245405 0.035356056 0.0 17.38216745534382
-0.027732663 -0.24252874 0.11552594 -0.033364076 -0.15808442 0.10547238 -0.11552594 0.033364076 0.0 0.5482781 -0.0052908394 0.6008941 0.1746753 -0.3589253 0.4552938 -0.41154128 0.27532768 -0.15630136 0.16953844 -0.11552594 0.033364076 0.020808015 0.0 16.83931252813749
-0.022962557 -0.2429682 0.12835003 -0.060973853 -0.16068922 0.1099861 -0.12835003 0.060973853 0.0 0.54368395 -0.012794083 0.599358 0.16624962 -0.35554168 0.46317813 -0.41121578 0.28413445 -0.15781504 0.17401248 -0.12835003 0.060973853 0.08661512 0.0 16.23043257492185
-0.018187553 -0.24281263 0.13872087 -0.02839542 -0.16208754 0.1158786 -0.13872087 0.02839542 0.0 0.5385377 -0.026742574 0.59924537 0.15065761 -0.34688893 0.474432 -0.40759662 0.29703182 -0.15740654 0.17979829 -0.13872088 0.02839542 0.11170985 0.0 15.603388459410734
-0.013513129 -0.24171774 0.14126885 -0.010804375 -0.1630155 0.12169025 -0.14126885 0.010804375 0.0 0.53263235 -0.04350845 0.59904385 0.13183624 -0.3361278 0.48603106 -0.4025393 0.31068638 -0.15627034 0.18542519 -0.14126885 0.010804376 0.11975564 0.0 14.956770011821575
-0.009013135 -0.24242383 0.09879309 -0.09952728 -0.16413291 0.12768249 -0.09879309 0.09952728 0.0 0.52760804 -0.05317927 0.5979613 0.12062139 -0.3289756 0.49583867 -0.39932886 0.32203802 -0.15595056 0.19124891 -0.09879309 0.09952728 0.05270017 0.0 14.28429561077495
-0.0043459097 -0.242772 0.13445538 -0.042968478 -0.16402054 0.13516094 -0.13445538 0.042968478 0.0 0.52147406 -0.06809672 0.59744114 0.10332456 -0.31680572 0.5084822 -0.39277276 0.33706093 -0.1537757 0.19842769 -0.13445538 0.04296848 0.16001222 0.0 13.583875929361138
7.031702e-05 -0.24409756 0.07977721 -0.11590844 -0.16238265 0.14416632 -0.07977721 0.11590844 0.0 0.5152619 -0.08390036 0.5974163 0.084643126 -0.30148232 0.5227999 -0.3836367 0.3542564 -0.14984246 0.20701839 -0.07977721 0.11590844 0.10870094 0.0 12.87670541526363
0.004677904 -0.24500175 0.12258085 -0.07050894 -0.15839465 0.15530008 -0.12258085 0.07050894 0.0 0.506702 -0.10711744 0.59736687 0.05700488 -0.27795213 0.54055077 -0.368617 0.37642846 -0.14265712 0.21742874 -0.12258085 0.07050894 0.2337714 0.0 12.15189818912589
0.009288831 -0.24390969 0.13901864 -0.025911111 -0.15508805 0.16437334 -0.13901864 0.025911111 0.0 0.49634615 -0.13032992 0.59494686 0.029150972 -0.25561792 0.5550213 -0.3542186 0.39554042 -0.13632406 0.2256559 -0.13901864 0.025911111 0.13907576 0.0 11.426616856144385
0.013888368 -0.24250938 0.13392253 -0.046409678 -0.1538036 0.17112555 -0.13392253 0.046409678 0.0 0.48684427 -0.14634384 0.59100205 0.009564501 -0.24050912 0.56507254 -0.3446669 0.4091642 -0.13289239 0.23170903 -0.13392253 0.046409678 0.1176411 0.0 10.688575227338449
0.018447276 -0.24098144 0.13703518 -0.036118742 -0.15335906 0.1769257 -0.13703518 0.036118742 0.0 0.47777814 -0.15905398 0.5864292 -0.006242987 -0.2285628 0.57322925 -0.33721384 0.42041823 -0.13069353 0.23687497 -0.13703518 0.036118742 0.09581509 0.0 9.946753633927012
0.023118816 -0.23999636 0.123932876 -0.06783034 -0.15647721 0.1799334 -0.123932876 0.06783034 0.0 0.47228462 -0.16047092 0.5820063 -0.008426823 -0.2288956 0.57675534 -0.33861727 0.42471126 -0.13339117 0.23972197 -0.123932876 0.06783034 -0.023302369 0.0 9.160089464351895
0.027155004 -0.24145772 0.039808236 -0.12812103 -0.15841617 0.18389389 -0.039808236 0.12812103 0.0 0.46945614 -0.15814833 0.57957375 -0.0063907793 -0.22979987 0.5809033 -0.3399175 0.42914572 -0.13517435 0.2436221 -0.039808236 0.12812103 0.028584098 0.0 8.437020678920948
0.031541925 -0.24330865 0.085911535 -0.113027096 -0.15596975 0.19206214 -0.085911535 0.113027096 0.0 0.462856 -0.16608757 0.5768577 -0.017225651 -0.21707252 0.5907833 -0.33107418 0.44192135 -0.13119256 0.25116992 -0.085911535 0.113027096 0.1338018 0.0 7.699077032899288
0.03585677 -0.24220261 0.13853922 -0.018368559 -0.15502101 0.19786754 -0.13853922 0.018368559 0.0 0.454371 -0.17610826 0.5721705 -0.030233206 -0.20582983 0.5980307 -0.32362932 0.45215565 -0.12872905 0.2563173 -0.13853922 0.018368559 0.06722815 0.0 6.924888788806761
0.0392142 -0.2388504 0.13815333 0.030152662 -0.15569967 0.2005709 -0.13815333 -0.030152662 0.0 0.44597507 -0.1856985 0.56671154 -0.04224482 -0.1983747 0.601683 -0.31911117 0.45822936 -0.1282266 0.25847486 -0.13815333 -0.030152662 0.0784677 0.0 6.176917378541679
0.042732082 -0.23561287 0.1412466 -0.010746924 -0.15494968 0.2046629 -0.1412466 0.010746924 0.0 0.43596235 -0.19787839 0.56056774 -0.05777222 -0.18666516 0.60679 -0.31127056 0.46668383 -0.12590702 0.26179576 -0.1412466 0.010746924 0.11062652 0.0 5.439670549877839
0.0459816 -0.23263714 0.12993206 0.00523034 -0.1525004 0.20975809 -0.12993206 -0.00523034 0.0 0.42477286 -0.21210928 0.5539446 -0.07620152 -0.17089683 0.61271423 -0.30006853 0.47680646 -0.121583775 0.265899 -0.12993206 -0.0052303397 0.12527578 0.0 4.7432798085554335
0.050228883 -0.23082466 0.11565497 -0.08038074 -0.15046462 0.21594614 -0.11565497 0.08038074 0.0 0.41399172 -0.22292235 0.54715276 -0.090920895 -0.15685499 0.6192714 -0.29001603 0.48726994 -0.11789012 0.27114162 -0.11565497 0.08038074 0.09249328 0.0 4.0244078731932795
0.05358054 -0.2279248 0.13654488 0.028889945 -0.15050979 0.21935116 -0.13654488 -0.028889945 0.0 0.40502095 -0.23076227 0.5408056 -0.1014611 -0.1488007 0.6227234 -0.2845853 0.49342224 -0.11683361 0.27388147 -0.13654488 -0.028889945 0.061503142 0.0 3.2898071649745155
0.055889044 -0.22370523 0.13654183 0.037903022 -0.1512744 0.22082397 -0.13654183 -0.037903022 0.0 0.3962061 -0.23904733 0.534257 -0.112168655 -0.14242922 0.62410283 -0.28048012 0.49722418 -0.11663876 0.27474996 -0.13654183 -0.037903022 0.06619496 0.0 2.553117768407244
0.05928377 -0.22048329 0.13574068 -0.03934764 -0.14988409 0.2252943 -0.13574068 0.03934764 0.0 0.38491294 -0.24926722 0.5263567 -0.12618226 -0.13009642 0.62818456 -0.2715402 0.5050996 -0.11379755 0.27826035 -0.13574068 0.03934764 0.11674324 0.0 1.8556422664433043
0.06252855 -0.21702828 0.14110532 0.008750506 -0.14685965 0.23060414 -0.14110532 -0.008750506 0.0 0.37148172 -0.2618781 0.5170313 -0.14367677 -0.11337585 0.63258785 -0.25892547 0.51438653 -0.10899193 0.28231174 -0.14110532 -0.008750506 0.12746423 0.0 1.1889169148347651
0.06465715 -0.21274585 0.13630944 0.038253002 -0.1436863 0.23454352 -0.13630944 -0.038253002 0.0 0.3577262 -0.2751643 0.5071849 -0.16194619 -0.09664495 0.635167 -0.24610369 0.52194893 -0.104093805 0.28494266 -0.13630944 -0.038253002 0.119189344 0.0 0.5372067059040067
0.067759015 -0.20945634 0.12810501 -0.050920956 -0.13665465 0.24191366 -0.12810501 0.050920956 0.0 0.33954957 -0.29142118 0.49430314 -0.18555528 -0.07031501 0.639797 -0.22506855 0.5339311 -0.094673716 0.29034135 -0.12810501 0.050920956 0.2081541 0.0 0.0
