120
0.08634597 -0.27000454 -2.6638341e-05 -0.14222115 0.048094064 -0.0042546988 2.6638341e-05 0.14222115 0.0 0.14431551 -0.42585015 0.33127353 -0.44009644 0.40725374 0.55701286 0.22029576 0.5712592 0.32612446 -0.29509458 0.00040900384 0.14229442 0.0 0.0 3.8127370553837134
0.091163345 -0.26980078 -0.008322896 -0.14175579 0.04825962 0.00024110028 0.008322896 0.14175579 0.0 0.14165601 -0.42198917 0.32851443 -0.43748698 0.41116938 0.55909127 0.22431095 0.5745891 0.32434827 -0.29245168 0.008647459 0.14181574 0.036984798 0.0 3.8151782377827668
0.09598497 -0.26974317 -0.013081896 -0.14137515 0.04867062 0.004326097 0.013081896 0.14137515 0.0 0.13576382 -0.41924924 0.3223705 -0.43753022 0.419869 0.55770546 0.23326233 0.57598644 0.32037652 -0.29244724 0.013357773 0.14142188 0.061638385 0.0 3.815245539762137
0.100806415 -0.269716 -0.015896307 -0.14106858 0.04928923 0.008125725 0.015896307 0.14106858 0.0 0.1277434 -0.41713446 0.31393936 -0.43920964 0.43167362 0.5538355 0.24547766 0.5759107 0.31490722 -0.29411486 0.016130941 0.14110343 0.07794226 0.0 3.81286746109173
0.10562709 -0.26965395 -0.017736427 -0.14083731 0.05009066 0.011722555 0.017736427 0.14083731 0.0 0.11832608 -0.41529644 0.30393922 -0.44182956 0.44544926 0.54810727 0.2598361 0.5746404 0.30839297 -0.2967988 0.017935993 0.14086209 0.088845 0.0 3.808012129953464
0.11044593 -0.26952034 -0.019055478 -0.14065558 0.051058035 0.015170957 0.019055478 0.14065558 0.0 0.10801156 -0.4134986 0.29286066 -0.44491613 0.4604208 0.5409457 0.27557167 0.57236326 0.30114275 -0.30005258 0.019225156 0.14067213 0.095928825 0.0 3.80067744265697
0.11526099 -0.26929364 -0.020079374 -0.14050591 0.052177787 0.01850797 0.020079374 0.14050591 0.0 0.097154245 -0.4115832 0.28105527 -0.44814363 0.47604433 0.5326618 0.29214332 0.5692222 0.29337943 -0.30356705 0.020223556 0.14051592 0.10036561 0.0 3.790750526810715
0.12006962 -0.26896036 -0.020899724 -0.14038098 0.0534379 0.021758042 0.020899724 0.14038098 0.0 0.085998766 -0.40945083 0.26876956 -0.45129684 0.49194825 0.5234807 0.30917746 0.56532675 0.28526035 -0.30713534 0.021022148 0.14038594 0.10303192 0.0 3.7782855547146657
0.12486863 -0.2685109 -0.021535715 -0.14028102 0.054826878 0.024936788 0.021535715 0.14028102 0.0 0.074708946 -0.40704238 0.25617185 -0.45423836 0.5078838 0.5135638 0.3264209 0.56075984 0.2768934 -0.31062338 0.021639582 0.14028218 0.104540415 0.0 3.7632810202638045
0.12965435 -0.2679378 -0.022007694 -0.14020582 0.05633448 0.02805263 0.022007694 0.14020582 0.0 0.0633836 -0.40432638 0.24336542 -0.45688865 0.5236976 0.5030144 0.3437158 0.5555767 0.26834458 -0.31395218 0.02209574 0.14020418 0.10543928 0.0 3.745796845307405
0.13442284 -0.26723608 -0.02237527 -0.14014642 0.057952903 0.031109165 0.02237527 0.14014642 0.0 0.052081447 -0.40128744 0.23041262 -0.45920327 0.53929704 0.49189633 0.36096585 0.54981214 0.2596536 -0.31707698 0.022449838 0.14014281 0.105972074 0.0 3.725915945982819
0.1391698 -0.2664016 -0.022612983 -0.14010592 0.059673637 0.0341102 0.022612983 0.14010592 0.0 0.040857293 -0.3979167 0.2173743 -0.46114644 0.5545996 0.48027754 0.37808257 0.5435073 0.25086024 -0.31995964 0.022676079 0.14010097 0.106029406 0.0 3.7037029517826587
0.14389087 -0.2654318 -0.022771884 -0.14007814 0.061488442 0.037059598 0.022771884 0.14007814 0.0 0.02976112 -0.39421138 0.20430835 -0.46269146 0.56953526 0.4682271 0.39498806 0.5367071 0.24200335 -0.32256937 0.022825224 0.14007236 0.10575554 0.0 3.6792041137563745
0.14858155 -0.26432428 -0.022817437 -0.14007103 0.063391455 0.039956436 0.022817437 0.14007103 0.0 0.018805737 -0.3901754 0.1912312 -0.46383482 0.58408135 0.4557677 0.4116559 0.5294271 0.23309343 -0.32490054 0.02286249 0.14006478 0.10559994 0.0 3.6525107022216883
0.15323707 -0.26307717 -0.02278606 -0.14007674 0.06537915 0.042796493 0.02278606 0.14007674 0.0 0.007983228 -0.38581404 0.17813484 -0.4645838 0.59824026 0.44289148 0.42808864 0.5216613 0.22412398 -0.32696027 0.02282408 0.1400703 0.10558445 0.0 3.623712429663057
0.15785277 -0.2616899 -0.022717934 -0.14008799 0.06744887 0.045576222 0.022717934 0.14008799 0.0 -0.002706837 -0.3811315 0.1650194 -0.46494177 0.61200756 0.4295981 0.44428134 0.51340836 0.2150945 -0.32875153 0.022749988 0.14008157 0.105603606 0.0 3.5926670012653736
0.16242412 -0.2601629 -0.02262711 -0.14010252 0.069597766 0.048293464 0.02262711 0.14010252 0.0 -0.013255175 -0.37613165 0.1518964 -0.46490782 0.6253693 0.41590056 0.4602177 0.50467676 0.2060127 -0.33027214 0.022654109 0.14009626 0.105589055 0.0 3.559549686410781
0.16694662 -0.25849682 -0.022512026 -0.14012028 0.07182196 0.050947756 0.022512026 0.14012028 0.0 -0.02364403 -0.3708194 0.13878822 -0.46447843 0.638303 0.40182695 0.47587073 0.49548596 0.1968941 -0.3315157 0.02253475 0.1401143 0.105450176 0.0 3.524764026138675
0.17141558 -0.25669232 -0.02234674 -0.14014453 0.074114494 0.053542305 0.02234674 0.14014453 0.0 -0.033840172 -0.36520234 0.12573774 -0.46364594 0.6507702 0.3874363 0.49119225 0.48587987 0.18776903 -0.33246845 0.022365844 0.1401389 0.10497661 0.0 3.4880950589443924
0.17582648 -0.25475028 -0.022141023 -0.14017564 0.07646826 0.056080606 0.022141023 0.14017564 0.0 -0.04381434 -0.35929078 0.11278459 -0.46240735 0.6627396 0.37278694 0.50614065 0.4759035 0.17866603 -0.33312052 0.022157071 0.1401704 0.10434692 0.0 3.4495815775687317
0.18017471 -0.25267193 -0.021882161 -0.14021416 0.07887616 0.05856608 0.021882161 0.14021416 0.0 -0.053542383 -0.35309717 0.0999635 -0.4607642 0.6741878 0.35793382 0.5206819 0.46560088 0.16961056 -0.33346632 0.02189563 0.14020932 0.10349942 0.0 3.409402144512881
0.18445617 -0.25045934 -0.021607291 -0.14025542 0.08133268 0.061001036 0.021607291 0.14025542 0.0 -0.06300826 -0.3466348 0.08729975 -0.45872295 0.6851032 0.3429198 0.53479517 0.4550079 0.16062182 -0.33350572 0.021618584 0.14025098 0.10259893 0.0 3.3675448887928154
0.18866771 -0.24811657 -0.021378303 -0.14028853 0.08383414 0.06338769 0.021378303 0.14028853 0.0 -0.07219616 -0.33991843 0.07481867 -0.45629236 0.6954796 0.32778677 0.5484647 0.4441607 0.15171978 -0.33324066 0.021387765 0.1402845 0.10155032 0.0 3.3239944411095026
0.19280662 -0.24564771 -0.021169804 -0.14031978 0.0863794 0.065725274 0.021169804 0.14031978 0.0 -0.081104666 -0.33296055 0.06252687 -0.45348537 0.7053259 0.3125495 0.5616944 0.43307433 0.14291094 -0.33268008 0.021177726 0.14031613 0.10065345 0.0 3.278875793661669
0.19686913 -0.24305505 -0.020902272 -0.14036053 0.08896905 0.068008244 0.020902272 0.14036053 0.0 -0.089753546 -0.32576773 0.050402395 -0.45031717 0.71466607 0.2971812 0.5745101 0.4217306 0.13418017 -0.33184013 0.020908898 0.14035726 0.100051425 0.0 3.2322708451831117
0.20085162 -0.24034111 -0.0206349 -0.14039873 0.09160093 0.07023508 0.0206349 0.14039873 0.0 -0.09814471 -0.3183494 0.038446616 -0.44679806 0.72350615 0.28168905 0.5869148 0.4101377 0.12552923 -0.3307284 0.020640437 0.14039578 0.09934467 0.0 3.184494368885109
0.20475042 -0.23750836 -0.02032234 -0.14044337 0.09427073 0.072406985 0.02032234 0.14044337 0.0 -0.106271505 -0.31071717 0.026672948 -0.44293675 0.7318441 0.26610032 0.5988997 0.39831993 0.11696876 -0.32934883 0.02032696 0.14044073 0.09862726 0.0 3.135736504141846
0.20856051 -0.23455746 -0.019882564 -0.14050497 0.09697185 0.07452561 0.019882564 0.14050497 0.0 -0.11413077 -0.3028826 0.015091258 -0.43874255 0.7396775 0.2504416 0.61045545 0.38630155 0.10850624 -0.32770562 0.019886417 0.14050265 0.09784467 0.0 3.086078916103772
0.21227638 -0.23148881 -0.01932892 -0.14058197 0.09969887 0.07659055 0.01932892 0.14058197 0.0 -0.121728264 -0.29485434 0.003699128 -0.43422514 0.74701005 0.23472096 0.6215826 0.37409174 0.10013989 -0.32580587 0.019332131 0.1405799 0.097183526 0.0 3.035592066030185
0.21589252 -0.22830327 -0.018670212 -0.14067069 0.10244794 0.078599826 0.018670212 0.14067069 0.0 -0.1290737 -0.2866385 -0.0075121643 -0.42939368 0.75384885 0.21893446 0.6322873 0.36168966 0.09186319 -0.32365766 0.018672885 0.14066885 0.096608594 0.0 2.9841397354027173
0.21940282 -0.22500144 -0.017877359 -0.1407747 0.10521715 0.08054824 0.017877359 0.1407747 0.0 -0.13618532 -0.278236 -0.018564735 -0.42425537 0.7602051 0.2030544 0.6425845 0.34907374 0.08365915 -0.32127064 0.017879583 0.14077309 0.09632306 0.0 2.9315904524219105
0.22280115 -0.22158453 -0.016987527 -0.14088453 0.10800316 0.08243284 0.016987527 0.14088453 0.0 -0.1430723 -0.2696501 -0.029468404 -0.4188158 0.7660819 0.18707168 0.65247804 0.33623737 0.07551987 -0.31865075 0.016989375 0.14088312 0.09603372 0.0 2.8779622887215908
0.22608174 -0.2180545 -0.016004598 -0.14099795 0.11079771 0.0842579 0.016004598 0.14099795 0.0 -0.14972456 -0.26089343 -0.040203694 -0.41308224 0.7714699 0.17102903 0.66194904 0.32321784 0.06745986 -0.31579843 0.01600613 0.1409967 0.09552515 0.0 2.8235050884021193
0.22923864 -0.21441354 -0.014909128 -0.14111692 0.11359207 0.08602836 0.014909128 0.14111692 0.0 -0.15613359 -0.25197956 -0.05075225 -0.40706348 0.776362 0.15497033 0.6709807 0.31005424 0.059492987 -0.31271535 0.014910399 0.14111583 0.09493669 0.0 2.76856003480857
0.23226668 -0.21066478 -0.0137522705 -0.14123282 0.11637877 0.087748945 0.0137522705 0.14123282 0.0 -0.16229264 -0.2429224 -0.06109777 -0.40076995 0.7807558 0.13893603 0.67956096 0.29678357 0.051632017 -0.30940488 0.013753323 0.14123186 0.09420473 0.0 2.713287918100014
0.23516144 -0.20681226 -0.012537749 -0.14134383 0.11914979 0.08942637 0.012537749 0.14134383 0.0 -0.16819231 -0.23373893 -0.07121881 -0.39421442 0.78465056 0.122977614 0.6876771 0.2834531 0.04389417 -0.30587086 0.012538619 0.14134301 0.093287915 0.0 2.6578313457404037
0.23791863 -0.20286019 -0.011259141 -0.14145009 0.12189875 0.09106553 0.011259141 0.14145009 0.0 -0.17382963 -0.22444361 -0.08110315 -0.38741 0.788051 0.10713118 0.69532454 0.27009758 0.036289804 -0.30211946 0.011259861 0.14144938 0.09233158 0.0 2.602313025215415
0.2405329 -0.19881225 -0.009849485 -0.1415537 0.124619 0.09266998 0.009849485 0.1415537 0.0 -0.17920744 -0.21504869 -0.090746656 -0.3803694 0.7909638 0.09142148 0.702503 0.25674218 0.028822798 -0.2981579 0.009850079 0.14155307 0.09132424 0.0 2.5468543168926443
0.24299923 -0.19467257 -0.008359776 -0.14164808 0.1273046 0.09424299 0.008359776 0.14164808 0.0 -0.18432981 -0.20556575 -0.10014696 -0.3731053 0.79339725 0.07586995 0.7092144 0.24340948 0.021495847 -0.29399386 0.008360266 0.14164753 0.0902941 0.0 2.491575334530646
0.24531378 -0.19044621 -0.0068164673 -0.14172927 0.12995104 0.09578761 0.0068164673 0.14172927 0.0 -0.18920058 -0.19600603 -0.10930192 -0.36563048 0.7953618 0.060495764 0.7154631 0.23012021 0.014311772 -0.28963542 0.0068168705 0.14172879 0.089234084 0.0 2.4365998825095865
0.24747339 -0.18613867 -0.0052296 -0.1417951 0.1325542 0.097307235 0.0052296 0.1417951 0.0 -0.19382319 -0.18638113 -0.11820866 -0.3579582 0.79686904 0.045319326 0.7212545 0.2168964 0.00727416 -0.28509083 0.0052299313 0.14179468 0.088134326 0.0 2.3820256837649127
0.24947472 -0.18175544 -0.0035739504 -0.14184487 0.13510965 0.09880525 0.0035739504 0.14184487 0.0 -0.19820233 -0.17670232 -0.12686583 -0.35010174 0.797931 0.030359553 0.7265945 0.20375897 0.00038538172 -0.28036854 0.0035742228 0.14184451 0.08700705 0.0 2.3279160103306573
0.25131324 -0.17730154 -0.001791828 -0.14187656 0.13761091 0.1002859 0.001791828 0.14187656 0.0 -0.20234384 -0.16698186 -0.1352724 -0.34207517 0.79855865 0.015639208 0.7314872 0.19073252 -0.0063526738 -0.27547714 0.0017920516 0.14187627 0.08581002 0.0 2.2742631777721023
0.25298375 -0.17278202 0.0001217499 -0.14188667 0.14005291 0.10175057 -0.0001217499 0.14188667 0.0 -0.20625867 -0.1572274 -0.14343627 -0.33388978 0.7987631 0.0011629672 0.7359407 0.17782535 -0.012945449 -0.27042532 -0.000121566605 0.1418864 0.08470118 0.0 2.221162458695848
0.25448212 -0.16820262 0.0021202918 -0.14186898 0.1424311 0.103201136 -0.0021202918 0.14186898 0.0 -0.20995598 -0.1474473 -0.151363 -0.32555714 0.7985561 -0.013061249 0.7399631 0.16504858 -0.019396292 -0.26522157 -0.0021201419 0.14186876 0.08354526 0.0 2.1687066367509944
0.25580493 -0.16356957 0.004206121 -0.14181991 0.1447384 0.10464381 -0.004206121 0.14181991 0.0 -0.21344037 -0.13765614 -0.15904824 -0.31709343 0.79795074 -0.027002081 0.7435586 0.15243523 -0.025700372 -0.2598751 -0.004205998 0.14181972 0.08224993 0.0 2.1169505316047674
0.2569488 -0.1588892 0.0063913567 -0.141736 0.14696799 0.10608425 -0.0063913567 0.141736 0.0 -0.21671852 -0.12786748 -0.1664907 -0.30851468 0.7969611 -0.040632937 0.74673325 0.14001428 -0.031855233 -0.2543955 -0.0063912566 0.14173582 0.080905534 0.0 2.066072473381513
0.25791106 -0.15416825 0.008646032 -0.14161423 0.14911528 0.10752584 -0.008646032 0.14161423 0.0 -0.21979961 -0.11809131 -0.17369458 -0.29983446 0.79560226 -0.05394098 0.74949723 0.12780218 -0.03786273 -0.24879232 -0.00864595 0.14161408 0.07954861 0.0 2.01606459964336
0.25868976 -0.14941363 0.010966347 -0.14145143 0.15117703 0.10897063 -0.010966347 0.14145143 0.0 -0.22269371 -0.10833552 -0.18066676 -0.29106477 0.79388934 -0.06692102 0.75186235 0.11580825 -0.04372683 -0.24307467 -0.0109662805 0.14145131 0.078205846 0.0 1.9669853287935684
0.25928187 -0.1446323 0.01341398 -0.14123791 0.1531483 0.11042105 -0.01341398 0.14123791 0.0 -0.22541192 -0.09860875 -0.1874145 -0.28221825 0.79183614 -0.07956533 0.7538387 0.10404416 -0.0494521 -0.23725191 -0.013413926 0.14123781 0.07683354 0.0 1.9189422784181576
0.25968316 -0.13983127 0.01602109 -0.14096406 0.15502416 0.11187721 -0.01602109 0.14096406 0.0 -0.22796825 -0.08891652 -0.19395065 -0.27330485 0.78945374 -0.091877714 0.7554361 0.0925106 -0.055048026 -0.23133276 -0.016021045 0.14096396 0.07554031 0.0 1.8719239514935921
0.259891 -0.13501807 0.018699577 -0.14063187 0.15680225 0.113337666 -0.018699577 0.14063187 0.0 -0.23037568 -0.07926179 -0.20028897 -0.26433215 0.786753 -0.103869714 0.75666624 0.08120065 -0.060524754 -0.22532497 -0.018699542 0.1406318 0.0743082 0.0 1.8258343363277387
0.25990477 -0.13020046 0.021416847 -0.14024198 0.15848213 0.11480073 -0.021416847 0.14024198 0.0 -0.23264498 -0.06964678 -0.20644128 -0.25530672 0.7837451 -0.115553714 0.7575414 0.07010623 -0.0658907 -0.21923555 -0.021416817 0.14024192 0.073152594 0.0 1.7807845324733884
0.25972286 -0.12538639 0.024244472 -0.13977803 0.16005935 0.11626822 -0.024244472 0.13977803 0.0 -0.2347859 -0.060079504 -0.21241398 -0.24624005 0.78044224 -0.12692316 0.7580703 0.05923738 -0.07114988 -0.2130731 -0.024244448 0.13977797 0.07191329 0.0 1.7368288711230235
0.25934294 -0.120584 0.027190926 -0.13923192 0.16152684 0.11774384 -0.027190926 0.13923192 0.0 -0.23680887 -0.050571226 -0.2182117 -0.23714668 0.7768573 -0.13796179 0.75826013 0.048613656 -0.07630485 -0.20684744 -0.027190907 0.13923186 0.070614286 0.0 1.6939330996179183
0.2587654 -0.11580142 0.030142128 -0.13862094 0.1628833 0.11922696 -0.030142128 0.13862094 0.0 -0.23872381 -0.04112582 -0.22384416 -0.22803448 0.773002 -0.14867626 0.7581223 0.038232397 -0.081362315 -0.20056593 -0.030142114 0.13862091 0.069412366 0.0 1.651992125970017
0.25799304 -0.111046486 0.033062745 -0.13795106 0.16412991 0.12071665 -0.033062745 0.13795106 0.0 -0.24053845 -0.031745832 -0.2293195 -0.21890989 0.76888883 -0.1590755 0.75766987 0.028088562 -0.086327374 -0.19423503 -0.033062734 0.13795102 0.0682205 0.0 1.6109702089534894
0.25703043 -0.10632646 0.035902202 -0.1372364 0.16526617 0.122216746 -0.035902202 0.1372364 0.0 -0.2422578 -0.022439772 -0.23463824 -0.2097849 0.7645357 -0.16914728 0.75691617 0.018197834 -0.09119829 -0.18786292 -0.035902195 0.13723637 0.06693078 0.0 1.5708707339494312
0.25588217 -0.101648234 0.03870324 -0.13646938 0.16628894 0.12373415 -0.03870324 0.13646938 0.0 -0.2438875 -0.013220493 -0.23979817 -0.20067589 0.759964 -0.17886618 0.75587463 0.008589226 -0.095970735 -0.18145968 -0.038703233 0.13646935 0.065504946 0.0 1.531502273938723
0.25455257 -0.097018376 0.041472085 -0.13565016 0.16719508 0.12527484 -0.041472085 0.13565016 0.0 -0.24543494 -0.00409965 -0.24479991 -0.19159858 0.75519437 -0.18821174 0.75455934 -0.00071281305 -0.100642845 -0.17503543 -0.041472077 0.13565014 0.06399821 0.0 1.4928695297654744
0.25304654 -0.09244295 0.044186767 -0.13478756 0.16798525 0.12684025 -0.044186767 0.13478756 0.0 -0.24690792 0.004918325 -0.2496499 -0.18256162 0.7502432 -0.19718549 0.7529851 -0.009705542 -0.10521791 -0.16859747 -0.04418676 0.13478754 0.06254195 0.0 1.4550374331228995
0.2513694 -0.08792753 0.046846934 -0.13388333 0.16866162 0.1284301 -0.046846934 0.13388333 0.0 -0.24831384 0.013831851 -0.25435624 -0.17357077 0.74512434 -0.20579688 0.75116676 -0.018394275 -0.109700784 -0.16215171 -0.04684693 0.13388331 0.06110971 0.0 1.4181635944396636
0.24952719 -0.08347698 0.049421575 -0.13295077 0.16922379 0.13004866 -0.049421575 0.13295077 0.0 -0.24965955 0.022633396 -0.25892174 -0.1646377 0.73985744 -0.21403594 0.7491196 -0.026764855 -0.11409139 -0.15570636 -0.049421575 0.13295075 0.059561644 0.0 1.3821516562740757
0.24752645 -0.0790955 0.05191523 -0.13199387 0.1696721 0.1316996 -0.05191523 0.13199387 0.0 -0.25095198 0.03131694 -0.2633502 -0.1557727 0.73446125 -0.2218965 0.74685943 -0.034806862 -0.11839055 -0.14926894 -0.05191523 0.13199386 0.05801713 0.0 1.3470062694175455
0.2453742 -0.07478651 0.05430443 -0.13102566 0.17000814 0.13338573 -0.05430443 0.13102566 0.0 -0.2521976 0.03987844 -0.2676463 -0.14698404 0.7289536 -0.2293772 0.7444023 -0.04251472 -0.122599855 -0.142846 -0.05430443 0.13102566 0.056433097 0.0 1.3127501502742345
0.24307957 -0.07055168 0.0565021 -0.13008967 0.17023441 0.13511245 -0.0565021 0.13008967 0.0 -0.25340116 0.048312716 -0.2718114 -0.13828126 0.7233565 -0.23646924 0.74176675 -0.049875256 -0.12671757 -0.13644405 -0.0565021 0.13008967 0.05477977 0.0 1.2794069565433897
0.24065045 -0.06639265 0.05861651 -0.12914707 0.17035134 0.13688548 -0.05861651 0.12914707 0.0 -0.2545694 0.05661305 -0.27584794 -0.12967563 0.7176917 -0.24316123 0.7389702 -0.056872554 -0.13074303 -0.1300707 -0.05861651 0.12914707 0.053048834 0.0 1.2469257861497618
0.23809312 -0.0623113 0.060662806 -0.12819502 0.1703582 0.13870917 -0.060662806 0.12819502 0.0 -0.2557108 0.064773366 -0.2797611 -0.121177785 0.7119784 -0.24944615 0.7360287 -0.063495 -0.13467817 -0.123733655 -0.060662806 0.12819502 0.051270567 0.0 1.2154215716049739
0.23541549 -0.058307916 0.062552944 -0.12728049 0.17025857 0.14058544 -0.062552944 0.12728049 0.0 -0.25683108 0.07279358 -0.28355697 -0.11279191 0.7062323 -0.25533006 0.73295826 -0.06974457 -0.13852587 -0.117437005 -0.062552944 0.12728049 0.049537 0.0 1.1848978797590162
0.2326255 -0.05438208 0.064321764 -0.12639286 0.1700572 0.14251517 -0.064321764 0.12639286 0.0 -0.25793484 0.08067578 -0.28724185 -0.10451965 0.7004671 -0.26082376 0.7297742 -0.07562833 -0.14228947 -0.111183405 -0.064321764 0.12639284 0.04782961 0.0 1.1552031154133051
0.22973187 -0.050535187 0.06594262 -0.12546897 0.16976199 0.14449367 -0.06594262 0.12546897 0.0 -0.2590241 0.088424444 -0.29082286 -0.09635946 0.6946913 -0.26595265 0.72649 -0.081168756 -0.14597338 -0.10497495 -0.06594262 0.12546897 0.046276253 0.0 1.1261857699362374
0.22674103 -0.046767395 0.067482166 -0.12454181 0.16938238 0.14651334 -0.067482166 0.12454181 0.0 -0.26009977 0.09605174 -0.2943103 -0.088300884 0.6889037 -0.27075705 0.7231142 -0.086404435 -0.14958577 -0.09880835 -0.067482166 0.12454181 0.04492896 0.0 1.0978286933986126
0.2236581 -0.043078646 0.06895937 -0.12362454 0.16892576 0.1485681 -0.06895937 0.12362454 0.0 -0.26116294 0.10356811 -0.29771334 -0.08033491 0.6831027 -0.2752703 0.7196531 -0.09136731 -0.153134 -0.09268058 -0.06895937 0.12362454 0.043699946 0.0 1.070149303291029
0.2204879 -0.039468687 0.07036995 -0.1227229 0.16839753 0.15065417 -0.07036995 0.1227229 0.0 -0.26221517 0.11098058 -0.30103883 -0.072455995 0.67728955 -0.27951545 0.7161132 -0.09607888 -0.15662336 -0.08659009 -0.07036995 0.1227229 0.04256284 0.0 1.0431945490183314
0.21723486 -0.0359373 0.071727626 -0.12182997 0.16780123 0.15276957 -0.071727626 0.12182997 0.0 -0.2632587 0.1182932 -0.30429226 -0.064661704 0.67146724 -0.28350732 0.7125008 -0.10055242 -0.1600578 -0.080536805 -0.07172762 0.12182997 0.041467223 0.0 1.0169238900395179
0.21390302 -0.032484107 0.07303856 -0.120951265 0.16713907 0.15491354 -0.07303856 0.120951265 0.0 -0.26429647 0.12550838 -0.30747858 -0.05695136 0.66564006 -0.2872558 0.70882213 -0.10479605 -0.16344076 -0.07452141 -0.07303856 0.120951265 0.040403236 0.0 0.9913502258020036
0.21049601 -0.029108534 0.07431041 -0.120089285 0.16641082 0.1570877 -0.07431041 0.120089285 0.0 -0.26533318 0.132625 -0.31060183 -0.04932829 0.65981567 -0.29076117 0.7050843 -0.108807884 -0.16677468 -0.06854662 -0.07431041 0.12008928 0.039292734 0.0 0.9664919313523941
0.20701686 -0.02581025 0.07556723 -0.11923256 0.16561475 0.1592943 -0.07556723 0.11923256 0.0 -0.26637486 0.13964015 -0.31366655 -0.041797835 0.6540027 -0.29402035 0.7012944 -0.112582356 -0.17006229 -0.06261634 -0.07556723 0.11923256 0.038152885 0.0 0.9423622458080595
0.20347044 -0.022587305 0.076704554 -0.11843518 0.16474845 0.16153935 -0.076704554 0.11843518 0.0 -0.26742807 0.1465474 -0.3166747 -0.034369748 0.6482168 -0.29701853 0.69746345 -0.11610137 -0.17330343 -0.056736503 -0.076704554 0.11843518 0.036869567 0.0 0.9189855495946174
0.19986159 -0.01943725 0.07777407 -0.117669225 0.16380425 0.16383407 -0.07777407 0.117669225 0.0 -0.26850465 0.15333198 -0.31962785 -0.027063895 0.6424835 -0.29972088 0.6936066 -0.11932503 -0.17649662 -0.05091865 -0.07777407 0.11766922 0.03533002 0.0 0.8963318563346876
0.1961943 -0.016358102 0.07879721 -0.11692515 0.16277517 0.1661869 -0.07879721 0.11692515 0.0 -0.26961675 0.1599819 -0.32253033 -0.01989696 0.6368236 -0.3021026 0.6897372 -0.12222374 -0.17964326 -0.04517307 -0.07879721 0.11692515 0.033685785 0.0 0.8743813395322733
0.1924724 -0.013347801 0.07977016 -0.11620486 0.1616588 0.16860107 -0.07977016 0.11620486 0.0 -0.27077252 0.16649319 -0.32538804 -0.012876254 0.631249 -0.30415893 0.6858645 -0.1247895 -0.18274686 -0.03950506 -0.07977016 0.11620486 0.032017376 0.0 0.8531313493337189
0.18869962 -0.010404217 0.08069574 -0.115503415 0.16045417 0.17107794 -0.08069574 0.115503415 0.0 -0.27197862 0.17286435 -0.3282072 -0.006005997 0.62576795 -0.30589172 0.6819965 -0.12702137 -0.1858116 -0.033918254 -0.08069574 0.115503415 0.030330913 0.0 0.8325574421289359
0.18487844 -0.007525889 0.081631005 -0.114797704 0.15915844 0.1736187 -0.081631005 0.114797704 0.0 -0.27324337 0.17909285 -0.33099532 0.0007085425 0.6203877 -0.30730182 0.6781396 -0.1289175 -0.18884295 -0.028417056 -0.081631005 0.114797704 0.028608864 0.0 0.8126228933181716
0.1810099 -0.0047126603 0.08262441 -0.11406109 0.15776765 0.17622288 -0.08262441 0.11406109 0.0 -0.2745761 0.18517639 -0.33376163 0.007262574 0.615112 -0.3083936 0.6742975 -0.1304798 -0.19184825 -0.023005985 -0.08262441 0.11406109 0.026886966 0.0 0.793258148013222
0.17709494 -0.0019651318 0.083667174 -0.11328284 0.15627976 0.17888695 -0.083667174 0.11328284 0.0 -0.27598378 0.19111541 -0.3365154 0.013655065 0.60993975 -0.30918023 0.6704714 -0.13171987 -0.19483536 -0.017687686 -0.083667174 0.11328284 0.02522182 0.0 0.7744298371039893
0.1731353 0.0007170885 0.08470835 -0.112495795 0.15469702 0.18160532 -0.08470835 0.112495795 0.0 -0.27746832 0.19691597 -0.3392639 0.019891791 0.6048651 -0.3096845 0.6666606 -0.13266031 -0.19781096 -0.012460489 -0.08470835 0.112495795 0.023680707 0.0 0.7561116513924031
0.16913342 0.0033354699 0.08572093 -0.1117172 0.15302351 0.1843727 -0.08572093 0.1117172 0.0 -0.27902925 0.20258568 -0.3420124 0.025980558 0.5998816 -0.30992967 0.66286474 -0.13332453 -0.20077999 -0.0073210793 -0.08572093 0.1117172 0.022236502 0.0 0.7382800173500845
0.16509198 0.005892392 0.08668849 -0.110968724 0.15126216 0.1871861 -0.08668849 0.110968724 0.0 -0.28066683 0.20813006 -0.3447652 0.03192663 0.59498644 -0.3099313 0.65908486 -0.13372786 -0.20374611 -0.0022671795 -0.08668849 0.110968724 0.020843398 0.0 0.7209312527751075
0.16101454 0.008390843 0.08757523 -0.11025705 0.14941363 0.19004561 -0.08757523 0.11025705 0.0 -0.28238362 0.21354951 -0.34752533 0.037729118 0.59018344 -0.30969328 0.6553251 -0.1338729 -0.20671141 0.0027000033 -0.08757523 0.11025705 0.01942081 0.0 0.7039861422797992
0.1569046 0.010834188 0.088389434 -0.10958042 0.14747572 0.19295366 -0.088389434 0.10958042 0.0 -0.28418523 0.21884029 -0.3502963 0.04338209 0.58548075 -0.3092102 0.65159184 -0.13375202 -0.20967785 0.00757636 -0.088389434 0.10958042 0.017931314 0.0 0.687409072860151
0.1527657 0.013226021 0.089122616 -0.10894291 0.14544383 0.19591439 -0.089122616 0.10894291 0.0 -0.28607994 0.22399504 -0.35308212 0.04887519 0.5808904 -0.30846962 0.6478926 -0.13334978 -0.21264751 0.012355083 -0.089122616 0.10894291 0.016326172 0.0 0.6711630466636236
0.14860094 0.0155698955 0.08980123 -0.10833572 0.14331177 0.19893208 -0.08980123 0.10833572 0.0 -0.28807774 0.22900516 -0.35588786 0.054196585 0.57642454 -0.3074574 0.64423466 -0.13264881 -0.21562338 0.017028358 -0.08980123 0.10833572 0.014616362 0.0 0.6552088947344531
0.1444128 0.017869126 0.09044023 -0.107753634 0.14106956 0.20201264 -0.09044023 0.107753634 0.0 -0.29019278 0.23385727 -0.35872033 0.059328686 0.5720988 -0.30615145 0.6406264 -0.13162287 -0.2186097 0.021584677 -0.09044023 0.107753634 0.012706399 0.0 0.6394444438319811
0.14020346 0.020127306 0.091048665 -0.10720361 0.13870122 0.20516512 -0.091048665 0.10720361 0.0 -0.29244614 0.23853059 -0.3615888 0.06424479 0.5679355 -0.30451605 0.63707817 -0.13023025 -0.22161217 0.026006848 -0.091048665 0.10720361 0.010510145 0.0 0.6238201630893339
0.13597544 0.022348449 0.09161062 -0.106689714 0.1361953 0.20839466 -0.09161062 0.106689714 0.0 -0.29485345 0.24301064 -0.3645014 0.06892613 0.56394935 -0.30252945 0.63359725 -0.12844494 -0.22463626 0.030282319 -0.09161062 0.106689714 0.008226964 0.0 0.6082858063855204
0.1317316 0.024536941 0.09211644 -0.10621216 0.13354592 0.21170226 -0.09211644 0.10621216 0.0 -0.29742366 0.24729049 -0.3674641 0.07336353 0.5601464 -0.30018544 0.6301868 -0.12625848 -0.2276865 0.034404308 -0.09211644 0.10621216 0.0058888085 0.0 0.5927781534828063
0.12747484 0.026697407 0.09256481 -0.10577214 0.1307469 0.21508858 -0.09256481 0.10577214 0.0 -0.30016547 0.2513628 -0.37048268 0.07754757 0.55653197 -0.2974776 0.6268492 -0.123662345 -0.23076728 0.038365893 -0.09256481 0.10577214 0.0034740446 0.0 0.5772397673918677
0.12320803 0.02883463 0.09295551 -0.10537045 0.12779063 0.21855456 -0.09295551 0.10537045 0.0 -0.30308878 0.2552183 -0.37356308 0.081466675 0.55311215 -0.29439628 0.6235865 -0.120644666 -0.23388316 0.042158727 -0.09295551 0.10537045 0.0009652413 0.0 0.5615807152209221
0.118934266 0.030954374 0.09326244 -0.10503638 0.12466956 0.22210132 -0.09326244 0.10503638 0.0 -0.3062028 0.25884765 -0.3767104 0.08510956 0.5498928 -0.29093105 0.62040037 -0.11719295 -0.23703805 0.04577483 -0.09326244 0.10503638 -0.0016279372 0.0 0.5457005591505224
0.114656776 0.033062506 0.09349928 -0.104754366 0.12137466 0.22573 -0.09349928 0.104754366 0.0 -0.30951786 0.2622394 -0.37992993 0.08846256 0.5468799 -0.28706846 0.617292 -0.11329161 -0.24023592 0.049204644 -0.09349928 0.104754366 -0.004341546 0.0 0.5295318902548312
0.110378735 0.035164732 0.093667544 -0.104520544 0.11789425 0.22944184 -0.093667544 0.104520544 0.0 -0.31304643 0.26537836 -0.3832274 0.091508076 0.54408085 -0.28279048 0.61426187 -0.10892018 -0.24348134 0.0524359 -0.093667544 0.104520544 -0.007202548 0.0 0.5129982961873308
0.106103376 0.037266973 0.09376504 -0.10433804 0.114215516 0.23323755 -0.09376504 0.10433804 0.0 -0.3168014 0.26824778 -0.3866085 0.09422705 0.54150206 -0.2780776 0.6113092 -0.10405687 -0.2467788 0.055455327 -0.09376504 0.10433804 -0.010207444 0.0 0.4960064427265253
0.10183405 0.03937538 0.093791105 -0.10420804 0.11032436 0.23711725 -0.093791105 0.10420804 0.0 -0.32079604 0.27082908 -0.3900787 0.09659886 0.5391491 -0.27290854 0.60843176 -0.09867834 -0.25013283 0.058248486 -0.093791105 0.10420804 -0.01337487 0.0 0.47841486607853384
0.09757412 0.041496135 0.093753494 -0.104126 0.10620485 0.24108039 -0.093753494 0.104126 0.0 -0.32504445 0.2731011 -0.39364323 0.09860049 0.5370266 -0.26725966 0.6056254 -0.09275905 -0.25354803 0.060799282 -0.093753494 0.104126 -0.01671669 0.0 0.4601284554155724
0.093327224 0.043635663 0.093643524 -0.10409641 0.10183907 0.2451257 -0.093643524 0.10409641 0.0 -0.3295615 0.2750396 -0.39730713 0.100206025 0.53513867 -0.26110393 0.6028843 -0.08627036 -0.25702894 0.06308955 -0.093643524 0.10409641 -0.02025787 0.0 0.4410332531574483
0.08909842 0.045801368 0.09340739 -0.10413989 0.09720831 0.24925137 -0.09340739 0.10413989 0.0 -0.33436137 0.27661735 -0.40107343 0.10138679 0.5334896 -0.25441083 0.60020167 -0.07918028 -0.26057854 0.0650993 -0.09340739 0.10413989 -0.024013478 0.0 0.421003346445265
0.08489277 0.04800129 0.09306625 -0.10425468 0.092291 0.25345507 -0.09306625 0.10425468 0.0 -0.33945945 0.2778034 -0.40494487 0.10211072 0.5320826 -0.24714488 0.59756804 -0.07145222 -0.26419973 0.06680629 -0.09306625 0.10425468 -0.028018106 0.0 0.39991126141635014
0.080715574 0.050243665 0.09261444 -0.104449935 0.08706458 0.2577325 -0.09261444 0.104449935 0.0 -0.3448698 0.27856493 -0.40892264 0.10234497 0.5309172 -0.23927028 0.5949701 -0.06305031 -0.26789474 0.06818757 -0.09261444 0.104449935 -0.032246225 0.0 0.37763443261276863
0.07657305 0.05253678 0.09204199 -0.10471432 0.081499584 0.26207894 -0.09204199 0.10471432 0.0 -0.3506112 0.27885833 -0.4130081 0.102045216 0.52999526 -0.23073809 0.5923921 -0.05392497 -0.27166596 0.06921235 -0.09204199 0.10471432 -0.036858764 0.0 0.35404115292801447
0.07247183 0.054889128 0.09135241 -0.10504862 0.07555844 0.26648852 -0.09135241 0.10504862 0.0 -0.3567076 0.27862808 -0.4172027 0.1011553 0.5293188 -0.22148533 0.58981395 -0.044012543 -0.27551624 0.06984169 -0.09135241 0.10504862 -0.041899938 0.0 0.32906678096438224
0.06841912 0.057308845 0.090558745 -0.105430625 0.069196075 0.27095255 -0.090558745 0.105430625 0.0 -0.36318606 0.27780697 -0.42150715 0.09960792 0.5288878 -0.21143787 0.58720887 -0.033238817 -0.27944848 0.07002869 -0.090558745 0.105430625 -0.04746342 0.0 0.3024661084842104
0.064422324 0.05980435 0.08966863 -0.1058733 0.062363036 0.27545798 -0.08966863 0.1058733 0.0 -0.37007257 0.27632073 -0.42591894 0.097330704 0.52869457 -0.2005167 0.58454096 -0.021526663 -0.28346407 0.06972266 -0.08966863 0.1058733 -0.05353279 0.0 0.2739784096856578
0.060490526 0.06238391 0.08865813 -0.1063616 0.05501068 0.2799851 -0.08865813 0.1063616 0.0 -0.37738562 0.27409208 -0.43042895 0.09425143 0.52872115 -0.18864627 0.58176446 -0.008805631 -0.28756016 0.068872236 -0.08865813 0.1063616 -0.06007357 0.0 0.24336172953058588
0.056633264 0.065056324 0.087528765 -0.106919505 0.047107037 0.28450537 -0.087528765 0.106919505 0.0 -0.38512048 0.27106407 -0.4350159 0.09032477 0.5289271 -0.17578413 0.5788225 0.004955183 -0.29172578 0.06744377 -0.087528765 0.106919505 -0.06672083 0.0 0.21031904260341927
0.052862156 0.06783094 0.0862235 -0.107573375 0.038625997 0.28898492 -0.0862235 0.107573375 0.0 -0.39326054 0.2671831 -0.43964952 0.085512206 0.5292619 -0.1618958 0.5756509 0.019775096 -0.29594353 0.065407984 -0.0862235 0.107573375 -0.07361646 0.0 0.17469942653560955
0.04919103 0.07071853 0.08468457 -0.10837624 0.029546281 0.29338625 -0.08468457 0.10837624 0.0 -0.40177846 0.26239797 -0.44429064 0.079781 0.5296666 -0.14695068 0.57217884 0.035666317 -0.30018932 0.06273967 -0.08468457 0.10837624 -0.08060875 0.0 0.13617600467397573
0.04563728 0.073731326 0.08280787 -0.10939048 0.019866103 0.2976675 -0.08280787 0.10939048 0.0 -0.4106234 0.2566786 -0.44888648 0.0731243 0.5300699 -0.13094549 0.56833297 0.052608825 -0.30442852 0.059431445 -0.08280787 0.10939048 -0.08747994 0.0 0.09443703017266636
0.04222037 0.07688079 0.0805969 -0.11059854 0.009600937 0.30178353 -0.0805969 0.11059854 0.0 -0.41972563 0.2500149 -0.45337486 0.065559 0.5303899 -0.11390363 0.5640392 0.07055227 -0.30861902 0.055492103 -0.0805969 0.11059854 -0.09408607 0.0 0.04916205389797701
0.038961057 0.08017562 0.07805167 -0.11197004 -0.0012340568 0.30568713 -0.07805167 0.11197004 0.0 -0.42901343 0.2423933 -0.45769078 0.057099324 0.5305438 -0.09584653 0.55922115 0.08944745 -0.31271657 0.05092832 -0.07805167 0.11197004 -0.10058261 0.0 0.0
