121
-0.1814985 0.010602063 0.028043088 0.1263283 0.053147446 -0.1284508 -0.028043088 -0.1263283 0.0 0.4548088 -0.51814914 0.5753795 -0.37455606 -0.19045013 0.26848748 -0.3110208 0.12489445 0.30805126 -0.39884654 -0.028043088 -0.1263283 0.055408813 0.0 8.514332300459012
-0.18364425 0.014444806 0.021435658 0.12783402 0.052852012 -0.1325625 -0.021435658 -0.12783402 0.0 0.4560738 -0.52064604 0.5760673 -0.37657034 -0.19233632 0.26339516 -0.31232986 0.11931949 0.30883873 -0.40193328 -0.021435658 -0.12783402 -0.059595276 0.0 8.514220411305502
-0.18576592 0.018275136 0.026535662 0.12618262 0.051513784 -0.13705908 -0.026535662 -0.12618262 0.0 0.453267 -0.52666265 0.57380384 -0.38304117 -0.19217741 0.25982177 -0.31271422 0.11620028 0.30648133 -0.4073947 -0.026535662 -0.12618262 0.0630473 0.0 8.525140005003129
-0.18794814 0.022081124 0.019844506 0.12767349 0.051301874 -0.14117382 -0.019844506 -0.12767349 0.0 0.4546053 -0.5291725 0.5745685 -0.38507155 -0.19396979 0.25473222 -0.31393299 0.110631295 0.30734527 -0.41049072 -0.019844506 -0.12767349 -0.06456688 0.0 8.525339199773764
-0.19011827 0.025865644 0.024374614 0.12612966 0.049917165 -0.14568861 -0.024374614 -0.12612966 0.0 0.4515346 -0.53543216 0.57212144 -0.3918527 -0.1936357 0.25127712 -0.31422254 0.10769766 0.3047905 -0.41611308 -0.024374614 -0.12612966 0.069617905 0.0 8.53728050659456
-0.19234881 0.029627806 0.01812641 0.12752262 0.049815536 -0.14980263 -0.01812641 -0.12752262 0.0 0.4530153 -0.53790903 0.573017 -0.39384013 -0.19535033 0.24616896 -0.31535205 0.10210009 0.30578697 -0.41918793 -0.01812641 -0.12752262 -0.06947027 0.0 8.538089418044141
-0.19457175 0.033363286 0.022114707 0.12607238 0.048392206 -0.15432973 -0.022114707 -0.12607238 0.0 0.44972342 -0.544368 0.5704156 -0.40087715 -0.19486916 0.2428147 -0.31556138 0.09932381 0.30306694 -0.42494124 -0.022114707 -0.12607238 0.0755935 0.0 8.550937777608238
-0.19685449 0.037078053 0.016300859 0.12736079 0.048410248 -0.15844113 -0.016300859 -0.12736079 0.0 0.45136723 -0.5467996 0.571459 -0.40280578 -0.19650795 0.2376837 -0.31659973 0.093689896 0.30421317 -0.42798644 -0.016300859 -0.12736079 -0.07414505 0.0 8.552482549846621
-0.19913444 0.040760867 0.01971275 0.1260069 0.046957124 -0.16297561 -0.01971275 -0.1260069 0.0 0.447893 -0.55342025 0.56873053 -0.4100517 -0.1959018 0.23441505 -0.31673932 0.091046505 0.3013576 -0.43384495 -0.01971275 -0.1260069 0.08094374 0.0 8.566245661513335
-0.20147318 0.044424176 0.014364093 0.12717858 0.04709884 -0.16708422 -0.014364093 -0.12717858 0.0 0.44969928 -0.5558123 0.5699231 -0.41192874 -0.19745576 0.22926518 -0.3176796 0.085381635 0.3026543 -0.43686417 -0.014364093 -0.12717858 -0.07832699 0.0 8.568655540154381
-0.20381328 0.04805091 0.017207345 0.1259169 0.04562217 -0.17162229 -0.017207345 -0.1259169 0.0 0.44607 -0.56256753 0.5670865 -0.41935 -0.19674014 0.22607145 -0.31775665 0.08285395 0.29968405 -0.44280925 -0.017207345 -0.1259169 0.08563151 0.0 8.583560410177139
-0.20620944 0.0516603 0.012422984 0.1269685 0.045886822 -0.17572805 -0.012422984 -0.1269685 0.0 0.44802952 -0.5649296 0.5684226 -0.42118764 -0.1982012 0.22090887 -0.31859428 0.07716689 0.30112463 -0.44580853 -0.012422984 -0.1269685 -0.08193295 0.0 8.587129578206923
-0.20861612 0.0552251 0.014311625 0.12583101 0.044404168 -0.18026528 -0.014311625 -0.12583101 0.0 0.4442959 -0.57177925 0.5655159 -0.42873392 -0.19739264 0.21777253 -0.3186126 0.074727185 0.29808035 -0.45181307 -0.014311625 -0.12583101 0.089418 0.0 8.603347769004483
-0.211072 0.058777254 0.010607527 0.12671573 0.044780023 -0.18437082 -0.010607527 -0.12671573 0.0 0.44636327 -0.5741496 0.5669627 -0.4305807 -0.19873802 0.21261628 -0.31933746 0.0690474 0.29962963 -0.45481762 -0.010607527 -0.12671573 -0.08441993 0.0 8.608339277453473
-0.21354805 0.062276606 0.011144282 0.12572409 0.04331126 -0.18890172 -0.011144282 -0.12572409 0.0 0.44258755 -0.58104336 0.564032 -0.43818858 -0.19786003 0.20951541 -0.31930453 0.06666064 0.29656062 -0.46084762 -0.011144282 -0.12572409 0.09180619 0.0 8.626040301096188
-0.2160683 0.06576579 0.008663407 0.12643701 0.0437949 -0.19300747 -0.008663407 -0.12643701 0.0 0.44473976 -0.5834429 0.565574 -0.44007158 -0.19907317 0.2043776 -0.3199074 0.061006263 0.2982016 -0.463871 -0.008663407 -0.12643701 -0.08567892 0.0 8.632766233491877
-0.21861358 0.06919819 0.008045298 0.12556015 0.042351946 -0.19752842 -0.008045298 -0.12556015 0.0 0.44096136 -0.5903479 0.5626484 -0.4476997 -0.19814204 0.2012979 -0.3198291 0.058649685 0.29513887 -0.46990424 -0.008045298 -0.12556015 0.09295333 0.0 8.652273212888558
-0.22120136 0.072620384 0.006451576 0.1261618 0.04295503 -0.20163114 -0.006451576 -0.1261618 0.0 0.44322646 -0.592757 0.5643076 -0.44959408 -0.19922785 0.19617188 -0.32030895 0.053008992 0.29689455 -0.47293267 -0.006451576 -0.1261618 -0.086360395 0.0 8.661031806722908
-0.22381593 0.07598373 0.005073101 0.12533163 0.041537322 -0.20614175 -0.005073101 -0.12533163 0.0 0.43944332 -0.59967375 0.5613854 -0.45724347 -0.19824277 0.19311418 -0.32018483 0.050683897 0.29383653 -0.4789694 -0.005073101 -0.12533163 0.09373685 0.0 8.682640497032423
-0.22646922 0.079338014 0.004221073 0.12585323 0.04225805 -0.21023907 -0.004221073 -0.12585323 0.0 0.44181955 -0.60209006 0.56316006 -0.45914698 -0.19920307 0.18800247 -0.3205436 0.045059368 0.2957052 -0.48200065 -0.004221073 -0.12585323 -0.08679924 0.0 8.693977811086956
-0.22619459 0.082137085 0.098959275 0.008934364 0.040497545 -0.21214573 -0.098959275 -0.008934364 0.0 0.44053945 -0.60350627 0.5617045 -0.46041444 -0.20145194 0.18579929 -0.32261702 0.042707443 0.2942779 -0.48359618 -0.098959275 -0.008934364 0.047096796 0.0 8.704182785655547
-0.22361109 0.08254301 0.0423638 -0.07458426 0.040587734 -0.21035087 -0.0423638 0.07458426 0.0 0.44492474 -0.5972723 0.56450313 -0.45285186 -0.20573916 0.18489951 -0.32531753 0.04047908 0.29734862 -0.4789838 -0.0423638 0.07458426 -0.099485606 0.0 8.702003278533995
-0.22031334 0.08016153 0.01795355 -0.13381423 0.038254283 -0.20666061 -0.01795355 0.13381423 0.0 0.44012496 -0.59614307 0.56061846 -0.45248523 -0.20555654 0.19014674 -0.32605004 0.04648893 0.29330334 -0.47691935 -0.01795355 0.13381423 0.10186267 0.0 8.70976427447278
-0.21719192 0.07691839 0.0036612723 -0.13262609 0.037892878 -0.20218001 -0.0036612723 0.13262609 0.0 0.4396595 -0.5917698 0.5601914 -0.44814417 -0.20581195 0.19469246 -0.3263438 0.05106684 0.29286972 -0.47250688 -0.0036612723 0.13262609 -0.067482784 0.0 8.70578000540298
-0.21413836 0.07353629 0.004355382 -0.13409421 0.035938747 -0.19795956 -0.004355382 0.13409421 0.0 0.4341648 -0.5911677 0.55599093 -0.44863823 -0.20416608 0.20110115 -0.32599223 0.05857172 0.28845984 -0.47058183 -0.004355382 0.13409421 0.09700294 0.0 8.714006369875694
-0.21108255 0.070223466 0.0056437333 -0.13258132 0.036030095 -0.19340724 -0.0056437333 0.13258132 0.0 0.4347879 -0.5860761 0.55642104 -0.4433819 -0.20461456 0.2053282 -0.3262477 0.06263403 0.2889199 -0.4656875 -0.0056437333 0.13258132 -0.07395963 0.0 8.708991673378748
-0.2080431 0.06684283 0.0013231933 -0.13385437 0.034636278 -0.18910046 -0.0013231933 0.13385437 0.0 0.43073845 -0.584448 0.5533306 -0.44257686 -0.20331547 0.21124783 -0.3259076 0.0693767 0.28568518 -0.46307904 -0.0013231933 0.13385437 0.08753286 0.0 8.716805917365802
-0.20500526 0.06352359 0.005666011 -0.1323724 0.03498005 -0.18451387 -0.005666011 0.1323724 0.0 0.43209234 -0.5788468 0.5543211 -0.4366625 -0.2039951 0.21522439 -0.32622388 0.0730401 0.28672904 -0.4578493 -0.005666011 0.1323724 -0.074865885 0.0 8.711386120126434
-0.20196748 0.060156193 0.0009456801 -0.1335382 0.033918165 -0.18016215 -0.0009456801 0.1335382 0.0 0.42893696 -0.57659215 0.5519169 -0.43505704 -0.2029371 0.22083583 -0.325917 0.07930072 0.28421637 -0.4548267 -0.0009456801 0.1335382 0.07953278 0.0 8.718506383256697
-0.1989297 0.056851223 0.0058685886 -0.13205521 0.034381837 -0.1755606 -0.0058685886 0.13205521 0.0 0.43072808 -0.57066345 0.5532326 -0.42871663 -0.20381708 0.2246407 -0.3263216 0.08269388 0.2855999 -0.44938406 -0.0058685886 0.13205521 -0.07428195 0.0 8.713094434942834
-0.19588476 0.053507097 0.0015127339 -0.13316555 0.03353097 -0.17118421 -0.0015127339 0.13316555 0.0 0.42818663 -0.56797576 0.55129606 -0.4265533 -0.20295703 0.23003046 -0.3260665 0.08860801 0.28357756 -0.44607782 -0.0015127339 0.13316555 0.07306833 0.0 8.719389473608064
-0.19283749 0.05022693 0.0065118675 -0.13167813 0.034022775 -0.16658062 -0.0065118675 0.13167813 0.0 0.4301911 -0.5618619 0.55275947 -0.41997024 -0.20399594 0.23372787 -0.32656434 0.09183622 0.2851175 -0.4405172 -0.0065118675 0.13167813 -0.07273013 0.0 8.714124677932308
-0.18978034 0.046912417 0.002482774 -0.13275018 0.03331909 -0.16218928 -0.002482774 0.13275018 0.0 0.42812744 -0.5588289 0.55118245 -0.41735905 -0.20332333 0.23893434 -0.32637835 0.0974645 0.2834715 -0.43698663 -0.002482774 0.13275018 0.06710498 0.0 8.719634907906327
-0.18671767 0.04366249 0.0075668446 -0.13128117 0.033815265 -0.15758404 -0.0075668446 0.13128117 0.0 0.43031585 -0.552532 0.5527649 -0.41053733 -0.20454001 0.24252413 -0.32698905 0.10052946 0.28514028 -0.43130934 -0.0075668446 0.13128117 -0.07145448 0.0 8.714245775404104
-0.18364067 0.040385727 0.004005423 -0.13229558 0.033228684 -0.15317957 -0.004005423 0.13229558 0.0 0.42870593 -0.54915226 0.551522 -0.4074749 -0.20409043 0.24754407 -0.3269065 0.10586674 0.28384453 -0.4275543 -0.004005423 0.13229558 0.061257277 0.0 8.71900915900953
-0.18055898 0.037170228 0.008793772 -0.130853 0.033685274 -0.14857903 -0.008793772 0.130853 0.0 0.43096688 -0.54274136 0.5531346 -0.40050456 -0.20546155 0.25105655 -0.32762927 0.10881976 0.28555164 -0.4218063 -0.008793772 0.130853 -0.06926983 0.0 8.713375552977027
-0.17745708 0.03393675 0.0060015977 -0.13179691 0.03316724 -0.14416784 -0.0060015977 0.13179691 0.0 0.429705 -0.5390785 0.55214065 -0.39707232 -0.20522568 0.2559179 -0.32766134 0.113911726 0.284518 -0.4178695 -0.0060015977 0.13179691 0.055674654 0.0 8.71734776793007
-0.17435333 0.030759709 0.01014979 -0.1303879 0.03355203 -0.13957773 -0.01014979 0.1303879 0.0 0.43195415 -0.5326075 0.5537164 -0.39002347 -0.2067315 0.25937542 -0.3284938 0.116791435 0.2861952 -0.41208687 -0.01014979 0.1303879 -0.06650044 0.0 8.711570310917415
-0.1712241 0.02757264 0.008267149 -0.13125074 0.033059955 -0.13516669 -0.008267149 0.13125074 0.0 0.43093202 -0.528733 0.55288637 -0.38631323 -0.20668569 0.26410994 -0.32864004 0.12169017 0.28533563 -0.40801606 -0.008267149 0.13125074 0.05069077 0.0 8.714765991475687
-0.16809732 0.024436135 0.011572291 -0.12989089 0.03335915 -0.13059019 -0.011572291 0.12989089 0.0 0.43313655 -0.5222209 0.5543983 -0.379211 -0.2083214 0.26751822 -0.32958314 0.12450827 0.28695604 -0.40221205 -0.011572291 0.12989089 -0.06386229 0.0 8.709006397841188
-0.16494258 0.021294018 0.010489598 -0.13067879 0.032857 -0.12618679 -0.010489598 0.13067879 0.0 0.43223667 -0.5182231 0.5536435 -0.37533635 -0.20841935 0.27216673 -0.32982618 0.12927994 0.28617805 -0.3980659 -0.010489598 0.13067879 0.04702057 0.0 8.711413828903835
-0.1617962 0.018195773 0.012925681 -0.12937295 0.033084676 -0.121621676 -0.012925681 0.12937295 0.0 0.434454 -0.51162076 0.5551322 -0.36811805 -0.21021551 0.275499 -0.3308937 0.13199627 0.28778586 -0.39220828 -0.012925681 0.12937295 -0.06277742 0.0 8.705512311884041
-0.15861584 0.01509762 0.012827465 -0.13009661 0.032547764 -0.11723051 -0.012827465 0.13009661 0.0 0.4335947 -0.5075611 0.55439144 -0.36415815 -0.21042421 0.28009105 -0.33122095 0.1366881 0.2870253 -0.3880275 -0.012827465 0.13009661 0.045235377 0.0 8.707084208548345
-0.15545057 0.012038389 0.014294576 -0.12882057 0.032706 -0.112676784 -0.014294576 0.12882057 0.0 0.4358523 -0.5008387 0.5558739 -0.35678637 -0.21240534 0.28332856 -0.33242688 0.1392762 0.28864032 -0.38209733 -0.014294576 0.12882057 -0.063356265 0.0 8.700688078292629
-0.15224561 0.008982029 0.015128979 -0.12951498 0.032115597 -0.1083022 -0.015128979 0.12951498 0.0 0.43495882 -0.49677867 0.55509275 -0.35282004 -0.21268658 0.28789434 -0.33282053 0.14393571 0.28783956 -0.37792242 -0.015128979 0.12951498 0.04540277 0.0 8.701412359093556
-0.14906397 0.0059609595 0.01564758 -0.12823004 0.032212473 -0.10375857 -0.01564758 0.12823004 0.0 0.4373083 -0.48988545 0.55660295 -0.34523055 -0.21488991 0.29100743 -0.33418453 0.14635253 0.28950027 -0.3718869 -0.01564758 0.12823004 -0.065930806 0.0 8.694362144738937
-0.14583664 0.0029421065 0.017325843 -0.12895942 0.031579897 -0.09939636 -0.017325843 0.12895942 0.0 0.4364293 -0.48578164 0.5558162 -0.34120288 -0.21527055 0.29552725 -0.33465746 0.15094848 0.28869656 -0.3676888 -0.017325843 0.12895942 0.046304934 0.0 8.694563038383789
-0.14264171 -4.20627e-05 0.017033316 -0.1275901 0.031612348 -0.0948645 -0.017033316 0.1275901 0.0 0.43887836 -0.4787017 0.55735564 -0.33337665 -0.2177114 0.29850233 -0.3361887 0.15317725 0.29040748 -0.36153823 -0.017033316 0.1275901 -0.06920313 0.0 8.686618013906365
-0.13939476 -0.0030250275 0.01947235 -0.12835696 0.030940093 -0.09051468 -0.01947235 0.12835696 0.0 0.43803424 -0.47453418 0.5565766 -0.32926217 -0.21820754 0.30296373 -0.33674988 0.1576917 0.28961584 -0.35730425 -0.01947235 0.12835696 0.04738474 0.0 8.68666963270661
-0.13618517 -0.0059702755 0.018675957 -0.12689431 0.030885328 -0.08600102 -0.018675957 0.12689431 0.0 0.44051233 -0.4673176 0.55809057 -0.32126415 -0.22086123 0.3058197 -0.33843943 0.15976623 0.29132125 -0.3510726 -0.018675957 0.12689431 -0.071903266 0.0 8.677956150504777
-0.13436872 -0.010206827 -0.06809945 -0.12362163 0.032269556 -0.08150562 0.06809945 0.12362163 0.0 0.4425623 -0.46210578 0.5598851 -0.31584707 -0.22016135 0.30987453 -0.33748415 0.16361584 0.2931683 -0.34612167 0.06809945 0.12362163 0.035222188 0.0 8.697797755202977
-0.13350496 -0.0149343945 -0.06678038 -0.12475412 0.034511775 -0.07729626 0.06678038 0.12475412 0.0 0.44459692 -0.4581201 0.56199944 -0.31192538 -0.21770567 0.3142215 -0.3351082 0.1680268 0.29526618 -0.34205455 0.06678038 0.12475412 -0.02274646 0.0 8.715445432766892
-0.13258277 -0.019669335 -0.066017225 -0.12576024 0.03653606 -0.073138006 0.066017225 0.12576024 0.0 0.44546542 -0.45520267 0.5633104 -0.30936435 -0.21449392 0.3191422 -0.3323389 0.17330387 0.29648706 -0.33868515 0.066017225 0.12576024 0.030429844 0.0 8.740814286876228
-0.13166045 -0.024385951 -0.06633243 -0.124994874 0.03880919 -0.06887503 0.06633243 0.124994874 0.0 0.4478832 -0.4507848 0.56567293 -0.30490187 -0.21236932 0.32331008 -0.33015907 0.17742714 0.29886073 -0.33432373 0.06633243 0.124994874 -0.02509148 0.0 8.764897891399926
-0.13069257 -0.02911148 -0.064793035 -0.12638819 0.040881753 -0.06468096 0.064793035 0.12638819 0.0 0.4491097 -0.44749495 0.56722194 -0.30187303 -0.20942836 0.32805896 -0.3275406 0.18243705 0.30034527 -0.33070442 0.064793035 0.12638819 0.02707286 0.0 8.79677940261778
-0.12972744 -0.033819724 -0.06552062 -0.12542957 0.043156844 -0.06037435 0.06552062 0.12542957 0.0 0.4517572 -0.44279084 0.56972766 -0.297054 -0.20753542 0.33212176 -0.32550585 0.18638493 0.30287918 -0.32614514 0.06552062 0.12542957 -0.026434217 0.0 8.827689723749348
-0.1287142 -0.03853534 -0.06351092 -0.12702599 0.04525046 -0.056140833 0.06351092 0.12702599 0.0 0.4532656 -0.43918163 0.57145876 -0.29362535 -0.20484135 0.33673814 -0.3230345 0.19118187 0.30456612 -0.32230845 0.06351092 0.12702599 0.023854792 0.0 8.866796091701461
-0.12771109 -0.043236103 -0.06472141 -0.12585993 0.04750187 -0.05179799 0.06472141 0.12585993 0.0 0.4560114 -0.43431145 0.57401645 -0.28860265 -0.2030972 0.3407576 -0.32110223 0.19504881 0.3071611 -0.31763044 0.06472141 0.12585993 -0.026215637 0.0 8.905441270890726
-0.1266607 -0.047942884 -0.06236543 -0.12757112 0.049602017 -0.0475271 0.06236543 0.12757112 0.0 0.45774224 -0.4304346 0.57588786 -0.28483975 -0.20061809 0.34527016 -0.3187637 0.1996753 0.30900458 -0.31361002 0.06236543 0.12757112 0.020322813 0.0 8.95238592970708
-0.12562115 -0.052636422 -0.06375006 -0.12637773 0.051816847 -0.043150056 0.06375006 0.12637773 0.0 0.46052936 -0.42544666 0.57845706 -0.27967525 -0.19899051 0.3492725 -0.31691822 0.20350108 0.31161714 -0.30884466 0.06375006 0.12637773 -0.025110982 0.0 8.999740840757541
-0.12454257 -0.057335883 -0.061520483 -0.12794977 0.053919915 -0.038837694 0.061520483 0.12794977 0.0 0.46249348 -0.4212828 0.58047414 -0.27555424 -0.19674483 0.35367596 -0.3147255 0.20794742 0.31362364 -0.30462667 0.061520483 0.12794977 0.015987 0.0 9.055464419683439
-0.123467736 -0.06202259 -0.06251936 -0.12702583 0.056087874 -0.03443044 0.06251936 0.12702583 0.0 0.46526358 -0.41623124 0.5830145 -0.27031696 -0.19519508 0.35768774 -0.31294596 0.21177346 0.3162101 -0.29980987 0.06251936 0.12702583 -0.022739824 0.0 9.112824342167107
-0.12236836 -0.06671579 -0.060957782 -0.12817028 0.05819165 -0.030064562 0.060957782 0.12817028 0.0 0.46751934 -0.41170242 0.5852121 -0.26574126 -0.19324742 0.36195353 -0.31094018 0.21599238 0.31841952 -0.2953404 0.060957782 0.12817028 0.009864735 0.0 9.178212489358053
-0.12127102 -0.071398824 -0.061495032 -0.12757313 0.06032135 -0.025625931 0.061495032 0.12757313 0.0 0.47030848 -0.40655527 0.58774865 -0.2603908 -0.19179533 0.36595672 -0.30923548 0.21979222 0.3210076 -0.2904513 0.061495032 0.12757313 -0.019626517 0.0 9.24667185368811
-0.120157294 -0.07608691 -0.060362615 -0.1283955 0.06241466 -0.021199903 0.060362615 0.1283955 0.0 0.4728525 -0.40164357 0.59011954 -0.25534013 -0.19016546 0.370084 -0.30743247 0.22378054 0.3234143 -0.28571644 0.060362615 0.1283955 0.0031052232 0.0 9.322722861971453
-0.11904512 -0.08076788 -0.06058508 -0.12805289 0.06451021 -0.016714385 0.06058508 0.12805289 0.0 0.47575796 -0.39628246 0.5927129 -0.24972942 -0.18890326 0.3740303 -0.3058582 0.22747727 0.326073 -0.28067407 0.06058508 0.12805289 -0.017572666 0.0 9.403153412511434
-0.11792071 -0.0854522 -0.05965946 -0.12868492 0.06657478 -0.01223507 0.05965946 0.12868492 0.0 0.47848684 -0.3910821 0.59518486 -0.2443244 -0.18752284 0.37806505 -0.30422086 0.23130737 0.3285996 -0.27573612 0.05965946 0.12868492 -0.0016540879 0.0 9.491171045768617
-0.116802394 -0.090132676 -0.059910737 -0.12840047 0.06863159 -0.0077078603 0.059910737 0.12840047 0.0 0.48146844 -0.3855469 0.5978074 -0.2385044 -0.1864193 0.38197002 -0.30275825 0.2349275 0.3312997 -0.27056766 0.059910737 0.12840047 -0.016305795 0.0 9.584740038866956
-0.115675025 -0.09481529 -0.058981627 -0.1289658 0.07066042 -0.0031734216 0.058981627 0.1289658 0.0 0.4843662 -0.38006085 0.6003663 -0.23275083 -0.1852871 0.3859161 -0.30128714 0.23860611 0.33393312 -0.26542768 0.058981627 0.1289658 -0.0057917982 0.0 9.686079658948671
-0.1145566 -0.099496655 -0.05931727 -0.12870446 0.07267449 0.0013898433 0.05931727 0.12870446 0.0 0.48738182 -0.37439528 0.60298944 -0.22677709 -0.18430758 0.38979685 -0.2999152 0.24217868 0.33664417 -0.26016286 0.05931727 0.12870446 -0.01487317 0.0 9.79419860922586
-0.11343413 -0.10417955 -0.058455978 -0.12917662 0.07466209 0.005972635 0.058455978 0.12917662 0.0 0.49039385 -0.36867884 0.605598 -0.22074555 -0.18337946 0.39367658 -0.2985836 0.24574332 0.3393449 -0.25485837 0.058455978 0.12917662 -0.009300268 0.0 9.910572296391496
-0.11231751 -0.10886199 -0.058574956 -0.12906404 0.07662703 0.010580513 0.058574956 0.12906404 0.0 0.49346888 -0.36283547 0.60823345 -0.21456093 -0.18256404 0.39751694 -0.29732862 0.2492424 0.34208277 -0.24946381 0.058574956 0.12906404 -0.0143968 0.0 10.034985773540363
-0.111200616 -0.11354571 -0.057911433 -0.12940532 0.0785644 0.015208624 0.057911433 0.12940532 0.0 0.49654758 -0.35692936 0.61085767 -0.20830415 -0.18181013 0.40134966 -0.29612023 0.25272444 0.34481508 -0.24402174 0.057911433 0.12940532 -0.011601016 0.0 10.168394003588398
-0.11008949 -0.11822959 -0.05784404 -0.12939747 0.0804718 0.019873697 0.05784404 0.12939747 0.0 0.49972332 -0.3508348 0.6135252 -0.20182009 -0.18121982 0.40512335 -0.2950217 0.25610867 0.34760615 -0.23844597 0.05784404 0.12939747 -0.015557153 0.0 10.310884588335227
-0.10898153 -0.12291503 -0.057306755 -0.12966163 0.08234495 0.024573863 0.057306755 0.12966163 0.0 0.5029613 -0.34458536 0.6162126 -0.19515184 -0.18076618 0.40885544 -0.29401755 0.2594219 0.3504305 -0.2327585 0.057306755 0.12966163 -0.014591968 0.0 10.463311451322745
-0.10787996 -0.12760131 -0.05708089 -0.12974015 0.084180206 0.029313313 0.05708089 0.12974015 0.0 0.5062797 -0.3381491 0.6189284 -0.1882607 -0.1804763 0.4125322 -0.29312497 0.26264384 0.35329986 -0.22693738 0.05708089 0.12974015 -0.017249709 0.0 10.626007573485845
-0.10678314 -0.13228919 -0.056575246 -0.12997663 0.085975386 0.034086417 0.056575246 0.12997663 0.0 0.50963676 -0.33157417 0.62164575 -0.18120718 -0.18031152 0.4161742 -0.29232052 0.2658072 0.35618442 -0.22101529 0.056575246 0.12997663 -0.016897473 0.0 10.800010734618613
-0.1056934 -0.1369783 -0.056257907 -0.1301013 0.08772739 0.038895607 0.056257907 0.1301013 0.0 0.51304054 -0.3248424 0.62436736 -0.17396963 -0.18028735 0.4197734 -0.29161417 0.26890066 0.35908908 -0.21497966 0.056257907 0.1301013 -0.018737173 0.0 10.985925981225728
-0.1046095 -0.14166905 -0.05574636 -0.1303301 0.08943409 0.04373784 0.05574636 0.1303301 0.0 0.5164659 -0.31798086 0.6270766 -0.16658232 -0.1803823 0.42334148 -0.290993 0.2719429 0.3619956 -0.20884882 0.05574636 0.1303301 -0.01877681 0.0 11.184611741943582
-0.10353188 -0.14636095 -0.055302214 -0.13051 0.09108993 0.04861802 0.055302214 0.13051 0.0 0.5199246 -0.31096154 0.6297771 -0.15901196 -0.18062064 0.42686814 -0.29047316 0.2749186 0.36491066 -0.20260301 0.055302214 0.13051 -0.020312825 0.0 11.396638500907805
-0.10229179 -0.1475293 0.051271677 -0.0014961525 0.0906478 0.050510384 -0.051271677 0.0014961525 0.0 0.52034926 -0.30803284 0.62983465 -0.1558185 -0.18197513 0.42810345 -0.29146048 0.27588913 0.36507425 -0.20004886 -0.051271677 0.0014961525 0.001995072 0.0 11.587521064525411
-0.10133398 -0.1440448 0.094506495 0.10865343 0.086976506 0.049773086 -0.094506495 -0.10865343 0.0 0.5228965 -0.30118322 0.6296971 -0.14707322 -0.19222301 0.4225296 -0.29902354 0.2684196 0.3657526 -0.19593751 -0.094506495 -0.10865343 -0.10307879 0.0 11.741307318672686
-0.101165265 -0.13924512 0.07758881 0.11842172 0.08314478 0.04763876 -0.07758881 -0.11842172 0.0 0.526168 -0.29430723 0.62978673 -0.13804016 -0.20363775 0.41459322 -0.3072565 0.25832614 0.36689946 -0.19230516 -0.07758881 -0.11842172 -0.051797446 0.0 11.909156910209585
-0.101024814 -0.13442992 0.08204536 0.11574718 0.07961621 0.045055922 -0.08204536 -0.11574718 0.0 0.528358 -0.28935018 0.6293196 -0.13135336 -0.21333009 0.40710875 -0.31429175 0.24911194 0.3673875 -0.19005573 -0.08204536 -0.11574718 -0.06448647 0.0 12.081126576187808
-0.10071861 -0.12962765 0.08316202 0.11472036 0.076205365 0.042214323 -0.08316202 -0.11472036 0.0 0.5294529 -0.28605884 0.6282568 -0.12670372 -0.22163707 0.40025017 -0.32044095 0.24089508 0.36714712 -0.18896244 -0.08316202 -0.11472036 -0.03626163 0.0 12.26252191822055
-0.10033903 -0.124825366 0.0830826 0.114961736 0.07289644 0.039192643 -0.0830826 -0.114961736 0.0 0.5299721 -0.2837291 0.6268956 -0.12322341 -0.22913475 0.3937021 -0.3260583 0.23319641 0.366536 -0.18854763 -0.0830826 -0.114961736 -0.043891538 0.0 12.450771094231968
-0.09987756 -0.120034926 0.08434701 0.11387147 0.06969916 0.035969183 -0.08434701 -0.11387147 0.0 0.5297081 -0.28276014 0.62516016 -0.121375 -0.2355606 0.38770244 -0.3310126 0.22631729 0.3654086 -0.1890769 -0.08434701 -0.11387147 -0.023236964 0.0 12.649051158239656
-0.09936901 -0.115245335 0.083941124 0.11430727 0.066569895 0.03262749 -0.083941124 -0.11430727 0.0 0.5290589 -0.28249243 0.6232451 -0.1203653 -0.24143289 0.38196126 -0.33561912 0.21983413 0.3640313 -0.19009772 -0.083941124 -0.11430727 -0.028984988 0.0 12.85639253146449
-0.098816454 -0.110464126 0.084620506 0.11367941 0.06352184 0.029141081 -0.084620506 -0.11367941 0.0 0.5278372 -0.2832815 0.62107813 -0.120608896 -0.24650909 0.37667614 -0.33975002 0.21400355 0.36227462 -0.19184893 -0.084620506 -0.11367941 -0.013210527 0.0 13.07525570744935
-0.09824502 -0.10568217 0.08403774 0.11421634 0.060524598 0.025570732 -0.08403774 -0.11421634 0.0 0.5263518 -0.28459316 0.6188016 -0.12146963 -0.2511905 0.37159598 -0.34364033 0.20847246 0.36034712 -0.19396573 -0.08403774 -0.11421634 -0.017849227 0.0 13.304864322832124
-0.09765798 -0.10090481 0.08424089 0.11396873 0.057585757 0.021895735 -0.08424089 -0.11396873 0.0 0.5244429 -0.2867157 0.61634916 -0.1232853 -0.25527957 0.36688137 -0.34718582 0.20345098 0.35813746 -0.19664142 -0.08424089 -0.11396873 -0.0056513483 0.0 13.54741491486606
-0.09707039 -0.096125156 0.08364297 0.11449332 0.054682232 0.018164426 -0.08364297 -0.11449332 0.0 0.52236557 -0.28919348 0.61383307 -0.12551714 -0.2591074 0.36230952 -0.3505749 0.19863318 0.3558191 -0.19956566 -0.08364297 -0.11449332 -0.009830932 0.0 13.80247262487475
-0.09648383 -0.09134759 0.08358402 0.11445597 0.05181793 0.014358374 -0.08358402 -0.11445597 0.0 0.5199653 -0.2922923 0.6111853 -0.1284779 -0.26249152 0.3580288 -0.35371155 0.19421439 0.35328355 -0.20291631 -0.08358402 -0.11445597 -6.3099425e-05 0.0 14.072140701821017
-0.095908724 -0.08656663 0.08297435 0.114971235 0.04897782 0.01051577 -0.08297435 -0.114971235 0.0 0.51746684 -0.29561266 0.6085041 -0.13169664 -0.26571468 0.3538355 -0.35675195 0.18991946 0.35068554 -0.20642261 -0.08297435 -0.114971235 -0.004135064 0.0 14.356125918501162
-0.09534508 -0.08178625 0.08278503 0.11503683 0.046162877 0.006618452 -0.08278503 -0.11503683 0.0 0.51470566 -0.29942775 0.60571414 -0.13549575 -0.26858988 0.34988293 -0.35959837 0.18595092 0.34790868 -0.21026696 -0.08278503 -0.11503683 0.004179294 0.0 14.656286989975634
-0.09480458 -0.07700134 0.08202142 0.11565034 0.043367814 0.0026974415 -0.08202142 -0.11565034 0.0 0.5119114 -0.30334756 0.60291946 -0.1394153 -0.27138585 0.3459611 -0.36239392 0.18202884 0.34511417 -0.21418719 -0.08202142 -0.11565034 -0.00026627566 0.0 14.973077331772831
-0.0942873 -0.07221572 0.08165126 0.11584464 0.040591784 -0.0012662386 -0.08165126 -0.11584464 0.0 0.50890404 -0.30766508 0.6000359 -0.14380163 -0.27390248 0.3422351 -0.36503434 0.17837164 0.34217423 -0.21837875 -0.08165126 -0.11584464 0.0072113895 0.0 15.308467256367528
-0.09380247 -0.0674249 0.080784924 0.11651572 0.037835393 -0.005247557 -0.080784924 -0.11651572 0.0 0.5059039 -0.31201863 0.597166 -0.1482277 -0.27638566 0.3385037 -0.3676478 0.17471276 0.3392451 -0.22259977 -0.080784924 -0.11651572 0.0025221463 0.0 15.662580278729017
-0.09334727 -0.062632985 0.08035507 0.11674717 0.03509206 -0.009262611 -0.08035507 -0.11674717 0.0 0.50271755 -0.31670856 0.59421587 -0.15304942 -0.27863282 0.33494154 -0.3701311 0.17128243 0.33618793 -0.22704938 -0.08035507 -0.11674717 0.009499197 0.0 16.037395930141514
-0.09293023 -0.05783583 0.079414256 0.11745304 0.03236851 -0.013291594 -0.079414256 -0.11745304 0.0 0.4995634 -0.3213915 0.5912906 -0.15786055 -0.28087446 0.33135116 -0.37260166 0.16782022 0.3331594 -0.23149942 -0.079414256 -0.11745304 0.0046450244 0.0 16.433254506497306
-0.09254857 -0.053040743 0.07885837 0.117648736 0.029655743 -0.017345402 -0.07885837 -0.117648736 0.0 0.49624318 -0.32636443 0.5882921 -0.16301438 -0.28290817 0.32791334 -0.3749571 0.16456328 0.33001646 -0.23614495 -0.07885837 -0.117648736 0.01125316 0.0 16.85220660815442
-0.09221163 -0.048253823 0.07759374 0.11808338 0.026974894 -0.021397425 -0.07759374 -0.11808338 0.0 0.49302277 -0.3312296 0.5853564 -0.1680403 -0.2849865 0.32440582 -0.37732014 0.16121653 0.32695362 -0.24072039 -0.07759374 -0.11808338 0.0055052917 0.0 17.29467153093792
-0.09191201 -0.043477125 0.076964974 0.11804738 0.024304098 -0.025462503 -0.076964974 -0.11804738 0.0 0.48964718 -0.33635226 0.5823512 -0.17337307 -0.28687117 0.32104832 -0.3795752 0.15806912 0.323784 -0.24546614 -0.076964974 -0.11804738 0.012418795 0.0 17.762921114289355
-0.09165773 -0.03870943 0.075675614 0.11847399 0.02166798 -0.029523501 -0.075675614 -0.11847399 0.0 0.48640072 -0.34132487 0.579424 -0.17852773 -0.28882742 0.31759664 -0.38185075 0.15479949 0.32071602 -0.2501138 -0.075675614 -0.11847399 0.0059542507 0.0 18.25739250686255
-0.091442116 -0.033952586 0.0750384 0.118433 0.019036891 -0.033594348 -0.0750384 -0.118433 0.0 0.48298892 -0.3465562 0.5764188 -0.18399204 -0.29059002 0.31430072 -0.3840199 0.15173654 0.3175327 -0.25493133 -0.0750384 -0.118433 0.013411293 0.0 18.78066817124482
-0.09127438 -0.029205315 0.073672265 0.11889134 0.01644645 -0.037661508 -0.073672265 -0.11889134 0.0 0.47973663 -0.35160232 0.5735096 -0.18923579 -0.29244518 0.31088656 -0.38621813 0.14852004 0.31447423 -0.25962827 -0.073672265 -0.11889134 0.0061264336 0.0 19.33314604707735
-0.09114765 -0.024469856 0.073001765 0.118850924 0.013857687 -0.041735735 -0.073001765 -0.118850924 0.0 0.4763131 -0.35690486 0.5705166 -0.19478777 -0.2941079 0.3076308 -0.38831142 0.1455137 0.3112954 -0.2644926 -0.073001765 -0.118850924 0.0141442595 0.0 19.917728241130902
-0.091075495 -0.019745963 0.07135996 0.11941036 0.01132558 -0.045807812 -0.07135996 -0.11941036 0.0 0.47311687 -0.36194927 0.5676612 -0.20003071 -0.29590428 0.30420592 -0.39044866 0.14228737 0.30829394 -0.26918998 -0.07135996 -0.11941036 0.005516429 0.0 20.534549157455302
-0.09104547 -0.015034321 0.070793346 0.11930983 0.00878699 -0.049885783 -0.070793346 -0.11930983 0.0 0.46970892 -0.3672934 0.5646973 -0.20563492 -0.29748112 0.30096978 -0.39246953 0.13931133 0.30514118 -0.27408212 -0.070793346 -0.11930983 0.015008199 0.0 21.18688633066769
-0.0910714 -0.010335049 0.069026224 0.119922765 0.0063157035 -0.053963874 -0.069026224 -0.119922765 0.0 0.46657208 -0.37233582 0.5618987 -0.21087658 -0.29921716 0.29753217 -0.3945438 0.13607293 0.30219984 -0.2787802 -0.069026224 -0.119922765 0.0048022964 0.0 21.87488595943716
-0.08973665 -0.0063322885 0.113770485 0.059578363 0.0026836079 -0.05675505 -0.113770485 -0.059578363 0.0 0.46041387 -0.37874824 0.55701137 -0.2180461 -0.30006665 0.29714054 -0.39666414 0.1364384 0.29678488 -0.28389874 -0.113770485 -0.059578363 0.043061554 0.0 22.600205039537798
-0.087680645 -0.0031817115 0.09124899 0.040885214 -0.0008291523 -0.058394447 -0.09124899 -0.040885214 0.0 0.45619714 -0.38138607 0.55314523 -0.22089517 -0.30280617 0.29616117 -0.39975423 0.13567029 0.29277557 -0.2861796 -0.09124899 -0.040885214 -0.015895331 0.0 23.364413031932024
-0.08556965 -0.00076097396 0.08887702 0.019252185 -0.004427228 -0.059337188 -0.08887702 -0.019252185 0.0 0.44964448 -0.38646945 0.54804724 -0.22686636 -0.30316916 0.2979485 -0.40157193 0.13834542 0.28709498 -0.28978154 -0.08887702 -0.019252185 0.064394474 0.0 24.181893755649078
-0.08348209 0.0010286854 0.073131815 0.007652256 -0.007210355 -0.059756957 -0.073131815 -0.007652256 0.0 0.44649476 -0.38739744 0.5450762 -0.22790466 -0.305552 0.29786304 -0.40413347 0.13837023 0.28405365 -0.2905276 -0.073131815 -0.007652256 -0.03624757 0.0 25.036577357916084
-0.0813496 0.0022190353 0.0704016 -0.011669676 -0.010225405 -0.05955239 -0.0704016 0.011669676 0.0 0.44029632 -0.3915566 0.54041255 -0.23302267 -0.30510157 0.30093038 -0.4052178 0.1423965 0.27879775 -0.29312342 -0.0704016 0.011669676 0.08129847 0.0 25.95391091579404
-0.07928314 0.002891771 0.055662062 -0.018533349 -0.012282791 -0.059028033 -0.055662062 0.018533349 0.0 0.43851468 -0.39065775 0.5384991 -0.2320407 -0.3074584 0.3012096 -0.40744284 0.14259256 0.27693433 -0.29235882 -0.055662062 0.018533349 -0.05900033 0.0 26.907545245879646
-0.07713891 0.003085414 0.0563617 -0.036639336 -0.014755718 -0.05790966 -0.0563617 0.036639336 0.0 0.43284237 -0.39384502 0.5343425 -0.23619361 -0.3064649 0.30514067 -0.4079651 0.14748926 0.27221167 -0.29400188 -0.0563617 0.036639336 0.0959973 0.0 27.933823211847432
-0.075069174 0.0028618395 0.041294657 -0.039525922 -0.016189972 -0.056654442 -0.041294657 0.039525922 0.0 0.432503 -0.39112598 0.53348774 -0.23314388 -0.30908346 0.3054411 -0.41006815 0.14745902 0.27154705 -0.29180807 -0.041294657 0.039525922 -0.08321328 0.0 28.996994096725608
-0.072911546 0.0022458597 0.044764314 -0.05681702 -0.018196965 -0.054803185 -0.044764314 0.05681702 0.0 0.4273023 -0.39351693 0.5297814 -0.23650011 -0.30764166 0.3100551 -0.41012076 0.15303826 0.26729593 -0.2926763 -0.044764314 0.05681702 0.111472756 0.0 30.14344532776176
-0.07084424 0.0012941358 0.029221706 -0.056193747 -0.01912034 -0.052980993 -0.029221706 0.056193747 0.0 0.42821327 -0.38926846 0.5298375 -0.23169698 -0.31054378 0.31029877 -0.41216797 0.15272729 0.26766115 -0.28929895 -0.029221706 0.056193747 -0.10635404 0.0 31.32978076252458
-0.068671316 3.026727e-05 0.03586639 -0.07294659 -0.020755304 -0.050541133 -0.03586639 0.07294659 0.0 0.42327738 -0.39117524 0.52643347 -0.23460233 -0.30862197 0.31556347 -0.41177806 0.15899058 0.26370788 -0.2896447 -0.03586639 0.07294659 0.12839423 0.0 32.61024722650724
