120
-0.06790451 0.12505776 -0.1298847 -0.02835705 -0.27965522 0.055845715 0.1298847 0.02835705 0.0 0.28743705 -0.5364441 0.40981856 -0.39439124 -0.3477968 0.25831005 -0.47017828 0.116257176 0.2728229 -0.13459805 0.12996466 0.028237727 0.0 0.0 -2.294846256567387
-0.07061433 0.1238135 -0.055890854 0.061622784 -0.27603227 0.058703516 0.055890854 -0.061622784 0.0 0.2831163 -0.54109126 0.40738004 -0.40068194 -0.3414696 0.262058 -0.46573332 0.12164868 0.2738612 -0.13908984 0.05595728 -0.06172484 0.08208173 0.0 -2.3055172644202746
-0.07366366 0.12627856 0.01226063 0.13835323 -0.27352303 0.06346433 -0.01226063 -0.13835323 0.0 0.2664989 -0.55360717 0.39511403 -0.4171726 -0.33253697 0.26877493 -0.4611521 0.13234036 0.26988447 -0.1515167 -0.012207071 -0.13844149 0.13631307 0.0 -2.3116230832448688
-0.07599892 0.13044347 0.051554345 0.13159461 -0.27191502 0.070518754 -0.051554345 -0.13159461 0.0 0.24123794 -0.56907094 0.37556717 -0.43825844 -0.32209942 0.27816415 -0.45642865 0.14735165 0.2618085 -0.16749544 -0.051512185 -0.13167131 0.16832456 0.0 -2.3206135392941136
-0.07774177 0.13491575 0.06873644 0.12358771 -0.27016947 0.080044955 -0.06873644 -0.12358771 0.0 0.20966706 -0.58490455 0.3504984 -0.46111932 -0.30968934 0.28998128 -0.4505207 0.16619608 0.25071016 -0.18490501 -0.06870407 -0.12365447 0.19682354 0.0 -2.331215943809739
-0.07933714 0.13944705 0.076424725 0.11902716 -0.26771456 0.09137778 -0.076424725 -0.11902716 0.0 0.17314969 -0.6000263 0.3208563 -0.4845317 -0.29511493 0.30323693 -0.44282153 0.18774234 0.23709348 -0.20304549 -0.07640058 -0.119085245 0.216158 0.0 -2.3421514180609786
-0.08102703 0.14394489 0.07943843 0.11708738 -0.26442188 0.10351495 -0.07943843 -0.11708738 0.0 0.13366741 -0.61337125 0.28811127 -0.5070541 -0.2789137 0.31664652 -0.43335757 0.21032934 0.22158729 -0.22100492 -0.07942099 -0.117137775 0.22299339 0.0 -2.352910876489038
-0.082938865 0.14834312 0.07948288 0.11676802 -0.26044896 0.115429126 -0.07948288 -0.11676802 0.0 0.09350002 -0.6242472 0.25409833 -0.5274772 -0.26200837 0.3290471 -0.42260668 0.23227713 0.20501806 -0.23792629 -0.07947072 -0.11681156 0.21763079 0.0 -2.3629837056400165
-0.08511983 0.15256236 0.07704236 0.11679153 -0.25611234 0.12628835 -0.07704236 -0.11679153 0.0 0.05480778 -0.63248014 0.2206945 -0.5450854 -0.24541092 0.33964384 -0.41129765 0.25224906 0.18831103 -0.25319654 -0.07703419 -0.11682898 0.20203002 0.0 -2.372201503597681
-0.08758963 0.15655863 0.07299948 0.11758853 -0.25177476 0.13554628 -0.07299948 -0.11758853 0.0 0.01917878 -0.638395 0.18939474 -0.5597643 -0.22996864 0.3480541 -0.4001846 0.26942348 0.17226756 -0.26658568 -0.07299421 -0.11762059 0.18061301 0.0 -2.3807076843591193
-0.090345904 0.16029784 0.067762114 0.11891261 -0.2477205 0.1429801 -0.067762114 -0.11891261 0.0 -0.012523981 -0.6425665 0.161117 -0.5718201 -0.21619734 0.35426515 -0.38983834 0.2835187 0.15744528 -0.27816552 -0.0677589 -0.118939966 0.15696694 0.0 -2.388864777653204
-0.093376644 0.16375086 0.06136225 0.120668024 -0.24411702 0.1485911 -0.06136225 -0.120668024 0.0 -0.04001236 -0.6456017 0.13627788 -0.58174247 -0.20430464 0.35847217 -0.38059488 0.29461294 0.1441638 -0.2881717 -0.061360445 -0.12069131 0.13359693 0.0 -2.3963894381314312
-0.09665397 0.16690521 0.05475393 0.1223253 -0.24097478 0.15261815 -0.05475393 -0.1223253 0.0 -0.063669704 -0.647984 0.114666626 -0.5900841 -0.19413301 0.36104304 -0.37246934 0.3031431 0.13241191 -0.29694474 -0.054753065 -0.12234508 0.11446608 0.0 -2.403036204438716
-0.10014431 0.1697602 0.048076797 0.123847224 -0.23818745 0.155419 -0.048076797 -0.123847224 0.0 -0.08427209 -0.65000695 0.09567473 -0.59732497 -0.18529595 0.3623914 -0.36524278 0.3097094 0.12194907 -0.3048273 -0.048076555 -0.123864 0.10016036 0.0 -2.4087998219661384
-0.10381845 0.17231375 0.041287545 0.12518744 -0.23558068 0.15737435 -0.041287545 -0.12518744 0.0 -0.10272816 -0.6517926 0.0785317 -0.6038226 -0.1773081 0.3628966 -0.35856795 0.31492662 0.11242722 -0.31211045 -0.041287713 -0.12520166 0.09131672 0.0 -2.413863570417631
-0.10765224 0.17457017 0.034807447 0.1263456 -0.23296252 0.15884145 -0.034807447 -0.1263456 0.0 -0.119958416 -0.6533352 0.06242143 -0.60981697 -0.16967614 0.36287555 -0.352056 0.31935728 0.10344797 -0.31902242 -0.034807887 -0.12635766 0.087446265 0.0 -2.418423440889466
-0.11162007 0.17653926 0.028878337 0.12724943 -0.23017558 0.16010307 -0.028878337 -0.12724943 0.0 -0.13672337 -0.6545549 0.04664968 -0.6154323 -0.16200389 0.36255726 -0.34537694 0.3234347 0.094653085 -0.32570818 -0.028878953 -0.12725964 0.08724674 0.0 -2.4226736867506364
-0.11569772 0.1782255 0.023214309 0.12789185 -0.2271059 0.16135076 -0.023214309 -0.12789185 0.0 -0.15355211 -0.65534425 0.03072063 -0.6207061 -0.15401635 0.36208192 -0.33828908 0.32744375 0.0857765 -0.3322393 -0.023215042 -0.1279005 0.08944537 0.0 -2.426797240129676
-0.1198658 0.1796217 0.017451048 0.12830727 -0.22366205 0.16270879 -0.017451048 -0.12830727 0.0 -0.1707998 -0.65558606 0.014290506 -0.62562233 -0.14551602 0.36152598 -0.33060634 0.33156228 0.0766289 -0.33864152 -0.017451856 -0.12831457 0.09339295 0.0 -2.4309355037488785
-0.1241098 0.18071443 0.011524015 0.12858732 -0.2197715 0.16424844 -0.011524015 -0.12858732 0.0 -0.18869348 -0.655163 -0.0028716612 -0.63013303 -0.13636486 0.36091673 -0.32218668 0.33588675 0.06707794 -0.34491205 -0.011524865 -0.1285935 0.098449394 0.0 -2.435021148355997
-0.12841195 0.18148428 0.005242972 0.12865311 -0.21537755 0.16600372 -0.005242972 -0.12865311 0.0 -0.20735234 -0.65395755 -0.020900184 -0.6341625 -0.12647392 0.36024898 -0.31292605 0.34045392 0.057041675 -0.35102135 -0.00524384 -0.12865831 0.10414 0.0 -2.4390240706943738
-0.13275166 0.18191087 -0.0013145686 0.12847106 -0.21043116 0.16798848 0.0013145686 -0.12847106 0.0 -0.22684358 -0.65184784 -0.03988436 -0.63761765 -0.11577866 0.35949823 -0.3027379 0.34526807 0.0464602 -0.356925 0.0013137009 -0.12847544 0.110380426 0.0 -2.4431374043349763
-0.13710347 0.18197542 -0.00814147 0.12798253 -0.20489368 0.17019832 0.00814147 -0.12798253 0.0 -0.24718277 -0.648711 -0.059867464 -0.6403909 -0.10424181 0.35862413 -0.2915571 0.35030395 0.035296377 -0.36256447 0.008140617 -0.12798622 0.11681943 0.0 -2.4471949083860105
-0.14143634 0.18165189 -0.015654687 0.12708214 -0.19871806 0.17262419 0.015654687 -0.12708214 0.0 -0.2683616 -0.6444136 -0.08087283 -0.6423604 -0.09182292 0.35757962 -0.2793117 0.35552648 0.023526179 -0.36787102 0.01565386 -0.12708525 0.12363617 0.0 -2.4513524677091234
-0.14571409 0.1809088 -0.023938417 0.12571341 -0.19187042 0.17522742 0.023938417 -0.12571341 0.0 -0.2902723 -0.63884753 -0.1028277 -0.64340484 -0.07852182 0.3562997 -0.26596642 0.36085707 0.0111825 -0.37276635 0.023937624 -0.12571602 0.129974 0.0 -2.4554699413408123
-0.14989059 0.17971621 -0.033058006 0.123703405 -0.18437688 0.17790724 0.033058006 -0.123703405 0.0 -0.31257877 -0.6320095 -0.12542756 -0.64344066 -0.064461514 0.35469916 -0.25161272 0.36613032 -0.0015651268 -0.37716717 0.033057254 -0.123705596 0.13434803 0.0 -2.4593044529041563
-0.15390484 0.17803912 -0.04353114 0.12068215 -0.17626922 0.18056804 0.04353114 -0.12068215 0.0 -0.33489677 -0.62394315 -0.14830916 -0.6424178 -0.0497777 0.35271618 -0.23636532 0.37119082 -0.014501843 -0.3810004 0.04353043 -0.120683976 0.1373667 0.0 -2.4629930899081205
-0.15767956 0.17585357 -0.054881647 0.1163677 -0.16753444 0.18318555 0.054881647 -0.1163677 0.0 -0.35703325 -0.61461836 -0.17129573 -0.6402665 -0.03450581 0.3503336 -0.22024332 0.3759817 -0.027518205 -0.38419732 0.054880988 -0.116369225 0.14037782 0.0 -2.465992952377107
-0.16113462 0.17316449 -0.06638083 0.11079944 -0.1581559 0.18576252 0.06638083 -0.11079944 0.0 -0.3789019 -0.6039666 -0.19431752 -0.6369037 -0.01865295 0.34754637 -0.20323734 0.38048348 -0.040574927 -0.38669065 0.06638022 -0.110800706 0.14334807 0.0 -2.468414004140425
-0.16419202 0.17000145 -0.077708796 0.10395941 -0.14816609 0.18827489 0.077708796 -0.10395941 0.0 -0.4003273 -0.5919915 -0.21720824 -0.63228625 -0.002302899 0.34434864 -0.18542194 0.38464338 -0.053579353 -0.38842374 0.07770824 -0.10396047 0.14527586 0.0 -2.470173177544472
-0.16678485 0.16641673 -0.08832242 0.09610586 -0.13764937 0.1906749 0.08832242 -0.09610586 0.0 -0.4210529 -0.5787946 -0.23970667 -0.6264369 0.014385572 0.34074306 -0.16696067 0.3883854 -0.066382304 -0.3893673 0.08832192 -0.09610673 0.1457792 0.0 -2.4712254718679953
-0.16887495 0.16248949 -0.0974205 0.08791409 -0.12673175 0.19290465 0.0974205 -0.08791409 0.0 -0.4408309 -0.5645534 -0.26154587 -0.6194454 0.03121151 0.3367414 -0.14807351 0.3916334 -0.078833856 -0.38953316 0.09742004 -0.08791481 0.14474773 0.0 -2.471690080175761
-0.17045768 0.15830585 -0.10492802 0.07992492 -0.1155439 0.19490984 0.10492802 -0.07992492 0.0 -0.4594823 -0.549474 -0.28251916 -0.6114441 0.047988094 0.33235934 -0.12897505 0.39432946 -0.09081897 -0.38897088 0.1049276 -0.079925515 0.1426092 0.0 -2.4718866806882893
-0.1715442 0.15394308 -0.111148745 0.07221958 -0.10418971 0.19665854 0.111148745 -0.07221958 0.0 -0.47691745 -0.53373516 -0.30250764 -0.60256445 0.064582 0.3276211 -0.1098278 0.3964504 -0.10227096 -0.38774234 0.11114837 -0.07222007 0.13984244 0.0 -2.4721102379012194
-0.172162 0.14946873 -0.11603936 0.06525498 -0.09274255 0.1981344 0.11603936 -0.06525498 0.0 -0.49313954 -0.5174655 -0.3214906 -0.5929166 0.08091574 0.32254454 -0.09073323 0.39799574 -0.1131822 -0.38591206 0.11603903 -0.06525538 0.13703167 0.0 -2.4719784648002046
-0.1723513 0.14493649 -0.11984938 0.059200216 -0.08124918 0.19932564 0.11984938 -0.059200216 0.0 -0.5082098 -0.5007497 -0.3395122 -0.5825872 0.09695408 0.31713346 -0.07174353 0.39897087 -0.12358477 -0.38354295 0.11984908 -0.05920055 0.13443041 0.0 -2.4714283429097725
-0.17215313 0.14038618 -0.12285028 0.053998336 -0.0697434 0.20022176 0.12285028 -0.053998336 0.0 -0.5221927 -0.48365727 -0.35662293 -0.571651 0.112676926 0.3113879 -0.052892864 0.3993816 -0.1335127 -0.38069266 0.122850016 -0.05399861 0.13198473 0.0 -2.4706817109336563
-0.17160459 0.13584732 -0.12524949 0.049528852 -0.058272082 0.20080882 0.12524949 -0.049528852 0.0 -0.53509665 -0.4663038 -0.37280884 -0.56021285 0.12803964 0.30532208 -0.034248162 0.3992312 -0.14295538 -0.37742716 0.12524927 -0.049529076 0.12910032 0.0 -2.469542440412787
-0.17073637 0.13133968 -0.12728643 0.045646384 -0.04685528 0.20108503 0.12728643 -0.045646384 0.0 -0.54696876 -0.44875142 -0.38810274 -0.5483398 0.14303522 0.29894555 -0.015830789 0.3985339 -0.15193024 -0.37379527 0.12728624 -0.045646567 0.12670296 0.0 -2.468085018914513
-0.16957615 0.12687872 -0.12900047 0.042336773 -0.035506576 0.20105134 0.12900047 -0.042336773 0.0 -0.5578608 -0.43104595 -0.40254495 -0.5360852 0.15766425 0.29226598 0.0023484116 0.39730522 -0.16045994 -0.36983812 0.12900029 -0.04233692 0.12427415 0.0 -2.46633020481482
-0.16814755 0.12247702 -0.13047922 0.039423615 -0.024246609 0.2007098 0.13047922 -0.039423615 0.0 -0.56780046 -0.41325283 -0.4161476 -0.5235146 0.17191526 0.2853006 0.020262403 0.3955624 -0.16854751 -0.36559874 0.13047905 -0.039423734 0.12184723 0.0 -2.4646213406754813
-0.16646864 0.11814562 -0.13178897 0.03676295 -0.013088734 0.20006864 0.13178897 -0.03676295 0.0 -0.57682264 -0.39541855 -0.42893267 -0.5106783 0.18578601 0.27806813 0.03789605 0.3933279 -0.17620213 -0.36111063 0.13178883 -0.03676305 0.119512275 0.0 -2.463345898430667
-0.1645541 0.11389435 -0.13297077 0.034287732 -0.0020462612 0.19913886 0.13297077 -0.034287732 0.0 -0.58495593 -0.37759092 -0.44091505 -0.49762625 0.1992733 0.27059177 0.055232424 0.3906271 -0.18342762 -0.35640496 0.13297065 -0.03428781 0.11712952 0.0 -2.4627457512892783
-0.16241825 0.10973219 -0.13401815 0.031975932 0.008833517 0.19793409 0.13401815 -0.031975932 0.0 -0.59216696 -0.35991833 -0.45202628 -0.48448488 0.21232878 0.26293224 0.07218807 0.3874988 -0.19016737 -0.3515446 0.13401805 -0.031975996 0.113738425 0.0 -2.462885257810667
-0.1600744 0.10566691 -0.13496122 0.029748162 0.019497452 0.19647731 0.13496122 -0.029748162 0.0 -0.5984205 -0.34257585 -0.4621879 -0.4714049 0.22490038 0.25516906 0.08866775 0.38399813 -0.19635384 -0.34660313 0.13496113 -0.029748214 0.10971394 0.0 -2.4635222227695133
-0.15753458 0.1017053 -0.1358208 0.027567212 0.029920701 0.19479784 0.1358208 -0.027567212 0.0 -0.6037374 -0.32566187 -0.47139183 -0.45848092 0.23697644 0.2473621 0.10463087 0.38018116 -0.20196782 -0.34163097 0.13582073 -0.027567253 0.105570145 0.0 -2.4640462325909898
-0.15481015 0.09785316 -0.13660893 0.025413914 0.040092953 0.19292632 0.13660893 -0.025413914 0.0 -0.60816324 -0.3092338 -0.47966287 -0.4457765 0.24856475 0.23955885 0.12006437 0.37610152 -0.2070132 -0.33666474 0.13660885 -0.025413947 0.10133573 0.0 -2.4643902003047873
-0.15191452 0.0941132 -0.13730945 0.023429349 0.05000147 0.19089179 0.13730945 -0.023429349 0.0 -0.61173904 -0.29336062 -0.4870191 -0.43336484 0.25967008 0.2318083 0.1349501 0.37181252 -0.21148874 -0.33174673 0.13730939 -0.023429375 0.09687396 0.0 -2.465163993148039
-0.14885752 0.090488575 -0.13799404 0.021370832 0.05964552 0.18872504 0.13799404 -0.021370832 0.0 -0.6145193 -0.27807546 -0.49349922 -0.42128995 0.27031142 0.22415043 0.14929135 0.3673649 -0.21540834 -0.3269042 0.13799398 -0.021370854 0.092541315 0.0 -2.466688011958329
-0.14564796 0.08698389 -0.13861649 0.019281177 0.06903169 0.18645574 0.13861649 -0.019281177 0.0 -0.6165677 -0.2633825 -0.49915773 -0.4095713 0.28051573 0.21661505 0.1631058 0.36280382 -0.21879892 -0.32215187 0.13861644 -0.019281194 0.088325016 0.0 -2.4691057978261055
-0.14229652 0.08360078 -0.13917108 0.017269326 0.07815966 0.18411157 0.13917108 -0.017269326 0.0 -0.6179341 -0.24931009 -0.50403076 -0.3982472 0.29030058 0.20923758 0.17639717 0.3581747 -0.22167403 -0.3175137 0.13917103 -0.01726934 0.08398976 0.0 -2.4722959747563222
-0.1388144 0.08033911 -0.13966423 0.015327356 0.08702641 0.18172006 0.13966423 -0.015327356 0.0 -0.61866283 -0.23589656 -0.50814646 -0.387364 0.2996799 0.20205654 0.18916355 0.35352397 -0.22404124 -0.31301734 0.1396642 -0.015327367 0.079570115 0.0 -2.476353779757983
-0.1352114 0.07719825 -0.14011674 0.013414917 0.095631436 0.17930913 0.14011674 -0.013414917 0.0 -0.6187977 -0.22317308 -0.5115345 -0.37696144 0.30867004 0.19510894 0.20140685 0.34889728 -0.22590934 -0.30868647 0.14011672 -0.013414925 0.075070105 0.0 -2.4813944329844486
-0.1314972 0.074176595 -0.14052324 0.011568982 0.10397379 0.1769067 0.14052324 -0.011568982 0.0 -0.61838037 -0.21117236 -0.5142218 -0.36708012 0.3172863 0.18843251 0.2131277 0.3443403 -0.22728528 -0.30454487 0.14052321 -0.011568989 0.0704475 0.0 -2.4873762042872207
-0.12768196 0.071271576 -0.1408715 0.009792118 0.11205139 0.17454086 0.1408715 -0.009792118 0.0 -0.6174503 -0.19992967 -0.51623243 -0.35776246 0.32554248 0.18206616 0.22432463 0.33989897 -0.22817418 -0.30061674 0.14087148 -0.009792124 0.06568138 0.0 -2.4940647895404764
-0.12377496 0.068479985 -0.14117154 0.008063305 0.119860545 0.17224178 0.14117154 -0.008063305 0.0 -0.6160428 -0.18948628 -0.5175849 -0.34905538 0.33345023 0.17605339 0.23499234 0.3356225 -0.22857642 -0.29692754 0.14117153 -0.00806331 0.06069508 0.0 -2.501105647810994
-0.11978499 0.06579797 -0.14142595 0.0063853897 0.12739979 0.17003901 0.14142595 -0.0063853897 0.0 -0.6141937 -0.17987534 -0.51829994 -0.3409984 0.34102312 0.17043474 0.2451294 0.3315578 -0.22849488 -0.29349864 0.14142595 -0.0063853934 0.055590786 0.0 -2.50825346469256
-0.115719765 0.06322259 -0.14163142 0.004683469 0.13467532 0.16795781 0.14163142 -0.004683469 0.0 -0.61194485 -0.1710985 -0.51841235 -0.33360362 0.34828168 0.16523646 0.25474918 0.3277416 -0.22794506 -0.29033753 0.14163141 -0.0046834718 0.050562486 0.0 -2.5153878088741686
-0.11158961 0.060751274 -0.14169654 0.003029159 0.14168635 0.16602477 0.14169654 -0.003029159 0.0 -0.6093341 -0.16316998 -0.5179497 -0.32689273 0.35523835 0.16049069 0.26385394 0.32421345 -0.22693785 -0.28745553 0.14169653 -0.0030291614 0.04534676 0.0 -2.522431270745606
-0.10740178 0.058378927 -0.14172247 0.0013914829 0.14842671 0.16427323 0.14172247 -0.0013914829 0.0 -0.60638463 -0.15613385 -0.5169173 -0.320912 0.36189958 0.15624714 0.27243224 0.3210253 -0.22546498 -0.2848739 0.14172247 -0.0013914848 0.039803874 0.0 -2.52923535156919
-0.10316257 0.056099556 -0.14172949 -0.00021741365 0.15488946 0.16273858 0.14172949 0.00021741365 0.0 -0.60311586 -0.15003745 -0.5153154 -0.3157098 0.3682705 0.15255931 0.28047004 0.31823167 -0.22351433 -0.28261378 0.14172947 0.00021741213 0.033969752 0.0 -2.535607302969353
-0.098878 0.05390656 -0.1417183 -0.0018053373 0.1610687 0.16145538 0.1417183 0.0018053373 0.0 -0.5995459 -0.14492074 -0.5131449 -0.31132722 0.37435636 0.14947802 0.28795537 0.3158845 -0.2210753 -0.28069183 0.14171828 0.001805336 0.027868161 0.0 -2.5413212602555166
-0.094553806 0.051792722 -0.14168969 -0.00336844 0.16695747 0.16045885 0.14168969 0.00336844 0.0 -0.59568936 -0.14082302 -0.5104033 -0.3078037 0.38016024 0.14705518 0.2948742 0.31403583 -0.21813528 -0.27912247 0.14168969 0.0033684392 0.021465478 0.0 -2.546132757609167
-0.09019555 0.049749967 -0.14164478 -0.004897585 0.172545 0.159787 0.14164478 0.004897585 0.0 -0.59155416 -0.13779214 -0.50707906 -0.3051845 0.38568026 0.14534934 0.30120516 0.31274173 -0.2146754 -0.2779213 0.14164478 0.004897584 0.014675925 0.0 -2.5495717968943907
-0.08580861 0.04776956 -0.14158432 -0.006399393 0.17781726 0.15948011 0.14158432 0.006399393 0.0 -0.5871422 -0.13588047 -0.50315326 -0.30351728 0.39090973 0.14442402 0.30692074 0.31206083 -0.21067166 -0.27710268 0.14158432 0.0063993926 0.0074816295 0.0 -2.55137841482417
-0.08139822 0.045841947 -0.14150964 -0.007865081 0.18275605 0.15958107 0.14150964 0.007865081 0.0 -0.5824477 -0.1351462 -0.49859747 -0.30285248 0.39583597 0.14434859 0.31198576 0.31205487 -0.20609415 -0.27668 0.14150964 0.00786508 -0.00019411762 0.0 -2.551241162449853
-0.07697006 0.04395554 -0.14142524 -0.00924173 0.18733327 0.16014008 0.14142524 0.00924173 0.0 -0.5774514 -0.13567281 -0.49336332 -0.3032599 0.40043458 0.14521003 0.31634647 0.31279713 -0.20089741 -0.27667236 0.14142522 0.009241729 -0.008582407 0.0 -2.548864352472912
-0.07252977 0.042097952 -0.141331 -0.010565803 0.19151509 0.16121052 0.141331 0.010565803 0.0 -0.5721237 -0.13754809 -0.48739022 -0.30480984 0.40467238 0.14710198 0.3199389 0.31436372 -0.19502899 -0.27709514 0.141331 0.010565802 -0.017626291 0.0 -2.543929486728208
-0.06808307 0.040255878 -0.1412301 -0.011817106 0.1952646 0.16284376 0.1412301 0.011817106 0.0 -0.5664249 -0.14085013 -0.48061088 -0.30756006 0.40850872 0.15011488 0.3226947 0.3168248 -0.1884351 -0.27795404 0.1412301 0.011817105 -0.027317207 0.0 -2.5360500014073253
-0.06363845 0.03841591 -0.14104623 -0.012989438 0.19853434 0.16509233 0.14104623 0.012989438 0.0 -0.56030285 -0.14566004 -0.47294477 -0.31156608 0.41188744 0.15434375 0.32452935 0.3202498 -0.18105642 -0.27924877 0.14104623 0.012989437 -0.037753407 0.0 -2.5248201846680582
-0.05920443 0.036563814 -0.14078832 -0.014094245 0.2012622 0.16801625 0.14078832 0.014094245 0.0 -0.55368173 -0.15207836 -0.4642826 -0.31689355 0.41473174 0.1599018 0.3253326 0.324717 -0.17281538 -0.2809761 0.14078832 0.014094244 -0.049162205 0.0 -2.509783076133414
-0.054788698 0.034683406 -0.1405089 -0.015120216 0.20336838 0.17168464 0.1405089 0.015120216 0.0 -0.5464541 -0.16022986 -0.4544769 -0.32362035 0.41693902 0.16692457 0.32496187 0.33031505 -0.16360985 -0.28312868 0.1405089 0.015120215 -0.06176886 0.0 -2.490428435466708
-0.050398957 0.03276057 -0.14017794 -0.016220622 0.20476373 0.17616096 0.14017794 0.016220622 0.0 -0.5384901 -0.17021255 -0.44336596 -0.33179113 0.41838652 0.17553785 0.32326233 0.33711645 -0.15333764 -0.28567407 0.14017794 0.016220622 -0.07532644 0.0 -2.4662630517465907
-0.04604337 0.030782042 -0.1397861 -0.017388234 0.20535025 0.18149671 0.1397861 0.017388234 0.0 -0.5296364 -0.18209042 -0.43077543 -0.3414101 0.4189296 0.18584822 0.3200687 0.3451679 -0.14189966 -0.2885519 0.1397861 0.017388234 -0.08982767 0.0 -2.4366515516958995
-0.041732747 0.02873093 -0.13934487 -0.018484471 0.20500103 0.18774447 0.13934487 0.018484471 0.0 -0.51969206 -0.19594918 -0.41648036 -0.3524854 0.4183795 0.19797716 0.31516775 0.35451338 -0.12917012 -0.29169044 0.13934487 0.018484471 -0.10572365 0.0 -2.401208546091879
-0.037480652 0.026587151 -0.13886163 -0.019473491 0.20355201 0.19495846 0.13886163 0.019473491 0.0 -0.5083955 -0.21189734 -0.40019125 -0.365025 0.41648972 0.2120644 0.30828544 0.3651921 -0.114990145 -0.29499978 0.13886163 0.019473491 -0.12329686 0.0 -2.359401871247031
-0.033303995 0.024326473 -0.13837738 -0.020239403 0.20078987 0.2031942 0.13837738 0.020239403 0.0 -0.49540156 -0.2300706 -0.38153175 -0.3790334 0.41293642 0.22827241 0.2990666 0.3772352 -0.09915685 -0.2983635 0.13837738 0.020239403 -0.14315005 0.0 -2.3118002878322366
-0.029224671 0.02192358 -0.13785858 -0.02079989 0.19645837 0.21248402 0.13785858 0.02079989 0.0 -0.4802848 -0.25057063 -0.3600608 -0.39445406 0.4073175 0.24674056 0.2870935 0.39062402 -0.08145078 -0.30161196 0.13785858 0.02079989 -0.16520768 0.0 -2.2601944532315117
-0.02526934 0.019353561 -0.13729188 -0.021149145 0.19026071 0.22281876 0.13729188 0.021149145 0.0 -0.46253496 -0.27342588 -0.33528152 -0.41113138 0.39914793 0.26755366 0.27189448 0.4052592 -0.061650958 -0.30450344 0.13729188 0.021149145 -0.1896485 0.0 -2.2052717811401275
-0.021470513 0.01659096 -0.13669926 -0.021225587 0.18184365 0.23414132 0.13669926 0.021225587 0.0 -0.4415295 -0.29859388 -0.30661535 -0.42880303 0.3878334 0.29073915 0.25291923 0.4209483 -0.039524704 -0.30671376 0.13669926 0.021225587 -0.2168572 0.0 -2.148108705770026
-0.0178706 0.013610339 -0.13606851 -0.02088367 0.17080592 0.24631149 0.13606851 0.02088367 0.0 -0.4165399 -0.32589984 -0.27343023 -0.44704387 0.37267125 0.31620765 0.22956157 0.43735167 -0.014859996 -0.30781516 0.13606851 0.02088367 -0.24677034 0.0 -2.0894791031493067
-0.014520175 0.010391314 -0.13537005 -0.020208614 0.15668967 0.25909057 0.13537005 0.020208614 0.0 -0.3867151 -0.355004 -0.2350355 -0.46522897 0.352831 0.343729 0.20115137 0.45395395 0.01252622 -0.30725303 0.13537005 0.020208614 -0.27992868 0.0 -2.0300370528745537
-0.011482589 0.00691392 -0.13473022 -0.018872332 0.13888992 0.2721501 0.13473022 0.018872332 0.0 -0.3509375 -0.38547444 -0.19052428 -0.48255098 0.32721722 0.37298614 0.16680403 0.47006264 0.042872753 -0.3043123 0.13473022 0.018872332 -0.31872764 0.0 -1.970800944511902
-0.008838823 0.0031628786 -0.13421066 -0.016780524 0.1166478 0.28498447 0.13421066 0.016780524 0.0 -0.3077845 -0.41662663 -0.13879275 -0.49785495 0.2944249 0.4034344 0.12543315 0.4846627 0.07641516 -0.29803312 0.13421066 0.016780524 -0.36440516 0.0 -1.9098558472899958
-0.006677865 -0.00085487624 -0.13373019 -0.014365988 0.08935342 0.2967168 0.13373019 0.014365988 0.0 -0.25596496 -0.44702783 -0.07911706 -0.50932604 0.25314006 0.4338628 0.07629214 0.496161 0.11299533 -0.28720888 0.13373019 0.014365988 -0.41316688 0.0 -1.8476850056271472
-0.0050948826 -0.0051156655 -0.13357641 -0.011419944 0.056756515 0.30607572 0.13357641 0.011419944 0.0 -0.19465576 -0.47443232 -0.0114981355 -0.51455134 0.20246986 0.46228936 0.019312233 0.5024084 0.15189654 -0.27053207 0.13357641 0.011419944 -0.4627619 0.0 -1.7846872493638286
-0.004236516 -0.009559048 -0.13347037 -0.0060416693 0.01873312 0.31147715 0.13347037 0.0060416693 0.0 -0.12324228 -0.49613902 0.06368714 -0.5107555 0.14164169 0.48620144 -0.045287732 0.5008179 0.19206582 -0.2466303 0.13347037 0.006041669 -0.5167944 0.0 -1.7251948817822818
-0.0042737266 -0.014081351 -0.13366586 0.0018648801 -0.024442565 0.31099528 0.13366586 -0.0018648801 0.0 -0.04167849 -0.5088241 0.14529493 -0.49478173 0.07040224 0.5024099 -0.11657118 0.48836747 0.23192123 -0.21417688 0.13366586 -0.0018648802 -0.57296896 0.0 -1.6710768846976298
-0.0053499555 -0.018496148 -0.13397317 0.011556521 -0.071935475 0.30245727 0.13397317 -0.011556521 0.0 0.04917096 -0.5085508 0.23110728 -0.46321398 -0.0106891375 0.50711304 -0.19262545 0.4617762 0.2692287 -0.17202684 0.13397317 -0.011556521 -0.63287055 0.0 -1.6179057537964532
-0.007497995 -0.022541864 -0.13402168 0.020617265 -0.12190528 0.28373688 0.13402168 -0.020617265 0.0 0.14668262 -0.49102855 0.317138 -0.41291827 -0.09945006 0.4961771 -0.26990545 0.41806683 0.3009076 -0.11969519 0.13402168 -0.020617265 -0.69010687 0.0 -1.5666758131142609
-0.010608116 -0.02596073 -0.13402893 0.027256185 -0.17106847 0.2534848 0.13402893 -0.027256185 0.0 0.24558072 -0.45277604 0.39719948 -0.34246737 -0.19111352 0.46616596 -0.34273225 0.35585728 0.3232422 -0.05826052 0.13402893 -0.027256185 -0.7347458 0.0 -1.5197999079661533
-0.014465927 -0.028529957 -0.13335505 0.031981066 -0.21528272 0.21187553 0.13335505 -0.031981066 0.0 0.33863515 -0.3927532 0.46411374 -0.25342852 -0.2789513 0.41579068 -0.40442988 0.276466 0.33288538 0.009292478 0.13335505 -0.031981066 -0.7612882 0.0 -1.4764012499449322
-0.018817615 -0.03012782 -0.13271593 0.034342814 -0.25068778 0.16072151 0.13271593 -0.034342814 0.0 0.4186782 -0.3129346 0.51181674 -0.15020338 -0.35608324 0.3465356 -0.4492218 0.18380436 0.3279433 0.07878081 0.13271593 -0.034342814 -0.771552 0.0 -1.431062220331175
-0.023403637 -0.03073248 -0.13225989 0.03460605 -0.27438998 0.10342896 0.13225989 -0.03460605 0.0 0.47981024 -0.21841405 0.5365362 -0.039700825 -0.41660097 0.2628376 -0.47332695 0.08412437 0.30850813 0.14535701 0.13225989 -0.03460605 -0.7597897 0.0 -1.3852602828951524
-0.02798133 -0.03028798 -0.13054566 0.03837857 -0.2852437 0.044157162 0.13054566 -0.03837857 0.0 0.5188727 -0.11645959 0.5378088 0.070081756 -0.45707846 0.17107405 -0.47601452 -0.015467305 0.27672347 0.20453504 0.13054566 -0.03837857 -0.7298397 0.0 -1.3424281830529816
-0.032295153 -0.028775143 -0.12783822 0.044357333 -0.2839434 -0.01334986 0.12783822 -0.044357333 0.0 0.53605664 -0.014252666 0.5182928 0.17240396 -0.4772092 0.07766341 -0.45944536 -0.10899322 0.23601812 0.25342378 0.12783822 -0.044357333 -0.68890285 0.0 -1.305617628859208
-0.03614625 -0.026373124 -0.12558508 0.04719272 -0.27247596 -0.06578188 0.12558508 -0.04719272 0.0 0.5341431 0.08175312 0.48288718 0.2621113 -0.4790232 -0.011253714 -0.42776725 -0.1916119 0.19061011 0.2907002 0.12558508 -0.04719272 -0.6320784 0.0 -1.2784803474929742
-0.039459236 -0.023335991 -0.123844765 0.04764842 -0.2538174 -0.11065006 0.123844765 -0.04764842 0.0 0.51796544 0.16639166 0.43799642 0.33598295 -0.46649042 -0.09051861 -0.38652137 -0.2601099 0.14496829 0.31654796 0.123844765 -0.04764842 -0.56048006 0.0 -1.2587995773499214
-0.042228747 -0.019843709 -0.122390434 0.048150685 -0.23113987 -0.14721021 0.122390434 -0.048150685 0.0 0.4930685 0.23739763 0.3896593 0.39380348 -0.44450524 -0.15771216 -0.34109607 -0.31411803 0.102426 0.332646 0.122390434 -0.048150685 -0.48725328 0.0 -1.2414655692604133
-0.044470914 -0.016006215 -0.121464334 0.049322728 -0.20675367 -0.17636481 0.121464334 -0.049322728 0.0 0.46377626 0.2956421 0.34165084 0.43791518 -0.41713893 -0.21342042 -0.29501352 -0.35569352 0.064299166 0.3413789 0.121464334 -0.049322728 -0.42568377 0.0 -1.2238156882814608
-0.04624615 -0.01193079 -0.121560596 0.048901163 -0.18201676 -0.19942307 0.121560596 -0.048901163 0.0 0.4328174 0.34314477 0.2958524 0.4711949 -0.38708168 -0.2592851 -0.25011668 -0.38733524 0.030734343 0.34487936 0.121560596 -0.048901163 -0.37386546 0.0 -1.2032371416183254
-0.04766138 -0.0077174255 -0.12253168 0.046156317 -0.15776744 -0.21746708 0.12253168 -0.046156317 0.0 0.40197122 0.38177705 0.25331372 0.49604514 -0.35611606 -0.2967949 -0.20745856 -0.411063 0.0015891632 0.34479055 0.12253168 -0.046156317 -0.32897532 0.0 -1.1777939584279533
-0.048837204 -0.0034314508 -0.12423013 0.041195773 -0.13452011 -0.23138463 0.12423013 -0.041195773 0.0 0.37239888 0.41315708 0.21458887 0.51441044 -0.32542914 -0.327243 -0.16761911 -0.42849636 -0.023405902 0.34235904 0.12423013 -0.041195773 -0.2897034 0.0 -1.146652851044121
-0.049871225 0.0008972519 -0.12626308 0.035086736 -0.11250727 -0.24196081 0.12626308 -0.035086736 0.0 0.34469894 0.4387472 0.17974666 0.5278931 -0.2956982 -0.35185242 -0.13074592 -0.44099832 -0.044689413 0.338495 0.12626308 -0.035086736 -0.256589 0.0 -1.1107192884258414
-0.050831497 0.005258639 -0.1284256 0.028239125 -0.091645226 -0.24990511 0.1284256 -0.028239125 0.0 0.3188361 0.45995826 0.14827181 0.5378304 -0.2670463 -0.37184584 -0.09648201 -0.449718 -0.062944375 0.33379382 0.1284256 -0.028239125 -0.23184656 0.0 -1.0695509764513347
-0.05176425 0.009645126 -0.13038523 0.020857895 -0.07166049 -0.25577405 0.13038523 -0.020857895 0.0 0.29435036 0.47800857 0.119316414 0.5452348 -0.23922352 -0.38827956 -0.06418958 -0.45550582 -0.078940816 0.3285847 0.13038523 -0.020857895 -0.21486975 0.0 -1.0219180960992615
-0.05270386 0.014051388 -0.13202561 0.012903416 -0.052254774 -0.25993648 0.13202561 -0.012903416 0.0 0.27067703 0.49379817 0.09204592 0.55078214 -0.2118686 -0.40191716 -0.033237483 -0.45890114 -0.09334102 0.32302156 0.13202561 -0.012903416 -0.20415519 0.0 -0.9679704981876531
-0.053680744 0.018475637 -0.13333857 0.004230372 -0.033071034 -0.26261765 0.13333857 -0.004230372 0.0 0.24709404 0.5080369 0.06554903 0.55491614 -0.18447353 -0.41332388 -0.0029285294 -0.4602031 -0.106776714 0.31711993 0.13333857 -0.004230372 -0.2005357 0.0 -0.9088013346921482
-0.05471789 0.02291606 -0.13416676 -0.005099409 -0.013741819 -0.26390874 0.13416676 0.005099409 0.0 0.22278754 0.5212376 0.038900346 0.5578675 -0.1564592 -0.4228642 0.027427988 -0.4594941 -0.11982598 0.31078622 0.13416676 0.005099409 -0.20297 0.0 -0.844833248503378
-0.05580875 0.027376356 -0.13446836 -0.0140285855 0.006029933 -0.2638002 0.13446836 0.0140285855 0.0 0.1970045 0.53365177 0.01131476 0.55964345 -0.12730771 -0.43070182 0.058382027 -0.45669356 -0.13293616 0.30384105 0.13446836 0.0140285855 -0.21030304 0.0 -0.7757920022514275
-0.056925863 0.031866968 -0.13438602 -0.022447024 0.026473766 -0.26219782 0.13438602 0.022447024 0.0 0.16906655 0.5453096 -0.017851643 0.56006896 -0.096568346 -0.43682805 0.090349846 -0.45158744 -0.14643222 0.296042 0.13438602 0.022447024 -0.22184685 0.0 -0.7026506459068378
-0.058030196 0.03640341 -0.13413356 -0.030093508 0.047708724 -0.25893673 0.13413356 0.030093508 0.0 0.13846615 0.55602586 -0.04901297 0.5588238 -0.06393552 -0.44106483 0.1235436 -0.44386283 -0.16047804 0.28712776 0.13413356 0.030093508 -0.23590119 0.0 -0.626417501339037
-0.05905108 0.040999096 -0.13389628 -0.03586759 0.069657005 -0.25385275 0.13389628 0.03586759 0.0 0.10505793 0.5653833 -0.08218078 0.55548817 -0.029406732 -0.44311833 0.15783198 -0.4332232 -0.17500469 0.27687207 0.13389628 0.03586759 -0.24971563 0.0 -0.5466733996372941
-0.059910674 0.045659136 -0.13365415 -0.040100887 0.09203872 -0.24683183 0.13365415 0.040100887 0.0 0.06913201 0.5728487 -0.116930135 0.54967266 0.006675398 -0.44265878 0.19273753 -0.41948274 -0.18971981 0.26516455 0.13365415 0.040100887 -0.26101255 0.0 -0.46438157392740065
-0.06056044 0.05038665 -0.13351406 -0.04384217 0.114508905 -0.23780152 0.13351406 0.04384217 0.0 0.031181434 0.57795423 -0.15266335 0.54111207 0.043828122 -0.43939346 0.2276729 -0.4025513 -0.2042611 0.2520085 0.13351406 0.04384217 -0.26998365 0.0 -0.3796898937461941
-0.060970437 0.0551757 -0.13344589 -0.047218528 0.13660625 -0.22680806 0.13344589 0.047218528 0.0 -0.007964753 0.58034754 -0.18851002 0.52975446 0.08131973 -0.4331536 0.261865 -0.38256052 -0.21817233 0.23758438 0.13344589 0.047218528 -0.27361757 0.0 -0.29522341692094267
-0.06111273 0.059981767 -0.13260135 -0.049695473 0.15790041 -0.21400282 0.13260135 0.049695473 0.0 -0.04753946 0.5798456 -0.22372207 0.51569 0.11844102 -0.42395052 0.29462364 -0.35979494 -0.23111469 0.22211118 0.13260135 0.049695473 -0.2746332 0.0 -0.21442643130578287
-0.060954068 0.064786874 -0.13206846 -0.051093146 0.17812376 -0.19956931 0.13206846 0.051093146 0.0 -0.08695054 0.5764052 -0.25775814 0.4990682 0.15470609 -0.4119056 0.32551366 -0.33456856 -0.24285664 0.20577459 0.13206846 0.051093146 -0.27360272 0.0 -0.13831025453114765
-0.060473356 0.06957048 -0.13171035 -0.052021697 0.19703077 -0.18376155 0.13171035 0.052021697 0.0 -0.12554814 0.5701242 -0.29006803 0.48018286 0.1896193 -0.39725664 0.3541392 -0.30731526 -0.253191 0.18883549 0.13171035 0.052021697 -0.26952106 0.0 -0.06714315447807317
-0.059658565 0.07430853 -0.13157962 -0.052359916 0.21446745 -0.16684118 0.13157962 0.052359916 0.0 -0.16283166 0.5612016 -0.32027042 0.4593719 0.22282131 -0.38030148 0.38026008 -0.27847177 -0.2620071 0.1715376 0.13157962 0.052359916 -0.26429853 0.0 0.0
