98
-0.3277886 0.10762923 0.14743271 -0.17534533 0.32188696 -0.11477204 -0.14743271 0.17534533 0.0 0.82919997 -0.19548635 0.8278664 -0.007991102 -0.17210834 -0.015103764 -0.17077471 -0.20259902 -0.004639522 -0.18176119 -0.08083359 0.1507274 0.1510755 -0.21925588 -0.033996385 0.2585675 0.68994147 0.012613781 -0.17167626 0.002514085 0.6807778 -0.091514096 -0.2642534 0.35882252 0.52231294 -0.021915086 -0.16330014 0.076040395 0.0 0.0 -0.05927354946625252
-0.32361695 0.1062785 0.13933997 0.0068804394 0.3208069 -0.104360275 -0.13933997 -0.0068804394 0.0 0.8302121 -0.1705992 0.8235413 0.01678208 -0.17582564 -0.018795932 -0.16915476 -0.20617722 -0.003123921 -0.17905688 -0.159692 0.088347234 0.15721153 -0.21137638 -0.010313671 0.049723204 0.6869671 0.029620262 -0.041272692 -0.10205388 0.6750122 -0.06909562 -0.27457124 0.007193435 0.51556116 -0.008228547 -0.27137023 -0.052326046 -0.1682158 0.0 -0.059502215673832064
-0.31881025 0.106088 0.14172576 0.001269813 0.32009572 -0.09099183 -0.14172576 -0.001269813 0.0 0.83183146 -0.13580103 0.8173051 0.05113542 -0.17968929 -0.026338374 -0.16516295 -0.21327482 -0.0022576444 -0.17493945 -0.20725371 0.12591788 0.16539523 -0.20257825 -0.016979387 0.06489321 0.68362 0.054763835 -0.048819967 -0.10769499 0.6680856 -0.040611185 -0.27194622 0.0073793395 0.5070372 0.010974708 -0.23974882 -0.08125461 -0.14003105 0.0 -0.05999674195405121
-0.31401208 0.10570739 0.14167237 0.0040959558 0.31837195 -0.07950115 -0.14167237 -0.0040959558 0.0 0.8313952 -0.10573989 0.8101054 0.080547504 -0.18342738 -0.032998186 -0.16213757 -0.21928558 -0.0029687006 -0.17078616 -0.20552896 0.12334924 0.1719186 -0.19413276 -0.021685254 0.07048233 0.6796734 0.07585088 -0.044343885 -0.1062076 0.6598926 -0.016363556 -0.2716899 0.002249494 0.49786392 0.026825752 -0.25569707 -0.06254494 -0.12420608 0.0 -0.0603848977180306
-0.30921826 0.10527343 0.14153889 0.0074234256 0.31593335 -0.069601394 -0.14153889 -0.0074234256 0.0 0.82953155 -0.07951035 0.80232775 0.10600568 -0.18709114 -0.03908148 -0.1598873 -0.22459751 -0.004195771 -0.16660805 -0.18889509 0.12689365 0.17717047 -0.18613626 -0.024974203 0.0725065 0.67542 0.093697466 -0.04582489 -0.11102811 0.6507931 0.004493023 -0.2735314 -0.0025880293 0.48828325 0.040136755 -0.24772371 -0.07654275 -0.108073026 0.0 -0.06102224251595082
-0.3044281 0.10480098 0.14136887 0.010153814 0.3129085 -0.061345883 -0.14136887 -0.010153814 0.0 0.8265863 -0.057290167 0.7943497 0.12741785 -0.19075973 -0.044510845 -0.15852311 -0.22921886 -0.0056222007 -0.16234508 -0.16615951 0.12998877 0.18114033 -0.17864552 -0.03193415 0.0793747 0.6712199 0.10828985 -0.040481057 -0.10855282 0.641086 0.022057896 -0.27514008 0.0004478328 0.478783 0.05041034 -0.23982021 -0.090736516 -0.09100997 0.0 -0.06185302202954992
-0.2996419 0.10429007 0.14120772 0.0121772345 0.3094117 -0.054737277 -0.14120772 -0.0121772345 0.0 0.8228692 -0.039157696 0.7864966 0.14478056 -0.19450746 -0.04920679 -0.15813483 -0.23314504 -0.007217235 -0.15805943 -0.14615873 0.13003312 0.18382847 -0.1716985 -0.039609116 0.086207494 0.66739446 0.119708024 -0.03501642 -0.10465721 0.6313938 0.035989266 -0.2662072 -0.017773936 0.4690317 0.05820421 -0.2557203 -0.078174755 -0.0738351 0.0 -0.06266328824798884
-0.29486296 0.10371657 0.14118145 0.01245641 0.30554348 -0.049679235 -0.14118145 -0.01245641 0.0 0.818643 -0.024976574 0.779007 0.15828618 -0.19839439 -0.053105637 -0.15875843 -0.2363684 -0.008687745 -0.1538442 -0.11382063 0.126912 0.18532626 -0.16533385 -0.04694421 0.09304821 0.6639581 0.12793593 -0.036684737 -0.106928 0.62155294 0.046515875 -0.2681628 -0.018550763 0.4593959 0.06373178 -0.2502526 -0.08300677 -0.057290852 0.0 -0.0634792699835189
-0.2900927 0.103074454 0.14117987 0.01247378 0.30140376 -0.045929395 -0.14117987 -0.01247378 0.0 0.81411606 -0.014189858 0.7719697 0.1685119 -0.20243968 -0.056268986 -0.16029327 -0.23897074 -0.009557962 -0.15000631 -0.07252801 0.11092737 0.1858399 -0.15951404 -0.052743513 0.09799404 0.6607511 0.13322118 -0.04407325 -0.11469847 0.61189085 0.053937983 -0.2628644 -0.03961064 0.44991314 0.06736898 -0.2547742 -0.07331698 -0.043966364 0.0 -0.06431117248838877
-0.2853307 0.102373526 0.14119418 0.012312212 0.29707658 -0.043196168 -0.14119418 -0.012312212 0.0 0.8094269 -0.0060684867 0.76536214 0.17618011 -0.2066303 -0.058831856 -0.16256556 -0.24108045 -0.009708314 -0.14717118 -0.03612732 0.07403276 0.18555784 -0.15411533 -0.05934679 0.10318082 0.65768415 0.13612366 -0.050837144 -0.12072613 0.60211307 0.059565853 -0.2715092 -0.010525223 0.4406459 0.06945863 -0.25007775 -0.07913202 -0.033589058 0.0 -0.06512835424847616
-0.2805753 0.10162895 0.14119112 0.012352356 0.29262307 -0.041219816 -0.14119112 -0.012352356 0.0 0.8046557 5.8985668e-05 0.75911534 0.18194447 -0.21094057 -0.06093728 -0.16540025 -0.24282277 -0.00930028 -0.14555675 -0.014831457 0.03524824 0.18464133 -0.14901724 -0.06543843 0.107275344 0.65511465 0.137628 -0.03826527 -0.10793363 0.5924975 0.063998744 -0.26832524 -0.013289888 0.43152815 0.07046149 -0.25325823 -0.07206196 -0.026033161 0.0 -0.06596721225633041
-0.27634045 0.099684484 0.13146023 -0.046757713 0.28792357 -0.04120358 -0.13146023 0.046757713 0.0 0.80007464 -0.0014210356 0.7550659 0.18059674 -0.2156955 -0.059449624 -0.17068681 -0.24146739 -0.012738108 -0.14161131 -0.13668855 0.16903657 0.18270975 -0.14505875 -0.03244465 0.14676996 0.65440285 0.13329081 -0.02981779 -0.050668463 0.5838032 0.0634141 -0.25771022 0.06089508 0.42354286 0.06775895 -0.23395407 -0.027405618 0.03290916 0.0 -0.06649604428044827
-0.27216667 0.09763878 0.13606125 -0.019084483 0.28335738 -0.0403841 -0.13606125 0.019084483 0.0 0.7955314 -0.0008988787 0.7506284 0.18114498 -0.22027223 -0.058337774 -0.1753692 -0.24038164 -0.018954512 -0.1361993 -0.20515127 0.14250161 0.18131743 -0.14079186 -0.041870564 0.11981193 0.65329707 0.13057488 -0.03797824 -0.07958062 0.5750999 0.063869335 -0.25917193 -0.00043985364 0.41565365 0.06579141 -0.23315458 -0.06394379 -0.018177938 0.0 -0.06750165274655065
-0.26794013 0.09560988 0.13431202 -0.03249006 0.27901307 -0.03765259 -0.13431202 0.03249006 0.0 0.7909256 0.0050893836 0.74486566 0.18684398 -0.22449215 -0.05880911 -0.1784322 -0.2405637 -0.024313446 -0.13089578 -0.17018226 0.16945153 0.18082975 -0.13529378 -0.039020672 0.1324558 0.65121853 0.13242526 -0.034452986 -0.061686236 0.56599313 0.06729085 -0.2522714 -0.011300087 0.4074834 0.066264614 -0.22327496 -0.062562406 -0.02686747 0.0 -0.06853170699124839
-0.26374108 0.0935553 0.13549796 -0.024411647 0.27482444 -0.03367582 -0.13549796 0.024411647 0.0 0.7862366 0.014686458 0.738183 0.19592416 -0.22841802 -0.060361598 -0.18036444 -0.24159929 -0.028372403 -0.12552781 -0.15664524 0.1644686 0.18097618 -0.12904438 -0.038367093 0.121722125 0.64849836 0.13732183 -0.037114035 -0.069130935 0.55667657 0.07249469 -0.24895303 -0.0385834 0.39912334 0.06835951 -0.22462882 -0.07224742 -0.048295636 0.0 -0.06963574887090619
-0.2595334 0.09148885 0.13545752 -0.026589548 0.27067214 -0.028854702 -0.13545752 0.026589548 0.0 0.7813334 0.026880821 0.73067003 0.20740637 -0.23213293 -0.06279812 -0.18146959 -0.24332367 -0.03172519 -0.12029608 -0.14819284 0.16764289 0.18155715 -0.122316755 -0.035210866 0.12059396 0.6451911 0.14441018 -0.036887683 -0.06496428 0.54739934 0.07865297 -0.2339987 -0.062103324 0.39053705 0.07157672 -0.22141996 -0.07389482 -0.05494897 0.0 -0.07080865261047714
-0.25531697 0.08944298 0.13639794 -0.020996358 0.266483 -0.023663754 -0.13639794 0.020996358 0.0 0.77616304 0.040426362 0.7225504 0.22009811 -0.23569885 -0.065836035 -0.1820862 -0.24550778 -0.034721654 -0.11530529 -0.14394681 0.16073991 0.18229409 -0.115358725 -0.036214896 0.115051486 0.6415031 0.1527003 -0.036305927 -0.06728012 0.5380211 0.085278235 -0.23692255 -0.06907129 0.3818819 0.07515554 -0.21745919 -0.08509687 -0.06198018 0.0 -0.07200356060666663
-0.25106803 0.087445915 0.13706501 -0.018001607 0.2621905 -0.018545665 -0.13706501 0.018001607 0.0 0.77071714 0.054131318 0.7140819 0.2328733 -0.23920868 -0.06918147 -0.18257342 -0.24792345 -0.037656344 -0.11056012 -0.14214504 0.15629755 0.18287046 -0.10835637 -0.04024832 0.11557114 0.6376186 0.16121154 -0.03569784 -0.06734101 0.5283862 0.09190184 -0.24045655 -0.07057638 0.37317824 0.078557335 -0.21782182 -0.08910912 -0.060255866 0.0 -0.07320739889286726
-0.24679618 0.085484676 0.13766496 -0.0143400505 0.25777653 -0.013912851 -0.13766496 0.0143400505 0.0 0.76509696 0.066755064 0.7056568 0.24458396 -0.242764 -0.07243019 -0.18332385 -0.2502591 -0.040815912 -0.105988145 -0.1442166 0.15111136 0.18311417 -0.10159661 -0.04240744 0.113378175 0.63379604 0.16889133 -0.035719108 -0.06930599 0.51868707 0.097691774 -0.24192822 -0.073586136 0.36448497 0.08128005 -0.21920745 -0.09226737 -0.054530382 0.0 -0.07444177110819995
-0.2425058 0.08356026 0.13798223 -0.011464285 0.25325543 -0.010041331 -0.13798223 0.011464285 0.0 0.7594446 0.07744494 0.69761723 0.254458 -0.24645251 -0.07528781 -0.18462516 -0.2523009 -0.044348706 -0.101481855 -0.14602548 0.14820118 0.18295902 -0.095306054 -0.044531606 0.11219502 0.63027376 0.1750259 -0.035073597 -0.0702759 0.50911266 0.102077074 -0.24245906 -0.07575646 0.35587376 0.08299153 -0.22191864 -0.09298947 -0.04464123 0.0 -0.07569146192251161
-0.23820731 0.08167005 0.13793468 -0.009581739 0.24862953 -0.008124485 -0.13793468 0.009581739 0.0 0.75426346 0.082515605 0.6913339 0.2591398 -0.25066194 -0.076484814 -0.18773232 -0.25310904 -0.0487379 -0.09685717 -0.1486688 0.14382656 0.18200931 -0.09037784 -0.04552935 0.11124163 0.6280335 0.17659618 -0.032713514 -0.06867817 0.5002365 0.10264445 -0.24281996 -0.07647183 0.34775847 0.082059585 -0.2250824 -0.091804676 -0.0079154745 0.0 -0.0769373189362194
-0.23405544 0.08134378 0.112137295 0.059485167 0.2445361 -0.010976741 -0.112137295 -0.059485167 0.0 0.7508114 0.076009676 0.68915886 0.2530837 -0.255236 -0.07572978 -0.19358347 -0.25280383 -0.05344137 -0.0963736 -0.1044428 -0.08934861 0.17753458 -0.08879971 -0.16119209 0.06768793 0.628872 0.16839492 -0.004846993 -0.13470845 0.49331883 0.0951761 -0.21972963 -0.14041358 0.34125298 0.075150505 -0.20376341 -0.15641753 0.050337717 0.0 -0.07748155271762774
-0.22985727 0.08156903 0.119142294 0.03506144 0.240128 -0.020168504 -0.119142294 -0.03506144 0.0 0.7488994 0.050775122 0.69287354 0.22970907 -0.2614408 -0.06909537 -0.20541498 -0.24802932 -0.060627684 -0.09798602 -0.13550746 -0.10828134 0.1687951 -0.09165839 -0.18199381 0.08492534 0.6335846 0.14443655 -0.010102415 -0.10710816 0.48832092 0.07559194 -0.23331483 -0.105403475 0.33625454 0.05971956 -0.21615404 -0.12656772 0.15545222 0.0 -0.07822264564496575
-0.22568528 0.08133081 0.12098919 0.02008713 0.23461975 -0.033676486 -0.12098919 -0.02008713 0.0 0.7464373 0.010188391 0.6999787 0.1918415 -0.26883787 -0.055937517 -0.2223793 -0.23759063 -0.07050935 -0.097989954 -0.14023963 -0.096971355 0.15785682 -0.097118884 -0.1696081 0.10363275 0.6399191 0.107341945 -0.011075181 -0.09062946 0.48348334 0.046752736 -0.24173927 -0.077512324 0.33138013 0.038086668 -0.22329368 -0.105669305 0.21446167 0.0 -0.07917391664150969
-0.22168416 0.08080401 0.1155694 0.0024265484 0.22795293 -0.048851695 -0.1155694 -0.0024265484 0.0 0.7415288 -0.03784431 0.7067953 0.1464105 -0.27589703 -0.03883477 -0.24116354 -0.22308958 -0.08150923 -0.09580941 -0.14066303 -0.06472857 0.14589602 -0.103104375 -0.15751748 0.11929136 0.64511406 0.06346144 -0.0056603868 -0.07215895 0.47716206 0.014038856 -0.24346882 -0.040499657 0.32543918 0.013907627 -0.2238793 -0.080467016 0.24124075 0.0 -0.0803354964035056
-0.21804105 0.08005921 0.103945 -0.011646481 0.22044192 -0.06377749 -0.103945 0.011646481 0.0 0.73359394 -0.08736445 0.7113416 0.09881043 -0.28159106 -0.01986857 -0.25933874 -0.20604345 -0.09251201 -0.09154631 -0.13502619 -0.033041347 0.13368657 -0.10837746 -0.14296265 0.12833692 0.64753085 0.017719192 -0.0084036505 -0.06103108 0.4689006 -0.018680597 -0.23447408 -0.012044244 0.31808916 -0.010115221 -0.21708354 -0.058808126 0.24332954 0.0 -0.08177737015233327
-0.21477553 0.07914513 0.09309825 -0.02337812 0.21299541 -0.07591418 -0.09309825 0.02337812 0.0 0.7238723 -0.12963669 0.71260667 0.05752457 -0.28558668 -0.0025587485 -0.27432105 -0.18972 -0.10225762 -0.086407356 -0.12982151 -0.0051772706 0.122603245 -0.1116582 -0.12872778 0.12350693 0.64690524 -0.021471677 -0.018988471 -0.011092108 0.4592265 -0.045986906 -0.22423914 0.010299884 0.30964154 -0.030205255 -0.21090025 -0.038278215 0.1909448 0.0 -0.0837963766418835
-0.21187963 0.078104705 0.080796935 -0.0303498 0.20657694 -0.084119834 -0.080796935 0.0303498 0.0 0.71463174 -0.16002546 0.7115223 0.027448758 -0.2883402 0.010865033 -0.28523076 -0.17660919 -0.11027797 -0.08160232 -0.12636696 0.013421844 0.11368484 -0.113201596 -0.11026854 0.09326675 0.6448476 -0.051649533 -0.016029008 -0.08894765 0.44944406 -0.06520004 -0.2113161 0.022324827 0.3010321 -0.044545285 -0.2014211 -0.024651181 0.13408569 0.0 -0.08568769609131016
-0.2093516 0.0769478 0.06940843 -0.03635114 0.20165664 -0.08861547 -0.06940843 0.03635114 0.0 0.707418 -0.17854172 0.7094942 0.008946788 -0.29044455 0.020019414 -0.29252067 -0.1674691 -0.11666002 -0.077816576 -0.11968734 0.023404805 0.106798835 -0.11380202 -0.10984625 0.05692847 0.6429851 -0.069162324 0.0073409495 0.07190778 0.44051564 -0.07658811 -0.20008464 0.031010428 0.29302132 -0.053441647 -0.19144395 -0.016163263 0.07666835 0.0 -0.08744538421943066
-0.20713755 0.075685896 0.06057957 -0.039525192 0.19833441 -0.089848824 -0.06057957 0.039525192 0.0 0.702916 -0.18617481 0.7073671 0.001272358 -0.2923511 0.025011245 -0.29680213 -0.16243592 -0.121683516 -0.0754085 -0.11833306 0.028696457 0.101173565 -0.11374262 -0.13213669 0.02896544 0.6415497 -0.07746479 -0.031555727 -0.0598893 0.43290272 -0.08096246 -0.1908449 0.03636007 0.28597814 -0.05752841 -0.18326975 -0.009787901 0.025001751 0.0 -0.08954575347848029
-0.20514752 0.074383445 0.055289663 -0.03959309 0.19646525 -0.08830086 -0.055289663 0.03959309 0.0 0.70114404 -0.18411653 0.70540553 0.0033350443 -0.29433617 0.026062928 -0.29859763 -0.16138864 -0.12558594 -0.074573 -0.11562156 0.027807029 0.09727291 -0.11353346 -0.107506536 -0.015138193 0.6415929 -0.07612098 0.020909816 0.07819333 0.4265844 -0.0794277 -0.18588576 0.029621527 0.27990696 -0.057618674 -0.17775552 -0.011978905 -0.022616336 0.0 -0.09133659428522109
-0.20442647 0.07153576 -0.004119439 -0.11612285 0.19763365 -0.08112783 0.004119439 0.11612285 0.0 0.7042902 -0.16586553 0.7044445 0.02163441 -0.29555514 0.02245753 -0.2957095 -0.1650424 -0.12876329 -0.07433605 -0.13833962 0.13027321 0.10029285 -0.11074462 0.105148554 0.044853617 0.643955 -0.06048452 0.02900336 0.022345452 0.4230761 -0.067619935 -0.12628962 0.10482385 0.27626923 -0.050438542 -0.11719512 0.06313144 -0.118199006 0.0 -0.09246476858560218
-0.20433138 0.06850273 0.012475135 -0.06880706 0.2024261 -0.06438111 -0.012475135 0.06880706 0.0 0.7136968 -0.11421725 0.70100826 0.072852924 -0.29669937 0.0051808986 -0.28401086 -0.18188928 -0.12848037 -0.07989007 -0.15414675 0.06969612 0.111821294 -0.10134137 0.1258568 0.075943075 0.6476754 -0.013461333 0.035188314 0.12254184 0.42199266 -0.036260728 -0.14231615 0.043426402 0.27479818 -0.030526374 -0.1289877 0.004458968 -0.33084702 0.0 -0.09309661484763748
-0.20422798 0.06623783 0.011490663 -0.06327053 0.20799579 -0.038344074 -0.011490663 0.06327053 0.0 0.7216 -0.02875067 0.68737394 0.15559907 -0.29582468 -0.02694003 -0.2615986 -0.21128976 -0.123676494 -0.092576765 -0.15201952 0.04534555 0.1268194 -0.08466413 0.12215309 0.09033287 0.64582026 0.06288657 0.031836722 -0.020092994 0.41854322 0.013670662 -0.13840689 0.026380321 0.27225712 0.0011081664 -0.12175812 -0.0101599945 -0.47429442 0.0 -0.09423303543784235
-0.20416616 0.06440601 0.018391835 -0.04253545 0.21073021 -0.0051976913 -0.018391835 0.04253545 0.0 0.7171652 0.08085429 0.6558395 0.2580418 -0.28916055 -0.06902833 -0.22783488 -0.24621585 -0.11378889 -0.10954977 -0.15508555 0.0053274743 0.1417118 -0.061593916 0.109933026 0.08581779 0.62972087 0.16039188 -0.00015329938 0.108373724 0.40711012 0.075648546 -0.13723624 -0.01710526 0.26510447 0.04028774 -0.11407745 -0.050103102 -0.5811931 0.0 -0.09566252226092019
-0.20398241 0.06358596 0.009926694 -0.003938471 0.20830107 0.029188227 -0.009926694 0.003938471 0.0 0.69446945 0.19508463 0.6056099 0.36019132 -0.2749592 -0.11372649 -0.18609962 -0.27883318 -0.099750295 -0.12767486 -0.13910268 -0.054217044 0.15328598 -0.035422537 0.11125441 0.064680375 0.5967835 0.25933337 0.052704677 -0.059496354 0.3855562 0.13777079 -0.11855749 -0.072536334 0.25195244 0.07921321 -0.09205969 -0.100273676 -0.5751842 0.0 -0.0972908873774347
-0.20361729 0.06407969 -0.007902672 0.03265507 0.20104149 0.061253887 0.007902672 -0.03265507 0.0 0.6547302 0.3021851 0.54080015 0.4511018 -0.2534223 -0.15652534 -0.13949218 -0.30544207 -0.08227185 -0.14509214 -0.11194778 -0.10819611 0.16052347 -0.008482991 0.110172175 0.052176874 0.5488164 0.35065714 -0.007075433 0.03232271 0.3555974 0.19340335 -0.08676184 -0.12666008 0.23404334 0.113590494 -0.054887712 -0.15029545 -0.571987 0.0 -0.09950820942119445
-0.20305082 0.065218896 -0.010534032 0.038684603 0.19435722 0.07963056 0.010534032 -0.038684603 0.0 0.6219747 0.36427873 0.49386626 0.5011892 -0.23632278 -0.182056 -0.10821431 -0.31896645 -0.070977494 -0.15664901 -0.10292266 -0.123545505 0.16411796 0.009303346 0.10529027 0.050738838 0.5129174 0.40205505 0.08309808 -0.0829292 0.33216074 0.22296333 -0.07593027 -0.14015175 0.22023723 0.13083558 -0.043017 -0.16012469 -0.21443327 0.0 -0.10205395007448226
-0.20224716 0.06639255 -0.0036393625 0.043088872 0.19390492 0.07986442 0.0036393625 -0.043088872 0.0 0.61910397 0.36811274 0.48984417 0.5039367 -0.23455036 -0.18544894 -0.10529055 -0.3212729 -0.073301956 -0.16149776 -0.1112585 -0.12600707 0.16758145 0.012101916 0.10473272 0.03606215 0.5101377 0.40549055 -0.028351594 0.014732728 0.32759443 0.2208581 -0.081394814 -0.14634302 0.21758752 0.12711494 -0.047795855 -0.16612619 0.09159595 0.0 -0.10616863378449085
-0.20122947 0.06734241 0.009250439 0.038626544 0.19827662 0.06642173 -0.009250439 -0.038626544 0.0 0.6403775 0.32800946 0.5197042 0.4715163 -0.24566564 -0.17207435 -0.12499239 -0.3155812 -0.08734336 -0.16060424 -0.13015604 -0.11253758 0.17122221 0.002900076 0.0883557 0.03729595 0.5349036 0.3719995 0.061177745 -0.08207812 0.3372592 0.19564168 -0.10135841 -0.13530366 0.22279176 0.10810413 -0.06952153 -0.15679768 0.30716547 0.0 -0.10954303830209458
-0.20015466 0.06793734 0.018705944 0.02829269 0.20358308 0.044205684 -0.018705944 -0.02829269 0.0 0.67063886 0.25807533 0.5656515 0.41342622 -0.26288664 -0.14650641 -0.15789928 -0.30185732 -0.10859648 -0.153705 -0.14743416 -0.087561235 0.1735138 -0.014149406 0.08167227 0.025054174 0.5706154 0.31325874 -0.0524193 0.027977379 0.35186934 0.15521131 -0.12047062 -0.115439214 0.22986284 0.07929651 -0.0912097 -0.14010753 0.42418775 0.0 -0.11288241802082355
-0.19739428 0.06637437 0.14231353 -0.026656521 0.20446318 0.01718626 -0.14231353 0.026656521 0.0 0.69561034 0.1677046 0.6119894 0.33552527 -0.28305426 -0.11045328 -0.19943328 -0.27827397 -0.13315265 -0.14123672 -0.16042869 -0.10905309 0.16793166 -0.03408376 -0.1705234 0.1303735 0.6045465 0.23537011 -0.08201699 -0.02707639 0.36224577 0.10525593 -0.25532764 -0.044905134 0.23218705 0.045108445 -0.2294852 -0.07321282 0.50833434 0.0 -0.11623678600029798
-0.19350497 0.06386548 0.13398351 -0.02589959 0.20051654 -0.007183108 -0.13398351 0.02589959 0.0 0.7065201 0.08137033 0.64431965 0.25825265 -0.2990527 -0.07348315 -0.23685223 -0.25036547 -0.15397264 -0.12733379 -0.107688665 -0.11391552 0.15714338 -0.04902943 -0.15940666 0.16105916 0.62464213 0.16004775 -0.16680706 0.082675755 0.363876 0.05870649 -0.25487417 -0.032491278 0.22810397 0.014064672 -0.2334372 -0.0633185 0.40639716 0.0 -0.12041085131697424
-0.18956122 0.061214514 0.12964779 -0.052950613 0.19436172 -0.025352689 -0.12964779 0.052950613 0.0 0.7066455 0.012682377 0.662258 0.19485264 -0.3093167 -0.041880485 -0.26492923 -0.22405075 -0.16963063 -0.11422273 -0.105538845 -0.07579008 0.14734724 -0.058058977 -0.10941001 0.18906955 0.63357186 0.09873137 -0.0791556 -0.007518486 0.35914418 0.022532467 -0.25649747 0.009396458 0.22028911 -0.009629755 -0.23617017 -0.026652286 0.3232144 0.0 -0.12443403893463195
-0.18558264 0.058612503 0.12967105 -0.05289367 0.18761836 -0.037665673 -0.12967105 0.05289367 0.0 0.7013121 -0.037406206 0.6704414 0.147535 -0.3159117 -0.017108928 -0.28504097 -0.20205013 -0.18115214 -0.103753045 -0.100977734 -0.07047819 0.13951859 -0.06231576 -0.091687776 0.18494454 0.63467705 0.053962503 -0.16711017 0.107996054 0.35107124 -0.0032200331 -0.25922045 0.017232712 0.21050069 -0.025863497 -0.25571623 0.003763899 0.22575954 0.0 -0.1289152210262379
-0.18154305 0.056108803 0.12650236 -0.059828732 0.1811487 -0.04518148 -0.12650236 0.059828732 0.0 0.69418395 -0.07118475 0.6728086 0.11509286 -0.32067195 0.0010911652 -0.29929662 -0.18518645 -0.18949337 -0.09627494 -0.09050822 -0.051156383 0.13354817 -0.06302131 -0.0733237 0.18574788 0.63273436 0.023070324 -0.080063224 -0.0013791522 0.34168917 -0.020075636 -0.2579884 0.03300698 0.20028816 -0.035895452 -0.25411856 0.022324871 0.1555364 0.0 -0.13305459416950416
-0.17748027 0.05364341 0.12552096 -0.061851382 0.17532931 -0.04893658 -0.12552096 0.061851382 0.0 0.6872443 -0.091649555 0.6719524 0.095225826 -0.32471627 0.013669438 -0.30942446 -0.17320594 -0.19539446 -0.09099597 -0.0787682 -0.01265714 0.1291931 -0.0611256 -0.06405953 0.18130784 0.62864184 0.0046843 -0.1705059 0.11331314 0.33210844 -0.029872207 -0.2577684 0.037926424 0.19039023 -0.041325353 -0.25458187 0.03252767 0.091008335 0.0 -0.1376199286515275
-0.17339426 0.051213484 0.124751754 -0.06348998 0.17020778 -0.04985114 -0.124751754 0.06348998 0.0 0.68129176 -0.10156652 0.6692911 0.08554904 -0.32865858 0.02154532 -0.3166579 -0.16557024 -0.199739 -0.08691876 -0.08374406 0.040031303 0.12599578 -0.05726887 -0.061877728 0.17996098 0.6245889 -0.00471858 -0.08318718 0.00054260757 0.32279062 -0.034240082 -0.25759044 0.043876916 0.1809842 -0.043031584 -0.2557093 0.055263907 0.04384986 0.0 -0.1417561153291829
-0.16926794 0.048846405 0.12584832 -0.061510403 0.15397398 -0.049535066 -0.4762313 0.031735457 0.0 0.67644686 -0.103310145 0.66550857 0.08387053 -0.33278835 0.025533047 -0.3218501 -0.16164763 -0.20331573 -0.083685815 -0.096151486 0.07731812 0.12357815 -0.05206808 -0.06066276 0.17240775 0.62006813 -0.005935163 -0.16693567 0.117410384 0.31381783 -0.03460862 -0.25877133 0.0417832 0.1746794 -0.042065002 -0.16241974 0.05832288 0.0037607753 0.0 -0.14386776585080083
-0.16524565 0.046375662 0.12118455 -0.06816334 0.13838486 -0.04808062 -0.46228498 0.038681135 0.0 0.6724325 -0.10010756 0.661224 0.08705713 -0.33698767 0.02727844 -0.32577917 -0.15988624 -0.20670933 -0.08102821 -0.10980815 0.09335836 0.122066185 -0.046664692 -0.03665428 0.1419007 0.61604565 -0.0033078096 -0.08487861 0.00306205 0.30517033 -0.032512706 -0.25491923 0.052678935 0.17001882 -0.040392283 -0.12894173 0.035616532 -0.012545209 0.0 -0.14585543061789213
-0.161247 0.04385884 0.1228631 -0.06526951 0.123404734 -0.045826696 -0.45473728 0.034010217 0.0 0.6690236 -0.09268909 0.6563752 0.094383806 -0.34134692 0.026925966 -0.32869858 -0.16014694 -0.21001422 -0.0792576 -0.1195501 0.10347133 0.12076423 -0.041705918 -0.05702095 0.10140688 0.6120481 0.004109335 -0.14154923 0.13389018 0.29670876 -0.028499762 -0.25660795 0.047981706 0.16481493 -0.037597116 -0.16876419 0.049276207 -0.038976498 0.0 -0.14741377599263325
-0.15698774 0.04416291 0.11895391 0.07159991 0.10981313 -0.043787822 -0.44087446 -0.112846166 0.0 0.6675471 -0.070948854 0.6486367 0.115595095 -0.3462644 0.014739567 -0.32735398 -0.17180438 -0.21334964 -0.086891145 -0.21645035 -0.094520435 0.121069804 -0.039488263 -0.0052102595 -0.15550297 0.60783935 0.02361077 -0.07965586 -0.13438508 0.2887785 -0.019999035 -0.25183454 -0.092798315 0.1603064 -0.033206657 -0.16324463 -0.08312214 -0.1713335 0.0 -0.14897314123101119
-0.15279739 0.04652555 0.10868427 0.09108214 0.097321756 -0.043700155 -0.42005885 -0.14491004 0.0 0.66620564 -0.044628434 0.63915485 0.14090998 -0.35038337 -0.0033607944 -0.3233326 -0.18889922 -0.216225 -0.10022431 -0.1944535 -0.12922701 0.12234218 -0.04018836 -0.013675743 -0.19025871 0.60237527 0.04760654 -0.14114296 -0.028147837 0.28108385 -0.0112381 -0.24071868 -0.11937281 0.15621358 -0.029561963 -0.15616715 -0.10446216 -0.14631425 0.0 -0.15060620287304313
-0.14857632 0.048830576 0.11283806 0.08570319 0.08484375 -0.045517903 -0.4140587 -0.1483176 0.0 0.66358805 -0.025127344 0.6302882 0.15939195 -0.35381472 -0.01820722 -0.3205149 -0.20272651 -0.21920748 -0.11183187 -0.19061981 -0.12412011 0.12284308 -0.04230311 -0.029344425 -0.18474542 0.5971308 0.06466589 -0.06520822 -0.14198686 0.2731156 -0.0058530793 -0.2437247 -0.11764067 0.15174954 -0.027749425 -0.16164938 -0.09901187 -0.10359025 0.0 -0.1513707356473813
-0.14426307 0.050867815 0.11365439 0.08257112 0.072312005 -0.048550498 -0.4053149 -0.15084949 0.0 0.66019654 -0.011391526 0.62229264 0.17223729 -0.3570611 -0.029916873 -0.31915718 -0.2135457 -0.22265841 -0.1213859 -0.18474999 -0.11611017 0.120426156 -0.046219856 -0.15325056 -0.21329176 0.59129876 0.076989144 -0.15981925 -0.028933449 0.2649423 -0.003115781 -0.24371938 -0.11921963 0.14690469 -0.027333774 -0.1637823 -0.098282285 -0.07954554 0.0 -0.15187275592338695
-0.13997135 0.052552905 0.11452412 0.07306099 0.05994421 -0.052106977 -0.3970897 -0.1452708 0.0 0.65648115 -0.00062662945 0.61486953 0.18219768 -0.3601934 -0.039730873 -0.31858182 -0.22255518 -0.226274 -0.12978534 -0.18025969 -0.11469229 0.114550084 -0.049809992 -0.22911634 -0.15319112 0.5860899 0.086002246 -0.06636042 -0.12812154 0.25674355 -0.0016567353 -0.24412717 -0.11107494 0.14188503 -0.027484452 -0.16639873 -0.08858078 -0.06749872 0.0 -0.1521461668927549
-0.13569656 0.053965993 0.11323988 0.06897085 0.04791752 -0.055877455 -0.3869269 -0.14464012 0.0 0.6525596 0.009803258 0.60738254 0.19177932 -0.3631564 -0.04916486 -0.31797937 -0.23114093 -0.22968227 -0.13794094 -0.17653692 -0.106541276 0.10753443 -0.05231402 -0.23991701 -0.13053875 0.5803168 0.09537643 -0.15734014 -0.013041616 0.24853604 -0.00044056535 -0.24217078 -0.1105695 0.13681008 -0.02771996 -0.16618471 -0.08764289 -0.07158822 0.0 -0.15250760412703257
-0.13151804 0.055250008 0.10911717 0.06827224 0.036477704 -0.05984736 -0.37394992 -0.14762792 0.0 0.6485037 0.021424334 0.59944516 0.2023926 -0.3657189 -0.0592528 -0.31666037 -0.24022107 -0.23248298 -0.1465307 -0.17045149 -0.10974207 0.10056 -0.05425309 -0.2394231 -0.120642625 0.5748167 0.10518794 -0.057887107 -0.12019659 0.24043551 0.0010831895 -0.23764811 -0.11044622 0.13185793 -0.027787933 -0.16343628 -0.088063754 -0.08014656 0.0 -0.15255316212294057
-0.12740426 0.056473564 0.10617231 0.06854334 0.025626231 -0.06413339 -0.3621647 -0.15174982 0.0 0.64423746 0.034077935 0.5910061 0.21386302 -0.36784762 -0.070037454 -0.3146163 -0.24982254 -0.23465322 -0.15552212 -0.16491374 -0.103897266 0.0937158 -0.05588256 -0.23912437 -0.112714745 0.5683732 0.11638256 -0.15698735 -0.018520767 0.23241946 0.0027379144 -0.23347074 -0.11514819 0.12702438 -0.027867736 -0.16095512 -0.09298812 -0.08511452 0.0 -0.15253377014368635
-0.12349429 0.05750764 0.097635746 0.059787825 0.01543205 -0.06861278 -0.3448465 -0.14679965 0.0 0.63982207 0.047452617 0.58226144 0.22589876 -0.36945134 -0.08109113 -0.31189072 -0.25953728 -0.23616904 -0.16470364 -0.15384944 -0.10255461 0.08702176 -0.05689508 -0.23528051 -0.08466958 0.5622644 0.12757172 -0.046406657 -0.11144916 0.22458419 0.0045331516 -0.22450241 -0.10711593 0.12237533 -0.027827019 -0.15399982 -0.08488389 -0.08858853 0.0 -0.15234570196763073
-0.120066434 0.058313902 0.08062057 0.05087625 0.0061738044 -0.07315426 -0.3190705 -0.14171082 0.0 0.6354346 0.061876282 0.5733369 0.23879468 -0.37022796 -0.09239311 -0.30813026 -0.26931152 -0.23671578 -0.17391184 -0.13490243 -0.08651444 0.08075913 -0.056975458 -0.22033745 -0.05501065 0.55558634 0.1402533 -0.13206801 -0.0013214356 0.21716566 0.0066213333 -0.20591912 -0.10284557 0.11815009 -0.027527822 -0.13811582 -0.079066746 -0.094485104 0.0 -0.1521208494259807
-0.11981615 0.058784932 -0.05378128 -0.0109906 -0.00032513656 -0.07668154 -0.17671855 -0.081693046 0.0 0.63412195 0.07299546 0.56878877 0.24874479 -0.36854097 -0.09969884 -0.3032078 -0.27544817 -0.23694767 -0.18127298 -0.060091965 -0.07569245 0.07696659 -0.056023646 -0.08617698 0.013741377 0.5531793 0.14963157 0.10811435 -0.037245747 0.2126976 0.008285153 -0.07142671 -0.040854476 0.11658323 -0.026858896 -0.0055745053 -0.017731147 -0.048911653 0.0 -0.15283301742860197
-0.12357547 0.060203303 -0.14339952 -0.0021528304 0.0019032769 -0.07981411 -0.07391041 -0.10407499 0.0 0.63119423 0.11891939 0.5533262 0.28948554 -0.35636002 -0.12581074 -0.27849197 -0.2963769 -0.22325456 -0.19971326 0.014651725 -0.040417638 0.08006402 -0.050217163 0.0031745974 -0.0021981876 0.54460347 0.18971038 0.0857686 0.04440376 0.2114535 0.021775959 0.023326388 -0.061835404 0.12025941 -0.0192736 0.084852435 -0.033619672 -0.40035632 0.0 -0.15259004059086842
-0.1278699 0.062018536 -0.13505997 -0.024068348 0.011049352 -0.082432896 -0.060006373 -0.10788548 0.0 0.6130048 0.20666301 0.5120851 0.36468664 -0.33070764 -0.1735516 -0.22978796 -0.33157524 -0.19236822 -0.23082666 0.03082208 -0.06522267 0.08614367 -0.037865795 -0.0051171645 0.032437835 0.5177135 0.26440647 0.19728208 -0.013593328 0.20716535 0.049202874 0.023271702 -0.053408444 0.124514125 -0.002977427 0.079338 -0.019223578 -0.57373655 0.0 -0.15247614216219046
-0.13161367 0.06453212 -0.1337134 -0.007288544 0.026157476 -0.08333943 -0.027043244 -0.15621446 0.0 0.5644531 0.3246255 0.43426964 0.4595644 -0.28540438 -0.23474774 -0.15522087 -0.36968663 -0.14196599 -0.26630422 0.018272303 -0.05956132 0.091624886 -0.019235672 -0.0061825286 0.020224843 0.45926842 0.36250824 0.06658106 0.031524498 0.1945977 0.08664512 0.040431913 -0.09185145 0.12550473 0.020626003 0.086877055 -0.04892158 -0.81116706 0.0 -0.1525734350757373
-0.13376398 0.068359636 -0.12898177 0.033144284 0.047099784 -0.0806536 0.017994441 -0.22684826 0.0 0.4679634 0.45710674 0.30779392 0.55458486 -0.21208939 -0.29965243 -0.05191989 -0.39713055 -0.06823909 -0.2971191 0.048354406 -0.13597617 0.093143 0.00438604 -0.011415822 -0.025701279 0.35702628 0.4669803 0.20124447 -0.041366 0.1683459 0.12903051 0.06077311 -0.1506972 0.11942179 0.049394973 0.094692454 -0.10019994 -0.9970177 0.0 -0.15083358668620367
-0.13464436 0.07285178 -0.13160044 0.03126177 0.062868886 -0.078591965 0.059120648 -0.2361813 0.0 0.382893 0.5328438 0.20783666 0.60001177 -0.15039223 -0.33362204 0.024664108 -0.40078995 -0.011646879 -0.30893072 0.056969635 -0.13331589 0.09062341 0.020488894 -0.00734236 -0.009923817 0.27161187 0.5225596 0.060596976 -0.039771248 0.14542286 0.1519991 0.08581445 -0.15930673 0.112392314 0.066718444 0.10958638 -0.1062113 -0.41835302 0.0 -0.1492236686706998
-0.1347488 0.077333644 -0.12342419 0.048013747 0.06818893 -0.0841221 0.061026722 -0.2502335 0.0 0.36518994 0.54663694 0.18754725 0.60663134 -0.13242273 -0.34079635 0.045219965 -0.40079072 0.0033352692 -0.3138233 0.07922725 -0.1418335 0.08963359 0.024294762 -4.4889228e-05 0.011497708 0.25485754 0.5316831 0.19636056 -0.047552753 0.14198455 0.1520663 0.08093776 -0.1768879 0.11316503 0.06729744 0.101872735 -0.12552032 0.03460126 0.0 -0.14691013455921204
-0.13452567 0.08175051 -0.11763052 0.05571835 0.06434535 -0.09659212 0.044696476 -0.24842495 0.0 0.40263227 0.52087474 0.22908486 0.59185046 -0.1494521 -0.33373573 0.024095304 -0.40471143 -0.014477785 -0.31838876 0.04238569 -0.14635062 0.09169839 0.019974265 0.034963798 0.05391363 0.29120752 0.512826 0.046369683 -0.05364213 0.15355235 0.13671696 0.06975383 -0.18280023 0.12026384 0.05556602 0.091455884 -0.13502938 0.35185194 0.0 -0.14434486243003797
-0.13438407 0.08619813 -0.11201674 0.06779256 0.05102073 -0.11279829 0.015934486 -0.24389954 0.0 0.47406715 0.45835006 0.31189936 0.5524663 -0.19005357 -0.31242868 -0.027885765 -0.40654486 -0.05516048 -0.31761804 0.1286587 -0.1050874 0.09618339 0.0093810465 0.09677695 0.07120687 0.36300036 0.46553475 0.18322295 -0.082911335 0.17242287 0.107961826 0.046694815 -0.18660279 0.12921536 0.03361796 0.07231751 -0.14420384 0.5914971 0.0 -0.14185500842726043
-0.134127 0.09051835 -0.08787189 0.09220963 0.027078766 -0.12864622 -0.037104975 -0.24231468 0.0 0.5569186 0.35484296 0.4160425 0.4785772 -0.2438735 -0.27276218 -0.10299738 -0.39649642 -0.114613615 -0.30637693 -0.022885418 -0.18445085 0.10102761 -0.00816396 0.16215818 0.026216963 0.44899356 0.38353544 0.021983558 -0.06460471 0.19023284 0.06590358 0.0032930998 -0.19864441 0.13451935 0.002554664 0.03343002 -0.16320449 0.7754138 0.0 -0.13969603791097224
-0.13371782 0.09340861 -0.020939667 0.053479724 -0.009195959 -0.13774091 -0.13287817 -0.165306 0.0 0.6282552 0.20474863 0.5220419 0.35926396 -0.3020399 -0.20720683 -0.1958266 -0.36172217 -0.187908 -0.27058852 -0.04580461 0.031719286 0.09726913 -0.032381754 -0.042705048 0.032713264 0.53099096 0.25877178 0.07832227 -0.09804363 0.19819611 0.011838199 -0.08816843 -0.13436133 0.12988758 -0.035028882 -0.052531283 -0.109562784 0.9690316 0.0 -0.1377236562998495
-0.1343677 0.095362365 -0.057630293 0.04241846 -0.052656498 -0.13317627 -0.11691359 -0.104201384 0.0 0.6617642 0.015936943 0.6038874 0.19428077 -0.3472797 -0.114395715 -0.28940287 -0.29273954 -0.2587757 -0.20653667 -0.059396293 -0.060070418 0.082210846 -0.05698712 -0.0553507 0.04250498 0.58361197 0.095666334 0.013464725 0.013818329 0.19027282 -0.048318546 -0.06938539 -0.09151919 0.112786904 -0.07335323 -0.031783402 -0.07775964 1.0842874 0.0 -0.1378876486447431
-0.13631867 0.09653539 -0.06765788 0.017863281 -0.09627436 -0.110928826 -0.11258646 -0.021072982 0.0 0.634659 -0.19574961 0.6362712 -0.0082565425 -0.36369184 0.00034174576 -0.36530402 -0.18715133 -0.31017002 -0.113355674 0.08959093 0.055217244 0.05858029 -0.07784356 -0.037939653 0.07526409 0.58593434 -0.09576055 0.09200789 -0.08622835 0.16247688 -0.107491955 -0.068518296 -0.022856817 0.08234528 -0.106673315 -0.032044314 -0.022981362 1.2108047 0.0 -0.13861426934611437
-0.14023714 0.09660825 -0.13107003 0.040094733 -0.1303446 -0.07085151 -0.034917016 0.016959002 0.0 0.5331545 -0.40235078 0.5987629 -0.22670403 -0.33801976 0.12320768 -0.4036282 -0.052439068 -0.32780486 -4.7975955e-05 0.036909137 0.011170787 0.03055679 -0.090128936 0.09846378 0.09660269 0.5214816 -0.29134756 0.12818056 0.03138663 0.115164585 -0.15662284 0.0005448416 -0.0004610762 0.041239426 -0.12884986 0.031280834 -0.011004192 1.2666667 0.0 -0.13853558836155075
-0.14461325 0.09672276 -0.09026608 0.09204914 -0.14799255 -0.02094148 -0.042334933 0.015748555 0.0 0.3652635 -0.5642594 0.4873387 -0.42194322 -0.271681 0.22912444 -0.39375618 0.08680824 -0.30441698 0.11130219 0.14688657 -0.07866742 0.002306794 -0.0935555 0.14537863 0.037069224 0.39241895 -0.45642933 0.069159 -0.16148907 0.05376442 -0.18681277 -0.017594766 -0.008410549 -0.0052974015 -0.13594857 0.003457882 -0.027034296 1.2666667 0.0 -0.13697303409416214
-0.14909284 0.097154 -0.052046552 0.1216865 -0.14721188 0.031985726 -0.033035163 0.021297673 0.0 0.15050112 -0.6596327 0.3141075 -0.56804013 -0.17438614 0.30452734 -0.33799255 0.21293476 -0.2455067 0.20704292 0.019319566 -0.022506181 -0.02480056 -0.089536056 0.1564279 -0.030637626 0.21322854 -0.56735146 0.08910857 -0.060294125 -0.0144813685 -0.19409247 -0.0203812 -0.0059614107 -0.052030962 -0.12675844 -0.010268529 -0.02608155 1.2666667 0.0 -0.1339257133433481
-0.15341626 0.096829474 -0.044046897 0.120911725 -0.12719204 0.08187709 0.014220566 0.038314145 0.0 -0.08487426 -0.6753293 0.10026743 -0.6456847 -0.05783726 0.34173766 -0.24297895 0.31209302 -0.15746802 0.27550238 0.077508025 -0.15605178 -0.048559535 -0.0782416 0.1793979 -0.08053879 0.005344793 -0.61037594 -0.019020021 -0.15722804 -0.080354154 -0.17690551 0.017635206 0.013014998 -0.09237946 -0.101401575 0.017613186 -0.002711254 1.2666667 0.0 -0.1316639298220703
-0.15732725 0.09490688 -0.05467711 0.118652366 -0.08919476 0.121708654 0.080804355 0.03689173 0.0 -0.3111248 -0.6089925 -0.12709972 -0.6449233 0.06453128 0.3365437 -0.11949379 0.37247452 -0.050574686 0.3098516 0.10340177 -0.027134016 -0.0666254 -0.061138835 0.19526315 -0.123051435 -0.20370239 -0.57892483 0.12409477 -0.10172998 -0.13452883 -0.13803089 0.07474658 0.0164469 -0.11996959 -0.06326637 0.071512625 0.0190631 1.2666667 0.0 -0.12880023956378844
-0.16077642 0.09220445 -0.018218596 0.12769097 -0.038745534 0.14512524 0.094245926 0.005731841 0.0 -0.5012631 -0.46897745 -0.34086248 -0.5660748 0.17698991 0.2893952 0.016589284 0.38649255 0.06057873 0.30399007 0.0053651305 -0.1763667 -0.07865275 -0.040684115 0.1479545 -0.18417466 -0.3904625 -0.47759843 -0.0533682 -0.114978686 -0.17105983 -0.083561145 0.084720664 -0.008421917 -0.13175339 -0.0183052 0.081482574 -0.0060957405 1.2666667 0.0 -0.1254309635437501
-0.1643422 0.08946947 0.03450979 0.12782167 0.01606226 0.14851396 0.079515696 -0.031112894 0.0 -0.63260305 -0.27337396 -0.51514155 -0.41952127 0.26431087 0.20694022 0.14684933 0.35308754 0.16141123 0.26039076 0.06078955 -0.10410666 -0.08527163 -0.01881666 0.074376926 -0.21822822 -0.53106403 -0.31949297 0.03028269 -0.15823275 -0.18689552 -0.021259924 0.06839992 -0.037842795 -0.12770063 0.026708493 0.06604759 -0.034441017 1.259535 0.0 -0.12296556168465954
-0.16604769 0.08544977 -0.034277763 0.13373539 0.06895121 0.1320554 0.17033166 -0.081964575 0.0 -0.6878269 -0.05124752 -0.6257942 -0.22818874 0.31789234 0.10265232 0.25585964 0.27959353 0.23911461 0.18690401 -0.014766256 -0.14916606 -0.08632728 0.0037116143 0.01945105 -0.18832375 -0.6076731 -0.1281945 -0.012844843 -0.07845144 -0.17924584 0.039562263 0.16202363 -0.085327834 -0.10748866 0.06521433 0.16069336 -0.08036 1.2080052 0.0 -0.11881293725709749
-0.16637993 0.08109161 0.010380827 0.12826607 0.11388619 0.09677464 0.13132448 -0.125523 0.0 -0.665131 0.17953444 -0.6664526 -0.007960907 0.33352256 -0.015009683 0.3348442 0.17248566 0.28727293 0.090103336 -5.0402694e-05 -0.16918516 -0.081800684 0.026689919 -0.059128586 -0.17472541 -0.61542165 0.07973003 0.019546375 -0.19336978 -0.15111268 0.093524426 0.12586659 -0.12286736 -0.074900374 0.093611866 0.12607907 -0.11852058 1.2584511 0.0 -0.11393924493713478
-0.16645621 0.0767772 0.04219021 0.120019786 0.14286706 0.04669427 0.08844283 -0.16448753 0.0 -0.56582135 0.39126664 -0.6309071 0.21542555 0.30691212 -0.13169849 0.37199786 0.04414262 0.29787642 -0.016113808 -0.106866054 -0.03909252 -0.07194301 0.04830489 -0.12647885 -0.13202442 -0.55305684 0.28091615 -0.046000388 -0.047635294 -0.10741348 0.13390003 0.086770475 -0.16447647 -0.035663646 0.10818013 0.088702 -0.15989107 1.2518035 0.0 -0.10854521498396151
-0.16655572 0.072676 0.08084503 0.08605825 0.15110072 -0.009730379 0.024505604 -0.16943981 0.0 -0.4048632 0.5550495 -0.5250679 0.41114998 0.24239613 -0.22994198 0.36260086 -0.08604246 0.2706061 -0.116539896 -0.15626116 -0.08262082 -0.057048105 0.06778368 -0.1583738 -0.03454168 -0.42978758 0.44639322 -0.095917016 -0.15630764 -0.055437025 0.15619671 0.027081877 -0.16954245 0.0036725525 0.108062185 0.030363206 -0.16588537 1.2158397 0.0 -0.10255776682658957
-0.16588682 0.06913506 0.059966456 0.08211892 0.13992834 -0.06334132 0.011506294 -0.19167867 0.0 -0.2102513 0.6524808 -0.36993963 0.5542164 0.15413712 -0.29745463 0.31382543 -0.19919024 0.21559824 -0.19744469 -0.07538052 -0.02892571 -0.037016723 0.08279522 -0.10922095 0.0076203034 -0.26812693 0.5576809 -0.01989267 -0.02188807 -0.0030933663 0.1594071 0.013425536 -0.1970604 0.03781791 0.095075205 0.018066162 -0.19448636 1.1304446 0.0 -0.09664121601130284
-0.1642779 0.06657717 0.046764255 0.066803075 0.11351379 -0.10876187 -0.012426609 -0.18944882 0.0 -0.006665629 0.68331945 -0.18849425 0.6375527 0.055595353 -0.33220002 0.23742399 -0.28643322 0.14366904 -0.25345942 -0.07730036 -0.015407624 -0.0130154835 0.09099518 -0.05705294 0.016888632 -0.090554014 0.6099221 -0.09801358 -0.117480874 0.044069972 0.14632499 -0.01003574 -0.19821043 0.063956685 0.072713606 -0.0044273236 -0.19703394 1.0775934 0.0 -0.09181863875355155
-0.16267279 0.06580579 -0.003086783 0.042774532 0.0761601 -0.14275189 0.00045382135 -0.16674967 0.0 0.19093166 0.65432286 0.003644379 0.6632517 -0.043976236 -0.3356138 0.14331104 -0.34454265 0.063101396 -0.28303793 0.011098302 0.054742135 0.013086022 0.09186471 -0.007353849 0.02731378 0.08979951 0.6084221 0.07096958 -0.01778194 0.08361872 0.12105777 -0.0018940587 -0.17916933 0.08148587 0.0448223 0.003254354 -0.17979719 1.0472858 0.0 -0.08580263426226742
-0.16133702 0.06763913 -0.070896566 0.06446708 0.03131045 -0.16448301 0.033302113 -0.17919755 0.0 0.37443605 0.56851625 0.19786137 0.63158476 -0.1385039 -0.31014684 0.038070776 -0.37321532 -0.018820735 -0.28714272 0.1361234 0.053209387 0.040165935 0.0846488 0.044388726 0.008722669 0.26393738 0.5539171 -0.00045352094 -0.07401934 0.11500828 0.08520142 0.026506225 -0.19384529 0.0909434 0.012817092 0.031677615 -0.19601412 1.0752517 0.0 -0.07950522781173947
-0.16056752 0.071891 -0.10024272 0.091309026 -0.021194976 -0.1724295 0.03052557 -0.18595181 0.0 0.5364045 0.419591 0.3884301 0.5347423 -0.22571021 -0.25445455 -0.077735804 -0.36960587 -0.10111673 -0.26700336 0.21279047 -0.005020135 0.06746861 0.06778014 0.09936471 0.012612135 0.42725956 0.44012326 0.17000031 -0.10974658 0.1359235 0.038043957 0.015555016 -0.1989716 0.09055159 -0.023295252 0.019302336 -0.20239879 1.1936454 0.0 -0.07341011576135492
-0.16090406 0.07647783 -0.089845724 0.101967 -0.07895294 -0.16083455 -0.0052865082 -0.16559406 0.0 0.64973414 0.2088474 0.54964584 0.36739892 -0.2959622 -0.16640538 -0.1958739 -0.3249569 -0.17839819 -0.21920344 0.22693408 -0.065887116 0.09060455 0.040630113 0.135601 0.0032236266 0.5536917 0.26540926 0.029367076 -0.06273731 0.13956875 -0.016558282 -0.025559358 -0.1759368 0.07613211 -0.058985166 -0.02381091 -0.1796185 1.2666667 0.0 -0.06862171943121484
-0.16125958 0.07750978 0.0048085065 -0.036756016 -0.13190806 -0.12634996 -0.11295482 0.009901671 0.0 0.6826236 -0.024881672 0.6422569 0.15822151 -0.3342934 -0.057067808 -0.29392666 -0.24017099 -0.23953106 -0.14507021 0.010584401 0.122789696 0.09968843 0.010292389 -0.055821918 0.16378611 0.6116765 0.060568362 0.03726953 -0.02166741 0.12170853 -0.06490033 -0.138326 0.005744064 0.047648378 -0.08339534 -0.13824376 0.0032481886 1.2403519 0.0 -0.06271864214240064
-0.16062613 0.07405954 0.026115438 -0.1403973 -0.16412506 -0.084604345 -0.13459183 0.14223404 0.0 0.65273625 -0.19627102 0.6608589 -0.008947044 -0.33820224 0.034374014 -0.34632495 -0.15294996 -0.27017024 -0.07117857 -0.09205094 0.26494372 0.09617222 -0.008311343 -0.123220354 0.24087566 0.60585904 -0.09513611 -0.060434315 0.20409365 0.09576284 -0.09050021 -0.16325617 0.14090094 0.019418983 -0.08937994 -0.1637801 0.13904844 0.73404056 0.0 -0.05618691681328872
-0.15927419 0.06988775 0.023963245 -0.12713176 -0.17836305 -0.05612104 -0.12831001 0.14355172 0.0 0.61863184 -0.28056088 0.6526579 -0.096174136 -0.33073807 0.08529843 -0.36476415 -0.099088326 -0.280941 -0.025009714 -0.1308238 0.21976317 0.0903363 -0.013687069 -0.12363134 0.22592507 0.58610165 -0.17435285 -0.012602784 0.05553975 0.07710645 -0.097905494 -0.15960473 0.14626889 0.0016316653 -0.08626107 -0.16030273 0.14478292 0.34592047 0.0 -0.048662923156499366
-0.1570736 0.06639032 0.055845834 -0.1085083 -0.18543983 -0.043526445 -0.15662779 0.12900479 0.0 0.6041637 -0.30393565 0.64636934 -0.121247575 -0.3279671 0.10384914 -0.37017274 -0.07883894 -0.28647798 -0.0054808888 -0.15504287 0.1985646 0.08487875 -0.010463711 -0.15863703 0.20384568 0.576156 -0.1960302 -0.07386459 0.17819779 0.06672235 -0.09652363 -0.19111048 0.13186009 -0.00818157 -0.081573926 -0.19175835 0.13061638 0.038012978 0.0 -0.03907376233353163
-0.15374209 0.06395547 0.09772073 -0.07712555 -0.19047193 -0.04416265 -0.19628145 0.0947995 0.0 0.60828316 -0.28677744 0.6462388 -0.10315929 -0.33305794 0.09927066 -0.37101355 -0.08434749 -0.29277995 -0.0064528137 -0.21260406 0.14725274 0.07851722 -0.002586887 -0.21370876 0.15589648 0.5777085 -0.17998269 -0.08717849 0.0054953485 0.061567597 -0.09116004 -0.23324537 0.099392764 -0.013680139 -0.07798826 -0.23373836 0.09845018 -0.16332306 0.0 -0.02747084687557766
-0.14977588 0.062381096 0.112729065 -0.056364354 -0.19454305 -0.052628815 -0.20952815 0.067968264 0.0 0.6202206 -0.24882132 0.6474448 -0.06330826 -0.34195814 0.081887566 -0.36918235 -0.103625484 -0.29963005 -0.019443747 -0.2331205 0.10742119 0.07051943 0.00608803 -0.24339461 0.10704127 0.5832786 -0.14363319 -0.13413048 0.12504731 0.058415204 -0.08484018 -0.24966778 0.06922043 -0.0174844 -0.076099634 -0.2500743 0.068045154 -0.23969208 0.0 -0.014615414655208658
-0.14573959 0.060895912 0.11395616 -0.055367023 -0.19751951 -0.064083286 -0.20875996 0.0600836 0.0 0.63211066 -0.20330055 0.64636827 -0.016343419 -0.3507365 0.059697114 -0.36499408 -0.12726001 -0.3058379 -0.037664033 -0.24518704 0.065707356 0.06140914 0.013964548 -0.25031057 0.087557256 0.5879603 -0.10135865 -0.0942943 -0.014196198 0.055593785 -0.07863023 -0.25138822 0.060637444 -0.020741139 -0.075234205 -0.25172797 0.059226025 -0.25836056 0.0 0.0
