35
0
0.0722211 -0.09591559 0.09390665 0.1162928 0.351307 0.101520084 -0.007856762 -0.11866945 0.0 0.4277789 0.0021655932 0.4277789 0.18966559 -0.5722211 0.18966559 -0.5722211 0.0021655932 0.09993465 0.3705848 -0.18999597 -0.031229837 0.17135596 0.12442767 -0.20780824 -0.018757641 -0.0722211 0.09591559 -0.09390665 -0.1162928 0.0 0.34338727478087494
0.07538183 -0.09211202 0.093002796 0.11027313 0.35097033 0.09763852 -0.009222224 -0.11258711 0.0 0.42461815 -0.0016379775 0.42461815 0.18586202 -0.5753818 0.18586202 -0.5753818 -0.0016379775 0.092843704 0.36863622 -0.21845496 -0.07751023 0.16792272 0.12008397 -0.03804077 -0.19599664 -0.07538183 0.09211202 -0.093002796 -0.11027313 0.0 0.3512274220649598
0.07875535 -0.08825242 0.099357374 0.11174483 0.35034636 0.093702964 -0.01778628 -0.11399778 0.0 0.42124465 -0.005497583 0.42124465 0.18200241 -0.5787553 0.18200241 -0.5787553 -0.005497583 0.08646063 0.36207455 -0.15047717 -0.25138235 0.16279145 0.11556422 -0.22691202 -0.08281884 -0.07875535 0.08825242 -0.099357374 -0.11174483 0.0 0.3592618757628565
0.08308308 -0.08565945 0.13820648 0.05733645 0.3486957 0.09103607 -0.05878659 -0.059529986 0.0 0.41691694 -0.008090547 0.41691694 0.17940946 -0.5830831 0.17940946 -0.5830831 -0.008090547 0.078009866 0.35764796 -0.28780997 -0.06049597 0.15861732 0.11469217 -0.042474125 0.008707258 -0.08308308 0.08565945 -0.13820648 -0.05733645 0.0 0.36753269982752085
0.08461051 -0.08146747 -0.009466401 0.14922613 0.34977472 0.08677209 0.08679183 -0.15136181 0.0 0.4153895 -0.012282532 0.4153895 0.17521746 -0.5846105 0.17521746 -0.5846105 -0.012282532 0.07196527 0.3554879 -0.110930406 -0.060157776 0.16092975 0.11358262 0.11939608 -0.054384694 -0.08461051 0.08146747 0.009466401 -0.14922613 0.0 0.3758327172688948
0.08738778 -0.080241755 0.14452626 -0.028848201 0.34953514 0.08547629 -0.06924008 0.026768835 0.0 0.41261223 -0.013508243 0.41261223 0.17399175 -0.5873878 0.17399175 -0.5873878 -0.013508243 0.06820126 0.35880297 -0.12379155 0.17723009 0.16196942 0.11577805 -0.0340982 0.12965263 -0.08738778 0.080241755 -0.14452626 0.028848201 0.0 0.38555398988840034
0.08909818 -0.0806704 -0.003057601 -0.0037498358 0.35029554 0.085836686 0.07635833 0.0017253074 0.0 0.4109018 -0.013079601 0.4109018 0.1744204 -0.58909816 0.1744204 -0.58909816 -0.013079601 0.066547856 0.35920766 -0.0065893754 -0.086869314 0.16154101 0.12087764 0.0023150125 0.15360421 -0.08909818 0.0806704 0.003057601 0.0037498358 0.0 0.3953391699478699
0.09024567 -0.08071951 0.059561275 0.00025421238 0.35155368 0.085819356 0.01180636 -0.0022253494 0.0 0.40975434 -0.013030495 0.40975434 0.1744695 -0.59024566 0.1744695 -0.59024566 -0.013030495 0.068355925 0.35600042 0.070338145 -0.07686908 0.1604339 0.12605083 -0.057459883 0.1492005 -0.09024567 0.08071951 -0.059561275 -0.00025421238 0.0 0.40553711469273124
0.0938956 -0.081744455 0.12923458 -0.04798552 0.35024595 0.08677962 -0.05974906 0.046066366 0.0 0.40610442 -0.0120055415 0.40610442 0.17549446 -0.5938956 0.17549446 -0.5938956 -0.0120055415 0.06401094 0.35486513 -0.24174611 -0.014115772 0.15924306 0.12986001 -0.00759753 0.0968612 -0.0938956 0.081744455 -0.12923458 0.04798552 0.0 0.41623164329611784
0.09789974 -0.083072215 0.11742313 -0.035644215 0.34852222 0.08804439 -0.049770094 0.033775672 0.0 0.40210027 -0.010677782 0.40210027 0.17682222 -0.59789973 0.17682222 -0.59789973 -0.010677782 0.058570467 0.35551763 -0.11016285 0.04552533 0.15902147 0.12925184 -0.029036332 -0.08087294 -0.09789974 0.083072215 -0.11742313 0.035644215 0.0 0.4279436413023595
0.10254522 -0.08519385 0.13205346 -0.070731595 0.34609702 0.0901047 -0.06618458 0.068912335 0.0 0.3974548 -0.008556149 0.3974548 0.17894386 -0.6025452 0.17894386 -0.6025452 -0.008556149 0.05432024 0.35686547 -0.11754304 0.024920719 0.15391047 0.1267971 -0.19994497 -0.06277956 -0.10254522 0.08519385 -0.13205346 0.070731595 0.0 0.4400683446266472
0.10205289 -0.08592489 -0.10419944 0.006094212 0.34875107 0.09077604 0.16833122 -0.007865499 0.0 0.3979471 -0.007825108 0.3979471 0.1796749 -0.60205287 0.1796749 -0.60205287 -0.007825108 0.05869578 0.3568454 0.25701195 -0.0076733963 0.15393093 0.124788 0.12154136 -0.06256461 -0.10205289 0.08592489 0.10419944 -0.006094212 0.0 0.4533293442111618
0.09748 -0.085389994 -0.13633811 0.020053709 0.3554287 0.090183005 0.1987786 -0.021778282 0.0 0.40252 -0.00836001 0.40252 0.17913999 -0.59748 0.17913999 -0.59748 -0.00836001 0.06362071 0.35638228 0.063646756 -0.015532255 0.15978813 0.12085061 0.18664312 -0.14585541 -0.09748 0.085389994 0.13633811 -0.020053709 0.0 0.4667782922392196
0.094185375 -0.08524051 -0.07533749 -0.00566831 0.36077252 0.08997693 0.1361313 0.003989217 0.0 0.40581462 -0.008509489 0.40581462 0.17899051 -0.59418535 0.17899051 -0.59418535 -0.008509489 0.062491402 0.35493 -0.06189274 -0.051739044 0.16467121 0.11600221 0.11783804 -0.13271503 -0.094185375 0.08524051 0.07533749 0.00566831 0.0 0.4810491406258382
0.09058182 -0.0825773 -0.099687934 0.11378011 0.36637124 0.087258615 0.15887848 -0.115414925 0.0 0.40941817 -0.011172697 0.40941817 0.1763273 -0.59058183 0.1763273 -0.59058183 -0.011172697 0.06129495 0.353011 -0.03713232 -0.052655235 0.16773108 0.108530805 0.053485904 -0.25216994 -0.09058182 0.0825773 0.099687934 -0.11378011 0.0 0.4949675383983443
0.091661245 -0.07890119 0.10484125 0.103199996 0.36723438 0.08352885 -0.047211688 -0.10479169 0.0 0.40833876 -0.0148488125 0.40833876 0.17265119 -0.5916613 0.17265119 -0.5916613 -0.0148488125 0.058318745 0.35356206 -0.11445177 0.0463024 0.16709577 0.099895746 -0.062340338 -0.24680308 -0.091661245 0.07890119 -0.10484125 -0.103199996 0.0 0.5102082388397644
0.09518169 -0.07517767 0.10081633 0.11039212 0.36560526 0.079753086 -0.04470658 -0.111941844 0.0 0.40481833 -0.018572332 0.40481833 0.16892767 -0.5951817 0.16892767 -0.5951817 -0.018572332 0.051347844 0.3515913 -0.24961631 -0.11595177 0.16591425 0.096295945 -0.009539133 -0.017629854 -0.09518169 0.07517767 -0.10081633 -0.11039212 0.0 0.5261086928314147
0.096016675 -0.07041039 -0.015145281 0.14909095 0.36661172 0.07493495 0.0697753 -0.1505998 0.0 0.40398332 -0.02333961 0.40398332 0.16416039 -0.5960167 0.16416039 -0.5960167 -0.02333961 0.04677554 0.3439983 -0.06969404 -0.26935837 0.16794239 0.09575287 0.0880357 -0.018305676 -0.096016675 0.07041039 0.015145281 -0.14909095 0.0 0.5421556234633675
0.09912744 -0.06754748 0.14322282 0.041059535 0.36529383 0.07202252 -0.090033524 -0.042528596 0.0 0.40087256 -0.026202524 0.40087256 0.16129747 -0.5991274 0.16129747 -0.5991274 -0.026202524 0.039629176 0.33811525 -0.27518302 -0.111657366 0.16752996 0.09724428 -0.06167487 0.08421041 -0.09912744 0.06754748 -0.14322282 -0.041059535 0.0 0.5598522829724755
0.10176569 -0.063675866 0.038412467 0.14484692 0.3644012 0.068102695 0.0133741265 -0.14627725 0.0 0.3982343 -0.030074134 0.3982343 0.15742587 -0.6017657 0.15742587 -0.6017657 -0.030074134 0.03719994 0.33425 0.05164808 -0.10193484 0.16936414 0.094601005 0.11082614 -0.15799326 -0.10176569 0.063675866 -0.038412467 -0.14484692 0.0 0.5775197701575079
0.105365835 -0.06097801 0.13859251 0.040976454 0.3625006 0.0653579 -0.088171646 -0.042369053 0.0 0.39463416 -0.03277199 0.39463416 0.15472801 -0.6053658 0.15472801 -0.6053658 -0.03277199 0.036491796 0.33543622 -0.07453484 0.09510553 0.1699414 0.08933659 -0.032536343 -0.14540847 -0.105365835 0.06097801 -0.13859251 -0.040976454 0.0 0.5969570515938625
0.10821238 -0.05779967 0.05123072 0.1248638 0.3613088 0.062133856 -0.002139558 -0.12621967 0.0 0.39178762 -0.03595033 0.39178762 0.15154967 -0.6082124 0.15154967 -0.6082124 -0.03595033 0.037167225 0.33584473 0.06947444 -0.03640225 0.17061351 0.08243391 0.049522903 -0.23528863 -0.10821238 0.05779967 -0.05123072 -0.1248638 0.0 0.616562472407947
0.11097196 -0.05350929 0.09166652 0.118324466 0.36016032 0.057798978 -0.04386999 -0.119644575 0.0 0.38902804 -0.04024071 0.38902804 0.1472593 -0.6109719 0.1472593 -0.6109719 -0.04024071 0.03894967 0.33187175 0.046745162 -0.15173623 0.17189072 0.07874024 0.028513769 -0.0305391 -0.11097196 0.05350929 -0.09166652 -0.118324466 0.0 0.6376386432499169
0.11403386 -0.049400575 0.0882344 0.12065023 0.35866705 0.053646937 -0.041698374 -0.12193553 0.0 0.38596615 -0.044349425 0.38596615 0.14315057 -0.6140339 0.14315057 -0.6140339 -0.044349425 0.04013678 0.32506418 0.023900557 -0.2198479 0.17183888 0.07866119 -0.017173344 0.010430385 -0.11403386 0.049400575 -0.0882344 -0.12065023 0.0 0.6601022667894265
0.118228264 -0.047796037 0.141031 0.006484786 0.3559999 0.05200022 -0.09572221 -0.007736191 0.0 0.38177174 -0.045953963 0.38177174 0.14154604 -0.61822826 0.14154604 -0.61822826 -0.045953963 0.037183214 0.3192512 -0.14661458 -0.14453195 0.17142609 0.07710874 -0.010507054 -0.07826064 -0.118228264 0.047796037 -0.141031 -0.006484786 0.0 0.6844829740632681
0.12269155 -0.04558946 0.118499324 0.09163956 0.3530236 0.04975257 -0.074385434 -0.092857964 0.0 0.37730846 -0.04816054 0.37730846 0.13933946 -0.6226916 0.13933946 -0.6226916 -0.04816054 0.03480354 0.3165189 -0.010710222 -0.027697852 0.17190938 0.07459145 0.02959049 -0.06931365 -0.12269155 0.04558946 -0.118499324 -0.09163956 0.0 0.7093290247262223
0.12505944 -0.042052634 0.04658097 0.11925144 0.35210344 0.04617576 -0.003630461 -0.12043771 0.0 0.37494057 -0.051697366 0.37494057 0.13580264 -0.6250594 0.13580264 -0.6250594 -0.051697366 0.032998648 0.3120346 -0.09609775 -0.21267302 0.16974369 0.07044641 -0.12575722 -0.16311061 -0.12505944 0.042052634 -0.04658097 -0.11925144 0.0 0.7355378812280692
0.12653925 -0.03740978 0.038555168 0.13693133 0.35203323 0.04149397 0.0032626481 -0.13808632 0.0 0.37346077 -0.05634022 0.37346077 0.13115978 -0.62653923 0.13115978 -0.62653923 -0.05634022 0.03317911 0.30690533 0.08019375 -0.093762904 0.16797982 0.064422786 0.004438376 -0.17426223 -0.12653925 0.03740978 -0.038555168 -0.13693133 0.0 0.7624807304436005
0.12775116 -0.037723057 0.0361008 -0.1025697 0.3521937 0.041769348 0.004614188 0.101445176 0.0 0.37224886 -0.056026943 0.37224886 0.13147306 -0.6277512 0.13147306 -0.6277512 -0.056026943 0.035095733 0.3083994 0.03540739 0.1307386 0.16421406 0.06344644 -0.18747705 0.06729443 -0.12775116 0.037723057 -0.0361008 0.1025697 0.0 0.7922111412028405
0.12933221 -0.03692546 0.052945875 0.113953605 0.35194886 0.040934842 -0.013304625 -0.115048476 0.0 0.3706678 -0.05682454 0.3706678 0.13067546 -0.62933224 0.13067546 -0.62933224 -0.05682454 0.034619723 0.30543688 -0.04936707 -0.24250501 0.1625295 0.06352016 0.029816706 -0.049912892 -0.12933221 0.03692546 -0.052945875 -0.113953605 0.0 0.8228585456975891
0.1288703 -0.032064185 -0.051494345 0.14086998 0.35371175 0.036037635 0.09009017 -0.14193597 0.0 0.37112972 -0.061685815 0.37112972 0.12581418 -0.6288703 0.12581418 -0.6288703 -0.061685815 0.036186256 0.29772282 0.10419036 -0.19319747 0.16686472 0.05727831 0.16238067 -0.24220139 -0.1288703 0.032064185 0.051494345 -0.14086998 0.0 0.854257009947565
0.12891619 -0.028160233 0.033293337 0.11031921 0.35493252 0.0320987 0.004284637 -0.11135709 0.0 0.37108383 -0.06558977 0.37108383 0.12191023 -0.6289162 0.12191023 -0.6289162 -0.06558977 0.033952627 0.29327333 -0.18070143 -0.099787384 0.1712547 0.05154939 0.10716421 -0.13958117 -0.12891619 0.028160233 -0.033293337 -0.11031921 0.0 0.8879120594670833
0.12788373 -0.024238082 -0.0729394 0.110333785 0.35719824 0.028142486 0.109526366 -0.11134429 0.0 0.37211627 -0.06951192 0.37211627 0.11798808 -0.62788373 0.11798808 -0.62788373 -0.06951192 0.032255355 0.2921635 0.029286195 0.018689463 0.17696406 0.04742632 0.21013713 -0.10339076 -0.12788373 0.024238082 0.0729394 -0.110333785 0.0 0.9229692651453023
0.12841323 -0.020674279 0.07625696 0.10280079 0.35786948 0.02454552 -0.040634874 -0.10378464 0.0 0.37158677 -0.07307572 0.37158677 0.11442428 -0.6284132 0.11442428 -0.6284132 -0.07307572 0.030380584 0.29249159 -0.11503423 0.007588843 0.17921151 0.04731571 -0.038468417 0.041784454 -0.12841323 0.020674279 -0.07625696 -0.10280079 0.0 0.9606442824736238
0.13071644 -0.016115848 0.056387722 0.13871902 0.35673532 0.0199548 -0.021705067 -0.13967694 0.0 0.36928356 -0.07763415 0.36928356 0.10986585 -0.63071644 0.10986585 -0.63071644 -0.07763415 0.028685944 0.28776243 0.002039635 -0.2269897 0.18063624 0.04569381 0.08431309 -0.08708911 -0.13071644 0.016115848 -0.056387722 -0.13871902 0.0 1.0
