109
-0.034380555 0.0039622514 0.13941339 -0.025666136 0.14591755 -0.027624091 -0.10830245 -0.019919196 0.0 0.40833095 -0.35829613 0.50463027 -0.19741513 -0.3534017 0.31618118 -0.449701 0.1553002 -0.33628273 0.21750267 -0.2370638 0.012086002 -0.21404223 0.018576859 0.0011656142 0.0074736485 0.2750714 -0.19789131 -0.0045194095 -0.013857027 0.33795327 -0.3425051 -0.0841037 -0.1040175 0.383938 -0.20156613 -0.05524573 0.04310799 0.020544011 0.0 -0.007302496003840531
-0.029859468 0.0056171175 0.13923416 -0.026652988 0.1422842 -0.027812276 -0.109022096 -0.017349005 0.0 0.4046051 -0.35625777 0.5004517 -0.19510664 -0.35902104 0.31607503 -0.4548676 0.1549239 -0.34201226 0.21700928 -0.088549845 0.014634354 -0.2140507 0.018250339 0.0013341666 0.008451893 0.2743603 -0.19921233 -0.057763617 -0.087697 0.337422 -0.34400123 -0.022728056 -0.052761342 0.38376415 -0.2010515 -0.018117141 -0.04975503 -0.063022256 0.0 0.0009890399222747537
-0.025323166 0.007229825 0.1395994 -0.024659172 0.1391706 -0.025083477 -0.109397344 -0.017204259 0.0 0.40804893 -0.34591535 0.5001163 -0.18257566 -0.3710287 0.30845022 -0.46309605 0.14511055 -0.35276425 0.20940499 -0.22910058 0.01214634 -0.21437535 0.013568271 0.0013101711 0.009393244 0.27760762 -0.19511238 -0.02872274 -0.05818878 0.3412316 -0.3369338 -0.18313701 -0.012553245 0.38768095 -0.19388561 -0.021128621 -0.05575462 -0.13150848 0.0 0.007387621070664097
-0.020773558 0.0088039385 0.14028962 -0.020316815 0.13632081 -0.020260107 -0.109515466 -0.01899405 0.0 0.4165312 -0.3289744 0.5021236 -0.16215056 -0.3876035 0.29434222 -0.47319588 0.1275184 -0.3655902 0.19562042 -0.08236563 0.008180859 -0.21470742 0.005491656 0.0010844966 0.010274893 0.28462595 -0.1836481 -0.0070583583 0.05657823 0.34586203 -0.32450354 -0.2710104 -0.037949663 0.3945338 -0.17991287 -0.009256285 -0.032210447 -0.17890403 0.0 0.018295346242625382
-0.016212149 0.010342493 0.14100622 -0.014438409 0.13343215 -0.014268853 -0.109405 -0.022066124 0.0 0.42745805 -0.30755463 0.50471914 -0.13671269 -0.40643784 0.27534664 -0.483699 0.10450469 -0.38039407 0.1773726 -0.22401266 -0.002002204 -0.21469504 -0.0047365692 0.0006841377 0.011071714 0.29310474 -0.16940702 -0.008707388 -0.03324754 0.35281402 -0.308311 -0.25570115 -0.03316793 0.40061668 -0.16307242 -0.10503889 -0.11557563 -0.20252635 0.0 0.03086688370777868
-0.011639974 0.01184779 0.14151406 -0.007917307 0.13029091 -0.00802583 -0.10911579 -0.025710309 0.0 0.4384163 -0.28410825 0.5064741 -0.10939593 -0.42532498 0.2535787 -0.49338272 0.078866385 -0.3940174 0.15664841 -0.078176215 -0.0013851497 -0.21413372 -0.015766297 0.00016622727 0.011769497 0.3016336 -0.15415241 -0.00045238252 -0.008176946 0.35993513 -0.29149374 -0.25303477 -0.07953095 0.40282115 -0.14542893 -0.22034514 -0.10605817 -0.20286383 0.0 0.042180130739312455
-0.007057634 0.013321225 0.14172164 -0.0016146617 0.12683211 -0.0023261313 -0.10875999 -0.029255899 0.0 0.44761148 -0.2611813 0.50660944 -0.0832052 -0.44259638 0.23145068 -0.50159436 0.05347458 -0.4069898 0.13575208 -0.21969566 -0.019448347 -0.21305576 -0.02632646 -0.00039541515 0.01237411 0.3068609 -0.13638155 -0.1041362 0.110057935 0.36664522 -0.2763278 -0.21819432 -0.11759185 0.40209547 -0.12837729 -0.23091197 -0.10869639 -0.1830761 0.0 0.052045607125481924
-0.0024653715 0.014763232 0.14168045 0.0037483242 0.12311964 0.0022428918 -0.10850055 -0.032150257 0.0 0.4540203 -0.2410646 0.5050092 -0.060630724 -0.45730484 0.21131 -0.5082937 0.030876124 -0.41723368 0.11685521 -0.07493195 -0.008419512 -0.2116988 -0.035385616 -0.0009264197 0.012911126 0.30792457 -0.12095614 -0.1607866 0.0039462107 0.37253228 -0.26437512 -0.16074036 -0.14390513 0.40304235 -0.11349582 -0.066782944 -0.08609728 -0.14825419 0.0 0.06152744652682102
0.0021368088 0.01617338 0.14152403 0.007666832 0.119278505 0.005345466 -0.108502306 -0.034006607 0.0 0.4572955 -0.2254589 0.5020012 -0.04336648 -0.46915832 0.195064 -0.51386404 0.012971578 -0.42636234 0.10155269 -0.21610036 -0.031295523 -0.21039191 -0.04225113 -0.0013649804 0.013417431 0.30709198 -0.111277826 -0.12930085 -0.052719913 0.3741983 -0.25535294 -0.24672924 -0.100008376 0.40295243 -0.10395534 -0.14753634 -0.14683409 -0.104555 0.0 0.06915127604434743
0.0067490237 0.017550575 0.1413885 0.009883968 0.11542275 0.0068943473 -0.10887676 -0.034619063 0.0 0.45754287 -0.21526462 0.49806258 -0.032195225 -0.47830752 0.18390991 -0.5188272 0.00084050855 -0.4330786 0.09103912 -0.072958246 -0.010078365 -0.20942481 -0.04659643 -0.0016691528 0.013930266 0.30563042 -0.10833628 -0.11104014 -0.15044297 0.37233526 -0.25090185 -0.21240203 -0.13230516 0.40168414 -0.09950728 -0.08198528 -0.13600467 -0.058326747 0.0 0.07954600550425972
0.011371422 0.018893348 0.1413539 0.010381653 0.11161132 0.0070122224 -0.109647505 -0.03395332 0.0 0.45510322 -0.21054092 0.49358952 -0.027033279 -0.4851179 0.178227 -0.5236042 -0.005280638 -0.43933067 0.08541117 -0.2142742 -0.033624668 -0.20895685 -0.04843191 -0.0018189908 0.014478609 0.3040218 -0.10962387 -0.06726443 -0.13105638 0.3670538 -0.25059757 -0.25047562 -0.10071298 0.40112486 -0.0984047 -0.026966404 -0.07798673 -0.015331784 0.0 0.08851376811248418
0.016004125 0.02020011 0.14142591 0.009344472 0.107842214 0.005974221 -0.11074899 -0.032124013 0.0 0.45041937 -0.21061583 0.48880252 -0.027086593 -0.4900201 0.1776236 -0.5284033 -0.005905639 -0.44384935 0.084551886 -0.07223849 -0.006799968 -0.20899141 -0.04804442 -0.0018154345 0.015079055 0.30311793 -0.11222592 -0.007847146 -0.052395865 0.36101514 -0.25487152 -0.14075433 -0.1482755 0.40058547 -0.1007181 -0.015754359 -0.07146417 0.019852182 0.0 0.09310936841419515
0.020647192 0.021469384 0.14155447 0.0071088085 0.104075104 0.0041446975 -0.112054765 -0.029364929 0.0 0.44399476 -0.21429716 0.4837753 -0.031065725 -0.49345905 0.18109706 -0.5332396 -0.0021343841 -0.4484492 0.08729963 -0.21408398 -0.02756574 -0.20940869 -0.045923818 -0.0016775368 0.01573591 0.2998881 -0.11820494 -0.108842924 -0.14056805 0.3526288 -0.26224634 -0.21549521 -0.12750061 0.3987642 -0.1065499 -0.036273133 -0.08991709 0.044205587 0.0 0.09888035600909864
0.025300601 0.022699991 0.1416718 0.004104325 0.100263745 0.0019161075 -0.11342025 -0.025992922 0.0 0.436399 -0.22012728 0.47852615 -0.0374211 -0.4959069 0.18725704 -0.538034 0.00455084 -0.45175967 0.09267318 -0.07193317 -0.0009979832 -0.21002972 -0.0426842 -0.0014387411 0.016444148 0.296661 -0.12519757 -0.015457683 -0.061413873 0.34050122 -0.26912802 -0.27812654 -0.037372205 0.39522597 -0.11529058 -0.07839073 -0.11926103 0.05640359 0.0 0.10086105779937748
0.029964225 0.02389114 0.14172798 0.00079239806 0.09638083 -0.000344912 -0.114722826 -0.022365203 0.0 0.42826584 -0.22663064 0.47310394 -0.044570785 -0.497882 0.19456582 -0.54272014 0.012505948 -0.45558897 0.099035904 -0.21432258 -0.017438676 -0.21068035 -0.03898258 -0.001142405 0.017193587 0.29413176 -0.13115504 -0.016019704 -0.03835227 0.32891265 -0.27693155 -0.19218287 -0.11861654 0.3922505 -0.12303998 -0.008025422 -0.013335362 0.056734126 0.0 0.10140644170939848
0.034637824 0.025042493 0.14170991 -0.002392755 0.092426695 -0.0023395377 -0.11588599 -0.018833034 0.0 0.42025107 -0.23251374 0.46762356 -0.051096823 -0.49993333 0.20155638 -0.5473058 0.020139463 -0.45862123 0.105265126 -0.07137512 0.0045150165 -0.21123266 -0.035439756 -0.00083657773 0.017972779 0.292144 -0.13506322 -0.0034602934 0.03121041 0.31703997 -0.28490022 -0.25384668 -0.08398248 0.3899698 -0.12704355 -0.023935836 0.07523086 0.046838246 0.0 0.10047275612936685
0.03932105 0.026154134 0.14163934 -0.0050930516 0.0884228 -0.0038628194 -0.11688323 -0.01569842 0.0 0.41295332 -0.23679455 0.4622452 -0.055889722 -0.5025806 0.20700042 -0.5518725 0.026095586 -0.46272528 0.110032484 -0.21418679 -0.008231119 -0.21161652 -0.032571755 -0.0005682874 0.018771565 0.29009274 -0.13945867 -0.029020319 -0.07829684 0.30469543 -0.2891704 -0.28298426 0.0035866275 0.3871664 -0.13189721 -0.04762744 -0.086297475 0.029327482 0.0 0.09498860852470983
0.04401347 0.02722649 0.14155611 -0.007059425 0.0843974 -0.0048122453 -0.11772586 -0.01318118 0.0 0.40682405 -0.23885813 0.45711967 -0.05822978 -0.50623155 0.21001342 -0.55652714 0.029385064 -0.4665453 0.11265587 -0.070623994 0.0077887676 -0.21180798 -0.030740906 -0.00037791487 0.019581951 0.28608745 -0.14101414 -0.13373218 0.05228029 0.2936623 -0.29175302 -0.27365977 -0.043564778 0.38569623 -0.13451579 -0.008802858 0.034960948 0.0073399 0.0 0.0879137514091963
0.048714597 0.028260205 0.14149761 -0.0081660105 0.08037214 -0.0051805833 -0.11844389 -0.011401139 0.0 0.40210143 -0.23845217 0.4523338 -0.05780622 -0.51111126 0.21009971 -0.5613436 0.029453767 -0.47181126 0.11253919 -0.21375456 -0.003322179 -0.21180831 -0.030132074 -0.0002944788 0.020397734 0.28070346 -0.14174986 -0.17881404 -0.07985984 0.2860489 -0.29465714 -0.19968821 -0.11535784 0.38553914 -0.13270694 -0.0076876977 0.056563515 -0.015904505 0.0 0.0802213113702018
0.053423923 0.029255996 0.14148399 -0.008406995 0.07635506 -0.005037305 -0.11906942 -0.010376142 0.0 0.39878917 -0.23564352 0.44788307 -0.054684855 -0.51722986 0.20714925 -0.56632376 0.026190585 -0.4769297 0.109666474 -0.070028156 0.008340176 -0.21162677 -0.030754494 -0.00033255722 0.021213865 0.2781941 -0.14181975 -0.0439118 -0.03466142 0.28250465 -0.29722515 -0.13515939 -0.1322721 0.3825983 -0.12738246 -0.17371416 0.10943331 -0.03749625 0.0 0.06974655320317585
0.05814098 0.03021451 0.14151418 -0.007879923 0.072341375 -0.004503727 -0.11962751 -0.010033436 0.0 0.3966851 -0.23075429 0.4436797 -0.04923912 -0.52440125 0.20139877 -0.5713958 0.019883603 -0.48337892 0.10417618 -0.21333264 -0.003423623 -0.21127409 -0.032465365 -0.0004912901 0.022026425 0.27844882 -0.13710041 -0.03930266 0.09987938 0.2788049 -0.29701993 -0.2569862 -0.06482743 0.37819904 -0.11805217 -0.16610742 0.1491072 -0.055137277 0.0 0.05384955659516871
0.06286535 0.031136192 0.14157149 -0.00675986 0.06831914 -0.0037265208 -0.12013522 -0.01023053 0.0 0.39544657 -0.22428836 0.43958876 -0.04205851 -0.53230375 0.19336644 -0.57644594 0.011136589 -0.48935944 0.096626356 -0.06971767 0.0069840266 -0.2107656 -0.03500901 -0.0007555398 0.022833519 0.2800719 -0.13161424 -0.003121143 -0.008895381 0.27476844 -0.2952729 -0.25204527 -0.08197116 0.37430805 -0.10739103 -0.16830745 0.13908648 -0.06732754 0.0 0.04077864382807134
0.067596704 0.032021172 0.14163399 -0.0052685514 0.06427613 -0.0028532078 -0.12060539 -0.010781423 0.0 0.39467156 -0.21685328 0.43547383 -0.033846654 -0.5405615 0.18376541 -0.5813638 0.0007587823 -0.49624455 0.087606035 -0.2129778 -0.006981466 -0.21012834 -0.03806459 -0.0010989663 0.02363663 0.28198802 -0.124821134 -0.021992281 0.080400996 0.27454573 -0.2939826 -0.111569196 -0.12820219 0.36904046 -0.09697798 -0.2395331 0.086821444 -0.07343149 0.0 0.02462605099517562
0.072334796 0.032869186 0.14168437 -0.0036424042 0.06020458 -0.0020122896 -0.12105109 -0.0114843175 0.0 0.39397353 -0.20908086 0.43123412 -0.025320426 -0.5488215 0.1734028 -0.5860821 -0.010357631 -0.50224155 0.07795341 -0.06961458 0.00518398 -0.20940545 -0.041295115 -0.0014884374 0.024441782 0.28282127 -0.118489 -0.051007822 -0.007674542 0.27462018 -0.29306552 -0.19458853 -0.12677251 0.36196887 -0.08707695 -0.2651247 0.075569145 -0.07363373 0.0 0.007788830750953546
0.07707945 0.03367953 0.14171502 -0.0021029313 0.056102563 -0.0012997269 -0.12148754 -0.012147378 0.0 0.39303556 -0.20155177 0.42682213 -0.017120969 -0.55680877 0.16307396 -0.59059536 -0.021356834 -0.5088144 0.068293564 -0.21263929 -0.011436701 -0.20865384 -0.044391368 -0.0018890161 0.025259791 0.28345782 -0.11256062 -0.042382468 0.03488378 0.27553043 -0.29067266 -0.09723898 -0.060210485 0.35749984 -0.076546445 -0.1246507 0.13819651 -0.06880459 0.0 -0.006317888423218232
0.08183056 0.034451026 0.14172786 -0.00083291956 0.0519725 -0.00077248795 -0.12193067 -0.012609642 0.0 0.3916384 -0.194732 0.42224053 -0.009746154 -0.5643506 0.15346518 -0.5949527 -0.031520654 -0.5143091 0.05938433 -0.069652714 0.004292996 -0.20793529 -0.04710569 -0.0022686757 0.026105514 0.2849206 -0.105862744 -0.010992564 0.05770916 0.27830204 -0.28948152 -0.057819054 -0.11594169 0.35417733 -0.0655177 -0.13949822 0.14353143 -0.060304236 0.0 -0.016996262908997084
0.08658806 0.035182025 0.14173019 3.93818e-05 0.047818564 -0.00044882056 -0.122393444 -0.012755175 0.0 0.38966492 -0.18892896 0.41752523 -0.0035103732 -0.5713739 0.14507796 -0.5992342 -0.040340625 -0.5203179 0.05152483 -0.21236823 -0.014569666 -0.20730418 -0.049272947 -0.0026020939 0.026996415 0.2847094 -0.09819086 -0.07476326 0.124631576 0.27828568 -0.28909206 -0.16791579 -0.11678552 0.35278642 -0.056855388 -0.025103245 0.07408932 -0.049757 0.0 -0.023271714261397944
0.091351904 0.035870407 0.14172946 0.00044706452 0.04364436 -0.0003139618 -0.12288223 -0.0125196595 0.0 0.38708964 -0.18427242 0.41272408 0.0014669753 -0.5778861 0.13818397 -0.6035205 -0.047555435 -0.52529144 0.045138977 -0.06981446 0.005019834 -0.20679651 -0.050818294 -0.0028731371 0.027951099 0.28371584 -0.09106329 -0.05419932 0.10325144 0.2748546 -0.29001015 -0.21963976 -0.11873296 0.3515294 -0.048898447 -0.07553642 0.12601843 -0.03882695 0.0 -0.026126629451793157
0.09612206 0.03651357 0.14172962 0.00038270265 0.039451923 -0.0003294072 -0.123394966 -0.011889661 0.0 0.38396102 -0.18072057 0.4078797 0.0052475603 -0.58395034 0.13281395 -0.607869 -0.05315418 -0.53087145 0.040049415 -0.21224259 -0.015343419 -0.20642371 -0.051753387 -0.0030759682 0.028988477 0.28361344 -0.08765145 -0.008983458 -0.028058209 0.27201888 -0.29203165 -0.12968343 -0.14066121 0.34620315 -0.04317248 -0.23070808 0.04636059 -0.029021587 0.0 -0.026631471912560902
0.10089848 0.0371084 0.14173007 -0.000110856236 0.03524192 -0.00044368874 -0.12392196 -0.010895515 0.0 0.3803825 -0.17808734 0.40302065 0.008041014 -0.5896639 0.12877779 -0.61230206 -0.05735057 -0.5355314 0.036303516 -0.07004404 0.0073272255 -0.20617253 -0.05216362 -0.0032149008 0.030128041 0.28410506 -0.086718634 -0.0032827172 -0.0304772 0.26864615 -0.29489213 -0.17453746 -0.13749936 0.34125957 -0.0377017 -0.09854948 0.12304557 -0.021543669 0.0 -0.025221227555686232
0.10568109 0.03765115 0.14172688 -0.0009552763 0.03101451 -0.00060279045 -0.12444881 -0.009599133 1.0 0.3764946 -0.17608376 0.39815983 0.010160355 -0.59514207 0.1257083 -0.6168073 -0.06053581 -0.5409023 0.033329807 -0.21222389 -0.014012266 -0.20601016 -0.05218944 -0.0033032328 0.03139166 0.28348404 -0.08619847 -0.040777516 -0.029505417 0.26449624 -0.2980614 -0.16428535 -0.13475221 0.3401174 -0.033243105 -0.0086530205 0.044393133 -0.017203312 0.0 -0.02089499035455139
0.11046978 0.03813725 0.14171529 -0.0020553467 0.026770191 -0.00075872923 -0.12496014 -0.008077954 1.0 0.3724581 -0.17436457 0.39329785 0.011973721 -0.6005063 0.12311904 -0.62134606 -0.06321924 -0.5454459 0.03093544 -0.07024998 0.010711553 -0.20589203 -0.0520047 -0.0033613308 0.032807257 0.28355512 -0.08439393 -0.006828499 0.044538748 0.26101744 -0.30162042 -0.12864141 -0.1389751 0.33944407 -0.032858506 -0.03429261 -0.08077133 -0.01639452 0.0 -0.015412440289146442
0.11526439 0.038560882 0.1416915 -0.0033203014 0.022510175 -0.0008753228 -0.1254426 -0.0064057806 1.0 0.368438 -0.172572 0.38842663 0.013859494 -0.6058747 0.12046549 -0.6258634 -0.06596601 -0.5507722 0.028366242 -0.21217753 -0.011623861 -0.20576952 -0.05179496 -0.0034141922 0.034415346 0.28216758 -0.07974278 -0.079903126 0.12868163 0.260166 -0.30293727 -0.019857464 -0.038533352 0.33598682 -0.035300605 -0.15362334 -0.1350701 -0.019133978 0.0 -0.011779243305528445
0.12006469 0.038914263 0.14165322 -0.0046885097 0.018236263 -0.00093065633 -0.12588596 -0.004629566 1.0 0.36458853 -0.17036976 0.38353136 0.016170898 -0.6113522 0.11719935 -0.63029504 -0.06934132 -0.5553258 0.025390001 -0.07039069 0.014690307 -0.20559576 -0.051738434 -0.0034886713 0.03628112 0.2812701 -0.07498924 -0.01784461 0.071637355 0.26055261 -0.3043643 -0.05711255 -0.108021595 0.32878432 -0.036571074 -0.25763482 -0.06494101 -0.025156816 0.0 -0.010993530252370237
0.1248625 0.038740415 0.13922672 -0.026313638 0.013999879 -0.00047472693 -0.12391197 0.017414195 1.0 0.36107036 -0.167063 0.37864175 0.019611843 -0.6169574 0.11332589 -0.6345288 -0.073348954 -0.56063724 0.021776933 -0.20960218 0.010975599 -0.20528474 -0.05152378 -0.0012355155 0.058655158 0.28161937 -0.07203605 -0.00095219386 -0.0005420197 0.26043224 -0.30596384 -0.07646551 -0.1006814 0.32065225 -0.035377298 -0.24603821 -0.020478934 -0.03406723 0.0 -0.012313199300757305
0.12693596 0.038519908 0.044124454 -0.008650386 0.024177382 -0.0021337534 0.3218883 -0.06277448 1.0 0.36167762 -0.16081487 0.37622452 0.026119981 -0.62076133 0.10370354 -0.63530827 -0.0832313 -0.56256044 0.013082276 0.026822649 0.020703224 -0.2018044 -0.05329126 0.0933886 0.042968016 0.28316906 -0.06553827 -0.008020659 0.102508605 0.26699102 -0.30381975 0.08864288 -0.033174176 0.31583637 -0.03304435 -0.12476602 -0.107473396 -0.10782597 0.99444443 -0.014339861525242498
0.12713659 0.037070103 -0.006210548 -0.048107404 0.036136277 -0.0017872866 0.36232367 -0.008965019 0.0 0.3667698 -0.14704064 0.37498978 0.040279098 -0.62404877 0.08411902 -0.6322688 -0.10320071 -0.5631895 -0.004652312 -0.06326848 0.029178968 -0.1953791 -0.05736577 0.1432776 0.084163435 0.28441042 -0.050178714 -0.046775162 0.1777323 0.2805276 -0.2960727 0.09172082 -0.0634221 0.31687868 -0.025252525 0.06233141 -0.08159066 -0.16851343 0.9611111 -0.013417582556988925
0.12856486 0.0367178 0.049656328 0.004000928 0.046433613 0.0020654048 0.2987961 -0.019597717 0.0 0.37968507 -0.10404406 0.3665092 0.08299243 -0.6310187 0.012721171 -0.61784285 -0.17431532 -0.55999506 -0.068610884 0.020999042 0.011554818 -0.18451157 -0.07731705 0.08347844 0.044608373 0.2848008 -0.012863456 -0.10485217 0.12569842 0.3135168 -0.26568958 0.01321883 -0.122723766 0.31826037 0.0068314555 0.002642303 -0.13800989 -0.87017405 0.92777777 -0.011603458618307222
0.13027266 0.036684517 0.049435604 0.01267229 0.0546235 0.012952758 0.28348616 0.041714504 0.0 0.39130327 -0.024356011 0.340029 0.15599698 -0.6218536 -0.11746583 -0.5705793 -0.2978188 -0.53590995 -0.18284348 -0.1099028 -0.0517174 -0.16225429 -0.11147544 0.072316356 0.059885196 0.27817807 0.04597294 -0.07631523 -0.05832849 0.3597768 -0.19931515 -0.103690706 -0.10357315 0.308223 0.06743636 -0.10752323 -0.13609998 -0.6462036 0.89444447 -0.011726439633918562
0.13203931 0.036624536 0.048910752 0.019901365 0.061047513 0.023391921 0.26205632 0.07876751 0.0 0.38906983 0.031894516 0.3122197 0.20292175 -0.59992546 -0.20694548 -0.5230754 -0.3779727 -0.5049051 -0.25920892 0.016091628 0.013189557 -0.14226958 -0.13147053 0.06258236 0.06760685 0.26626894 0.086239904 -0.06900377 0.072902694 0.38087177 -0.14985223 -0.12716731 -0.13809481 0.29285914 0.10650932 -0.058926575 -0.14491595 -0.396793 0.8611111 -0.006551743190046283
0.13386613 0.03654762 0.04897928 0.024137028 0.067241974 0.031364854 0.24325958 0.094815165 0.0 0.3836812 0.061807886 0.29352278 0.22620896 -0.5832829 -0.2546359 -0.49312449 -0.41903695 -0.48455533 -0.2996566 -0.100526266 -0.074273996 -0.12947352 -0.139913 0.05670724 0.07030256 0.25800687 0.10717417 0.02344235 -0.043110155 0.38750768 -0.12419056 -0.120743886 -0.14639348 0.28380272 0.124535896 0.04100643 -0.12904121 -0.14269365 0.8277778 0.00058101506830327
0.1357531 0.03645529 0.05037881 0.025352966 0.074575275 0.035542566 0.2305071 0.09388833 0.0 0.38103104 0.06666772 0.28843245 0.22970682 -0.58110946 -0.26415235 -0.48851088 -0.42719144 -0.48114583 -0.3077609 0.015246016 0.008032909 -0.12549 -0.13945042 0.055213943 0.06919084 0.25404575 0.10762854 -0.1178247 -0.12782542 0.38810468 -0.12339818 0.014807814 -0.14564946 0.28400594 0.12497734 0.05770549 -0.11358611 0.08724355 0.79444444 0.008653664070706613
0.13769974 0.03634781 0.053147953 0.023677606 0.08352317 0.035181064 0.22299996 0.08041964 0.0 0.38166222 0.050208393 0.2958197 0.21690367 -0.5932217 -0.24092305 -0.50737923 -0.4076183 -0.49525428 -0.28907794 -0.107677594 -0.0703877 -0.12913737 -0.13195783 0.057348955 0.06508364 0.25377375 0.092398025 -0.1310132 -0.14099525 0.38463742 -0.14256886 0.08011646 -0.06872746 0.28973117 0.10844762 0.0077483547 -0.1527979 0.27086523 0.76111114 0.01624276795330154
0.13970596 0.03622432 0.05674989 0.019400595 0.09353905 0.030097192 0.2177703 0.058704976 0.0 0.38261524 0.017626736 0.3109396 0.19088624 -0.6131111 -0.19138375 -0.5414354 -0.36464325 -0.51889557 -0.24774829 0.015141731 -0.0005518498 -0.13755968 -0.11874639 0.061638735 0.05852239 0.25484106 0.069506325 -0.18973273 0.01024959 0.37072662 -0.17730388 -0.079423554 -0.113484524 0.297972 0.079068385 0.013204439 -0.14078656 0.39411798 0.7277778 0.023216561212369896
0.14177248 0.03608309 0.060399372 0.01307569 0.10343805 0.020839347 0.21174857 0.033070005 0.0 0.3802328 -0.02462925 0.32787162 0.15541118 -0.632344 -0.12384853 -0.5799828 -0.30388895 -0.545052 -0.19063543 -0.124288015 -0.04553047 -0.14740866 -0.10132105 0.06643628 0.05017267 0.25460276 0.043040276 -0.18144871 0.060613036 0.34712815 -0.2188701 -0.038688183 -0.036789972 0.30188474 0.04206487 -0.14272572 -0.11313949 0.4516207 0.6944444 0.025260767648447105
0.14390089 0.03592221 0.06343866 0.005574373 0.11206006 0.008759624 0.20318848 0.0077174553 0.0 0.37255263 -0.069469355 0.34177935 0.11548808 -0.64466035 -0.048636053 -0.6138871 -0.2335935 -0.5653259 -0.12568277 0.011401691 -0.009784845 -0.15590993 -0.08183152 0.070413865 0.041019637 0.2519513 0.012396087 -0.18411678 -0.067717694 0.31991276 -0.25854638 0.080520734 0.008513181 0.30179632 0.001767765 -0.040297467 -0.14286473 0.4461405 0.6611111 0.02958868405252213
0.1460935 0.035740543 0.06561266 -0.0020390633 0.118850395 -0.0042337268 0.19207901 -0.013870478 0.0 0.36031345 -0.11041665 0.35030586 0.07681608 -0.64826876 0.023442337 -0.6382612 -0.1637904 -0.5783353 -0.062394254 -0.135851 -0.011307764 -0.16154486 -0.062875465 0.07286068 0.032248072 0.24637164 -0.01828134 -0.14221287 -0.09825429 0.29048723 -0.2901363 0.0140438285 0.11313301 0.29701427 -0.033251986 -0.116399646 0.016092988 0.3873004 0.62777776 0.03184943352377296
0.1483529 0.03553833 0.06711555 -0.008752209 0.12404658 -0.01616151 0.1796298 -0.02951351 0.0 0.34636778 -0.14283036 0.35364035 0.04452855 -0.6456072 0.08331549 -0.6528797 -0.10404342 -0.58347803 -0.009192963 0.0040458185 -0.016513517 -0.16411704 -0.046882566 0.07368677 0.024943486 0.23909102 -0.041964263 -0.12239161 0.00586828 0.26047269 -0.31137633 -0.11560953 0.13553746 0.28899756 -0.060030732 -0.104489736 0.0021091162 0.28966415 0.59444445 0.03362070961263631
0.15068159 0.035317145 0.06841327 -0.013811102 0.12842475 -0.025419991 0.16734377 -0.038479798 0.0 0.33416265 -0.1643685 0.35347962 0.022133796 -0.64119923 0.12515765 -0.6605162 -0.06134464 -0.58557665 0.028455105 -0.1397085 0.015725493 -0.16427942 -0.035544608 0.07318907 0.019831743 0.23117645 -0.05928869 -0.14666899 -0.1062565 0.23535347 -0.32281202 -0.14736518 0.13169314 0.28154868 -0.078313686 -0.0761381 0.0033773985 0.17039584 0.5611111 0.03524122448650613
0.1530818 0.035079405 0.06997754 -0.016791679 0.13282807 -0.030997248 0.15625732 -0.041194644 0.0 0.3262743 -0.17462625 0.3516678 0.011146259 -0.63911885 0.14657815 -0.66451234 -0.03919435 -0.5863881 0.047428574 -0.0039144787 -0.020737587 -0.16288461 -0.029578391 0.07175227 0.017176019 0.2227366 -0.0680637 -0.20870471 0.0006267366 0.22038735 -0.32538924 -0.11815077 0.14995177 0.2741673 -0.08565435 -0.18177244 0.087030515 0.046829276 0.5277778 0.03694856840789566
0.15555577 0.03482783 0.0720828 -0.017564926 0.13776621 -0.032481477 0.14664431 -0.038789675 0.0 0.32363856 -0.17444818 0.34926513 0.011292309 -0.6413508 0.14796737 -0.66697735 -0.037773125 -0.5892023 0.04838836 -0.14269504 0.02629651 -0.16052462 -0.028800638 0.06964554 0.016816372 0.21570218 -0.06669023 -0.20044443 0.07535267 0.21605164 -0.32050458 -0.1146096 0.15288126 0.2690178 -0.08583802 -0.12858169 -0.051843476 -0.06566744 0.49444443 0.042419915763564686
0.15810572 0.034565113 0.07473857 -0.016239252 0.14325666 -0.029992405 0.13814647 -0.032732315 0.0 0.32556906 -0.16541234 0.34634718 0.020932827 -0.6474937 0.13174935 -0.6682718 -0.054595824 -0.59250265 0.03284732 -0.010373522 -0.0248328 -0.15741213 -0.032349784 0.066977 0.018281046 0.21133995 -0.058229834 -0.17018443 0.09641352 0.22247781 -0.30977297 -0.018079158 0.14388505 0.26509896 -0.079492874 -0.21054862 0.005677241 -0.15525168 0.4611111 0.04954369856820201
0.16073431 0.034293734 0.0777474 -0.013126206 0.14891963 -0.024118239 0.13012286 -0.02458879 0.0 0.3303186 -0.14961961 0.3423896 0.03749143 -0.65553594 0.101870164 -0.66760695 -0.08524087 -0.59644854 0.0052588675 -0.14826468 0.021338081 -0.15353362 -0.03893588 0.0637685 0.02091803 0.20693761 -0.047706563 -0.2093807 -0.03063557 0.23743233 -0.29571477 0.04825285 0.07122714 0.26352397 -0.06725608 -0.10882572 -0.008270398 -0.21448463 0.42777777 0.05875349839565844
0.16344468 0.034015756 0.08083598 -0.008716586 0.15422913 -0.015843263 0.12200006 -0.015854927 0.0 0.33584845 -0.12961246 0.33687836 0.057884708 -0.66310656 0.063377514 -0.66413647 -0.124119654 -0.5981371 -0.030304283 -0.014962012 -0.030439513 -0.14889859 -0.04708841 0.060064726 0.02402856 0.20347843 -0.03833488 -0.15350537 -0.10903865 0.2543987 -0.2790923 -0.025383351 0.05876854 0.26312235 -0.051888037 -0.119765155 -0.0029647371 -0.24055886 0.39444444 0.06879927716226084
0.1662405 0.033732604 0.08379277 -0.003632336 0.15877943 -0.006416111 0.11347851 -0.007798562 0.0 0.34049943 -0.108200565 0.32978415 0.07899301 -0.66858155 0.021844978 -0.6578663 -0.16534859 -0.5983011 -0.06799486 -0.15451565 0.00804205 -0.14371847 -0.055396494 0.05599952 0.026990432 0.20004694 -0.029415214 -0.16681445 -0.1111621 0.27000484 -0.25892046 -0.05162536 0.13659135 0.2620138 -0.038257595 -0.10795176 -0.13862279 -0.23496968 0.3611111 0.08220794148807214
0.16912593 0.03344485 0.086553775 0.0014584375 0.16244318 0.0028489537 0.10455243 -0.0013235501 0.0 0.3433513 -0.08812524 0.32169375 0.098119766 -0.6716129 -0.017387193 -0.64995533 -0.20363219 -0.5958573 -0.10366508 -0.018636474 -0.03733962 -0.13843122 -0.062709436 0.051787905 0.029348917 0.19888073 -0.021704657 -0.022526713 -0.12101966 0.28004307 -0.23885521 -0.1844495 0.09493924 0.25822696 -0.025314506 -0.21188745 -0.03400511 -0.20274705 0.32777777 0.09324726401310562
0.17210563 0.033152133 0.0892085 0.00594206 0.16536935 0.010786243 0.09539405 0.0031000455 0.0 0.34421363 -0.07166478 0.31360096 0.11331931 -0.67298084 -0.049948387 -0.6423682 -0.23493248 -0.59356284 -0.13290276 -0.15994057 -0.0041866135 -0.13358776 -0.06825166 0.04766198 0.030854879 0.20016965 -0.015308934 0.02965137 -0.07681487 0.28484732 -0.22188348 -0.18634991 0.096835956 0.25157797 -0.014220171 -0.2251389 -0.03728578 -0.15138142 0.29444444 0.10581450480902038
0.17518482 0.032853223 0.09193917 0.009341071 0.1678554 0.01654124 0.08619858 0.0054165865 0.0 0.34335572 -0.060333546 0.30652523 0.12351358 -0.67399275 -0.07291564 -0.63716227 -0.25676277 -0.5914752 -0.15384686 -0.02343435 -0.044258535 -0.12968168 -0.071634956 0.043794554 0.031450044 0.20061958 -0.011644096 -0.012684656 -0.1061358 0.28493434 -0.21180297 -0.22588158 -0.03878384 0.24633828 -0.0045897067 -0.13149244 0.08690171 -0.08959724 0.2611111 0.1178504760048979
0.17836943 0.032546215 0.09493616 0.011357406 0.17018142 0.01964789 0.07707267 0.0058951154 0.0 0.34117183 -0.0547607 0.30116454 0.12842137 -0.67580646 -0.084950894 -0.63579917 -0.26813295 -0.5923141 -0.1648615 -0.16554548 -0.008275155 -0.12701012 -0.0727959 0.040247824 0.031220231 0.19748019 -0.011601254 -0.15991536 -0.0967812 0.28411198 -0.20915693 -0.07146475 -0.088269606 0.23958708 0.0017147406 -0.22985016 0.03226382 -0.02614004 0.22777778 0.12945410012778724
0.18166664 0.032228734 0.09833424 0.01188025 0.17249113 0.020030193 0.06799941 0.00500922 0.0 0.33795023 -0.054739438 0.2977182 0.1283934 -0.67899024 -0.08617744 -0.6387582 -0.26931027 -0.5950818 -0.16669412 -0.03146543 -0.049793825 -0.12561637 -0.07190893 0.03696106 0.03034222 0.19238725 -0.0154377585 -0.14180554 -0.13232452 0.27921566 -0.2121282 -0.20739697 -0.10207606 0.23163193 0.0022584812 -0.23776256 -0.0060497285 0.031271078 0.19444445 0.1414621190090617
0.18508536 0.0318981 0.10219619 0.010972747 0.17476058 0.017956238 0.05886371 0.003319541 0.0 0.3338137 -0.059389405 0.295908 0.12423905 -0.6834437 -0.077924564 -0.6455381 -0.26155302 -0.60100555 -0.1598781 -0.17227823 -0.0022026876 -0.12531757 -0.06931225 0.03376903 0.02903972 0.18869221 -0.022925373 -0.077606924 -0.15027109 0.26961952 -0.21932478 -0.19994305 -0.112901755 0.22432591 -0.0030974895 -0.19959873 -0.1104911 0.07671672 0.16111112 0.1541939948640236
0.18863723 0.031551436 0.10654713 0.008847307 0.17684682 0.0139651485 0.049495753 0.0013747447 0.0 0.32879692 -0.06737803 0.29514146 0.11707673 -0.6886173 -0.062419195 -0.65496176 -0.24687396 -0.6078428 -0.14697751 -0.043624602 -0.05281232 -0.12579058 -0.06545495 0.030429814 0.02755096 0.18677688 -0.031665724 -0.017050242 -0.11752463 0.25661457 -0.22709838 -0.2467477 -0.011456611 0.21816626 -0.012620452 -0.16314076 -0.1388889 0.106522925 0.12777779 0.16729911444570883
0.19233842 0.031185627 0.11145271 0.0058302847 0.17857443 0.008774237 0.03968508 -0.00036360213 0.0 0.32297093 -0.077164344 0.29472622 0.10819608 -0.6938627 -0.04244227 -0.665618 -0.2278027 -0.61607546 -0.12964101 -0.17995279 0.011300316 -0.12667736 -0.060852934 0.026633188 0.026103789 0.185787 -0.040252827 0.010448698 -0.077978946 0.24185872 -0.23641647 -0.22773579 -0.08498545 0.21127857 -0.022584386 -0.20689867 -0.093995854 0.11937716 0.094444446 0.17887849542723108
0.1962133 0.030797105 0.11715519 0.0023126425 0.1798113 0.003171215 0.029107817 -0.0015671893 0.0 0.3165255 -0.08723504 0.2940504 0.09891307 -0.6987395 -0.02095416 -0.67626446 -0.20710227 -0.6235294 -0.111256935 -0.05977932 -0.053033307 -0.1276766 -0.05603955 0.021938784 0.02489683 0.17846124 -0.04832865 -0.20921735 -0.012109129 0.22795483 -0.24698435 -0.17005628 -0.110115 0.20784268 -0.0316803 -0.07561068 -0.12693018 0.11615134 0.06111111 0.18760577466304337
0.20030501 0.030380813 0.12445369 -0.001320342 0.18049547 -0.002096171 0.016962893 -0.0020450104 0.0 0.30976096 -0.09630001 0.29267222 0.090419635 -0.7031659 -0.0007203021 -0.6860771 -0.18743995 -0.6311025 -0.09339665 -0.19025742 0.026949208 -0.12860467 -0.051508162 0.015434477 0.024097137 0.16958284 -0.054552983 -0.22432625 -0.05063833 0.21323423 -0.25667486 -0.24182323 -0.07829233 0.20225221 -0.042298183 -0.16825594 -0.13473132 0.09949397 0.027777778 0.19306145372792533
0.20476042 0.029921424 0.14221923 -0.005046797 0.18053885 -0.0064116395 -0.005566244 -0.0014304686 0.0 0.30292898 -0.103416994 0.29024574 0.08365354 -0.7074638 0.016009623 -0.6947805 -0.17106092 -0.6375085 -0.079064086 -0.09046036 -0.0510775 -0.1294903 -0.04765303 -0.00177988 0.02413265 0.1633157 -0.059976254 -0.0926179 -0.03995558 0.20180325 -0.26257443 -0.109296866 -0.0018421892 0.19337244 -0.04994651 -0.26815125 -0.05800251 0.073270366 0.0 0.19863061963691625
0.20954776 0.029422438 0.14153115 -0.0074669453 0.18006817 -0.00936332 -0.009489094 -0.0009343485 0.0 0.29640982 -0.10805173 0.28675422 0.079199485 -0.71191895 0.027702982 -0.70226336 -0.15954824 -0.6440306 -0.06866139 -0.20435366 0.039797146 -0.13027051 -0.044737685 -0.0007573804 0.023905452 0.15686834 -0.06259041 -0.15394616 0.046302877 0.1918197 -0.2645701 -0.21073641 0.0624313 0.18977651 -0.05478792 -0.01751315 -0.067943595 0.041941285 0.0 0.19961952292659796
0.21433483 0.028919144 0.1414664 -0.008695032 0.17949867 -0.010795725 -0.013833002 -0.00043546103 0.0 0.29074526 -0.110088624 0.28256452 0.07723282 -0.7164832 0.03360236 -0.7083025 -0.1537191 -0.6493055 -0.06400223 -0.09390804 -0.05068531 -0.13063727 -0.04290379 -0.00052886165 0.023664722 0.15388699 -0.062389713 -0.015718713 0.038148794 0.18504256 -0.26531073 -0.0860948 -0.0075638527 0.18701774 -0.05746689 -0.092636496 -0.018660333 0.009928435 0.0 0.20258764394043288
0.21912163 0.028412893 0.14146431 -0.008735709 0.17886926 -0.010756934 -0.018024717 -6.677896e-05 0.0 0.28596568 -0.10972719 0.2777427 0.07759242 -0.7212952 0.033736527 -0.7130722 -0.15358306 -0.65461564 -0.06397373 -0.20195028 0.045363016 -0.13064486 -0.042135596 -0.000493657 0.02339027 0.15200827 -0.06319952 -0.09291653 -0.07116884 0.18347597 -0.26736626 -0.035820667 -0.08789393 0.183158 -0.056704435 -0.1125993 0.05244627 -0.01889986 0.0 0.20411552100174746
0.22390825 0.02790504 0.14152128 -0.007750581 0.17817312 -0.0094648795 -0.02208142 9.708143e-05 0.0 0.2819419 -0.107402906 0.27237067 0.07985265 -0.72632563 0.028806098 -0.7167544 -0.15844946 -0.65891314 -0.06910954 -0.0962243 -0.05300901 -0.13035977 -0.04228735 -0.00062297774 0.023085194 0.15137245 -0.06302222 -0.0012185741 0.006993159 0.18378675 -0.26842028 -0.046179533 -0.06624026 0.18215477 -0.054313257 0.0018807843 0.015895387 -0.04159028 0.0 0.20473818832349566
0.22869478 0.027396785 0.14160539 -0.0059981677 0.17737493 -0.0072565177 -0.026009189 2.6866033e-05 0.0 0.27844077 -0.103700556 0.2665521 0.083422154 -0.7314357 0.02001587 -0.71954703 -0.16710684 -0.66333 -0.077143036 -0.2006733 0.045010142 -0.12985626 -0.043121297 -0.00086903584 0.022754097 0.15107968 -0.06305829 -0.06246868 -0.10513905 0.18537784 -0.26951918 -0.062063962 -0.111296326 0.18028563 -0.052651107 -0.09632826 -0.034656752 -0.056326427 0.0 0.2102400191101565
0.23348133 0.026889067 0.14168058 -0.003791088 0.17643555 -0.00453042 -0.029808756 -0.00026059392 0.0 0.27519393 -0.09926876 0.26042333 0.08764855 -0.736469 0.008872079 -0.7216984 -0.17804523 -0.66684437 -0.08789163 -0.097236186 -0.057222303 -0.1292169 -0.044352192 -0.001177835 0.022404559 0.1484686 -0.064320065 -0.13221352 -0.11243248 0.18538558 -0.27097866 -0.15668423 -0.13541447 0.17592907 -0.05057262 -0.19106771 -0.009451153 -0.062482987 0.0 0.21767496504561573
0.23826799 0.026382497 0.1417231 -0.0014524008 0.1753316 -0.0016896578 -0.033479575 -0.0007096495 0.0 0.27195564 -0.09473965 0.25415343 0.09191332 -0.7413291 -0.0030316894 -0.7235269 -0.18968466 -0.6706483 -0.09871015 -0.1999019 0.041935552 -0.12853143 -0.045690663 -0.0014971221 0.02204759 0.14581613 -0.063595936 -0.091789104 -0.003294627 0.1855554 -0.269254 -0.10276327 0.022009347 0.17055349 -0.04583657 -0.17568241 0.10348673 -0.0605322 0.0 0.22917106631875972
0.24305478 0.025877334 0.14172843 0.00072399795 0.17406313 0.0009083754 -0.03702366 -0.0012388879 0.0 0.26853764 -0.090659164 0.24792774 0.095704675 -0.74601275 -0.014214795 -0.72540283 -0.20057864 -0.67386615 -0.10946185 -0.0977368 -0.06169323 -0.12789017 -0.046879537 -0.001782699 0.0216966 0.14351659 -0.06421723 -0.09567487 -0.13654116 0.18410812 -0.26763675 -0.2031616 -0.07559025 0.16819836 -0.04037561 -0.028874474 0.07069087 -0.05183456 0.0 0.24550753648768037
0.2478417 0.025373511 0.1417083 0.0025044435 0.17264904 0.0029894533 -0.04044711 -0.001757126 0.0 0.26481956 -0.08743466 0.24191947 0.098661646 -0.7505942 -0.023472153 -0.7276941 -0.20956846 -0.6777773 -0.117853925 -0.19891208 0.039509237 -0.12737258 -0.047719404 -0.0020024 0.021365093 0.14173421 -0.06672411 -0.06493254 -0.12054916 0.1821293 -0.26878485 -0.12062346 -0.11679921 0.16438992 -0.03700195 -0.19078414 0.018696753 -0.03835443 0.0 0.2639240873570249
0.25262874 0.024870697 0.14168155 0.0037349467 0.17111567 0.0043838755 -0.043758888 -0.0021792478 0.0 0.26074195 -0.08530559 0.23625983 0.100589216 -0.7551791 -0.029982109 -0.730697 -0.2158769 -0.6815292 -0.12436283 -0.09860117 -0.06499286 -0.12703525 -0.04808231 -0.0021376493 0.021064112 0.13856195 -0.07015334 -0.13654426 -0.14412528 0.1802422 -0.27180555 -0.12620181 -0.13677227 0.15888412 -0.03329061 -0.15691404 0.1040937 -0.022344284 0.0 0.2826342893475853
0.25741586 0.024368374 0.14166436 0.0043481095 0.16948523 0.005031245 -0.046968076 -0.0024392935 0.0 0.2562926 -0.08433932 0.23101714 0.10144927 -0.75985533 -0.03335313 -0.7345799 -0.21914172 -0.68628854 -0.12741424 -0.19734667 0.039822165 -0.1269035 -0.04791472 -0.002182993 0.020800283 0.13395968 -0.07428812 -0.14933309 -0.13926056 0.17609878 -0.27255124 -0.17728275 0.015896944 0.15391845 -0.028421002 -0.144823 0.1269279 -0.0060391263 0.0 0.3016206551989814
0.26220295 0.023865929 0.14166415 0.0043586534 0.16776909 0.0049708304 -0.050081156 -0.0024991382 0.0 0.25149387 -0.08444984 0.22619113 0.101335034 -0.76466155 -0.03361288 -0.73935884 -0.21939777 -0.6910561 -0.12826432 -0.10033415 -0.06647526 -0.12696978 -0.047231928 -0.0021442457 0.020575063 0.13046156 -0.07888794 -0.0776771 -0.12972207 0.16825658 -0.27376294 -0.26845077 -0.07265783 0.14808507 -0.023889067 -0.18648124 0.12995316 0.008604287 0.0 0.31948782507708096
0.26698998 0.02336275 0.14167877 0.003850001 0.16596751 0.0043212436 -0.053100873 -0.0023520712 0.0 0.24639435 -0.08543355 0.22172196 0.100436084 -0.7695828 -0.031149982 -0.7449104 -0.21701962 -0.696772 -0.12600753 -0.19514829 0.043122996 -0.12719887 -0.046106316 -0.00203585 0.020385217 0.12482145 -0.08374071 -0.2059126 -0.12707774 0.15800259 -0.27604562 -0.27870876 -0.03931118 0.14059179 -0.02055904 -0.23541608 0.102239594 0.020098863 0.0 0.3364479138675702
0.27177685 0.0228583 0.14170001 0.0029548565 0.16407412 0.0032536902 -0.056026842 -0.0020214007 0.0 0.24106376 -0.087014735 0.21750966 0.09899993 -0.77456856 -0.026621941 -0.7510144 -0.2126366 -0.70231795 -0.12249728 -0.10284244 -0.06634047 -0.12753806 -0.044651605 -0.0018779013 0.020224132 0.1165011 -0.0881679 -0.24315755 -0.09782436 0.14818874 -0.28015488 -0.2155582 -0.12311072 0.13570091 -0.018241452 -0.080124825 0.09394343 0.027536383 0.0 0.3543278267258121
0.27656356 0.022352163 0.1417187 0.0018328233 0.16208194 0.0019629821 -0.05885748 -0.0015548166 0.0 0.23558785 -0.08889277 0.21343696 0.0972942 -0.7795602 -0.020843863 -0.75740933 -0.20703083 -0.70849276 -0.11717772 -0.19246185 0.048207086 -0.12792899 -0.04300481 -0.0016931231 0.02008349 0.1092692 -0.08915456 -0.1639592 0.056761622 0.14151941 -0.28347802 -0.08095931 -0.034097143 0.13201849 -0.015293789 -0.12355219 0.12612656 0.030613266 0.0 0.3717954417554542
0.28135002 0.0218441 0.1417289 0.000647935 0.15998791 0.0006400995 -0.06159202 -0.00101573 0.0 0.23006089 -0.090784326 0.20938987 0.09557275 -0.78451455 -0.014672677 -0.76384354 -0.20102975 -0.714217 -0.11213112 -0.105618514 -0.065361105 -0.12831803 -0.041307747 -0.0015040259 0.019954834 0.105856635 -0.0878067 -0.019294495 0.06967614 0.13606584 -0.2878298 -0.10562001 -0.1347873 0.12902504 -0.012141282 -0.06339379 0.11488327 0.029581571 0.0 0.3901239988979849
0.2861363 0.021334037 0.1417296 -0.00045129194 0.15779456 -0.0005505742 -0.06423183 -0.00047312956 0.0 0.22457516 -0.0924555 0.20527221 0.09404825 -0.7894144 -0.0089007635 -0.7701115 -0.19540451 -0.72027487 -0.106750876 -0.1896233 0.053345464 -0.12866321 -0.039689936 -0.0013304318 0.019830689 0.10407786 -0.08587407 -0.038658064 0.08708775 0.13208604 -0.29224637 -0.02695294 -0.07909174 0.12715356 -0.0096245 -0.044628225 0.09566983 0.025141502 0.0 0.4081436353506237
0.29092234 0.020822067 0.14172396 -0.0013472446 0.15550864 -0.0014871857 -0.066780455 8.422848e-06 0.0 0.21920936 -0.09374156 0.2010136 0.09287346 -0.7942665 -0.004170587 -0.7760707 -0.1907856 -0.72572136 -0.10297485 -0.108116806 -0.06445235 -0.12893713 -0.03825486 -0.0011875908 0.019705221 0.1018382 -0.08276346 -0.061190065 0.118491 0.12624694 -0.29653758 -0.17980549 -0.12621558 0.1264939 -0.008182503 -0.006272518 0.044777025 0.018296236 0.0 0.422870780866718
0.29570824 0.020308413 0.14171685 -0.0019627784 0.1531383 -0.0020985273 -0.06924282 0.00037721125 0.0 0.21401861 -0.09455411 0.19657163 0.092132404 -0.7990897 -0.00091809104 -0.7816428 -0.1876046 -0.7313642 -0.09984252 -0.18704057 0.057184055 -0.12912668 -0.0370709 -0.0010850222 0.019574443 0.09928457 -0.07904525 -0.067899615 0.12293646 0.12008414 -0.30100432 -0.12386524 -0.11486537 0.1257521 -0.0070317513 -0.022619737 0.054189958 0.010191386 0.0 0.4374033468310444
0.300494 0.019793386 0.14171244 -0.0022646228 0.1506905 -0.002364548 -0.07162388 0.0006001727 0.0 0.20902874 -0.0948775 0.19193074 0.091841295 -0.80390286 0.0006519766 -0.78680485 -0.18606682 -0.7363791 -0.09892834 -0.110019095 -0.0642555 -0.12923086 -0.036167722 -0.0010261816 0.019436168 0.094151996 -0.074947834 -0.19532616 0.12729222 0.114667125 -0.30591705 -0.15470243 -0.1391309 0.1253452 -0.007887371 -0.015276716 -0.061647195 0.0019601625 0.0 0.4526751507032051
0.3052796 0.019277345 0.14171252 -0.0022611178 0.1481695 -0.0023104404 -0.0739277 0.00066557917 0.0 0.20423584 -0.09475724 0.18709873 0.09195797 -0.8087157 0.00056011666 -0.79157865 -0.1861551 -0.74157614 -0.09882595 -0.1849683 0.059216004 -0.12925781 -0.035537925 -0.0010089038 0.01928982 0.08966054 -0.07112093 -0.09126478 0.10761578 0.11032397 -0.3105517 -0.115988456 -0.13609901 0.123543695 -0.011302085 -0.07537956 -0.12206871 -0.005408316 0.0 0.4727355371089225
0.31006518 0.018760644 0.14171648 -0.0019953784 0.14557697 -0.0019961146 -0.07615707 0.0005825904 0.0 0.19961086 -0.09428354 0.1821027 0.09239724 -0.8135281 -0.0009796589 -0.79602 -0.18766044 -0.74620676 -0.10074704 -0.11129477 -0.064916804 -0.12922202 -0.035143048 -0.0010264793 0.019136215 0.085281335 -0.06994378 -0.16320193 -0.026933322 0.106063046 -0.31486514 -0.15960085 -0.13357423 0.12207931 -0.014208164 -0.026257014 -0.076048106 -0.011165302 0.0 0.48747861909650536
0.3148507 0.018243592 0.14172214 -0.0015353506 0.14291303 -0.0015031192 -0.07831376 0.00037808862 0.0 0.19510758 -0.09357275 0.17698394 0.09304929 -0.81833357 -0.0036101916 -0.80020994 -0.19023222 -0.75107217 -0.1029541 -0.18338527 0.059755877 -0.12914199 -0.034922604 -0.0010691559 0.018977312 0.08157823 -0.07251699 -0.08190738 -0.12428051 0.10212134 -0.31573093 -0.1387333 0.026636584 0.11922915 -0.016859666 -0.11974642 -0.10477041 -0.014856895 0.0 0.4969574648154004
0.3196362 0.017726434 0.14172712 -0.0009623509 0.14017771 -0.00092104584 -0.08039918 9.1512666e-05 0.0 0.19067171 -0.09274909 0.17179236 0.09379801 -0.8231255 -0.0068918555 -0.8042461 -0.19343896 -0.75547326 -0.10646442 -0.112131126 -0.06614152 -0.12903796 -0.034804463 -0.0011257867 0.018815914 0.080282785 -0.073311724 -0.017824935 0.023557136 0.09950943 -0.31215212 -0.09814398 0.13783161 0.117306985 -0.01984737 -0.029650042 -0.085691616 -0.016336165 0.0 0.5091820034269641
0.3244217 0.017209321 0.14172988 -0.0003596273 0.13737199 -0.00033517435 -0.082414985 -0.0002314158 0.0 0.1862494 -0.091928594 0.16658027 0.094536886 -0.8279023 -0.010365121 -0.80823314 -0.1968306 -0.7602023 -0.10943182 -0.18207078 0.059585962 -0.12892993 -0.034715142 -0.001185389 0.018655282 0.07892265 -0.07131601 -0.07158297 0.06677067 0.09646922 -0.3073069 -0.14506266 0.13224968 0.11609563 -0.02075934 -0.03555114 -0.016680088 -0.015737437 0.0 0.5231413960096205
0.32920724 0.016692314 0.14173019 0.00019771972 0.13449802 0.0001833027 -0.0843634 -0.0005451305 0.0 0.1817939 -0.09120665 0.16139616 0.095180534 -0.83266884 -0.01360738 -0.81227106 -0.19999456 -0.7645877 -0.11289884 -0.112812325 -0.067439035 -0.12883556 -0.034588713 -0.0012384433 0.018498717 0.076660074 -0.07154776 -0.07735537 -0.075136766 0.09305293 -0.30568996 -0.1291646 -0.027305167 0.11307301 -0.018764481 -0.13186689 0.089875825 -0.013421065 0.0 0.5373307637407342
0.33399275 0.016175393 0.14172883 0.00065045175 0.13155885 0.00058367307 -0.08624713 -0.00080995937 0.0 0.17726979 -0.09064998 0.15627927 0.09567138 -0.83743465 -0.016278036 -0.8164441 -0.20259939 -0.7693963 -0.11511784 -0.18077408 0.05951131 -0.12876852 -0.03437345 -0.0012777721 0.018349124 0.073813364 -0.07244538 -0.10074062 -0.0033902528 0.092095844 -0.30524367 -0.005190471 0.02755864 0.11090046 -0.016509466 -0.018309772 0.03140392 -0.009899319 0.0 0.5481197807630179
0.3387783 0.015658464 0.1417271 0.0009599563 0.12855777 0.0008384674 -0.088069074 -0.0009964908 0.0 0.17265499 -0.09029344 0.15125573 0.09598142 -0.8422102 -0.018148007 -0.8208109 -0.20442286 -0.7739562 -0.11731781 -0.11358725 -0.06839183 -0.12873712 -0.034035858 -0.0012990062 0.018208662 0.06779331 -0.07262073 -0.24030508 -0.014474467 0.09191505 -0.30674157 -0.0405698 -0.095790446 0.10756193 -0.016603675 -0.15611753 -0.03912532 -0.0057547563 0.0 0.5605431647648094
0.3435638 0.01514139 0.14172603 0.0011099061 0.12549768 0.00094285025 -0.08983194 -0.0010881557 0.0 0.16794099 -0.09014123 0.14633684 0.09610997 -0.8470029 -0.019112203 -0.82539874 -0.20536341 -0.7789829 -0.11795663 -0.17933849 0.060022622 -0.128744 -0.03356194 -0.0013006355 0.018078515 0.05930066 -0.0749763 -0.24379125 -0.09907824 0.09027072 -0.30668882 -0.064514264 0.05979696 0.103346504 -0.019874658 -0.102967925 -0.13777761 -0.0015617438 0.0 0.5713557668551592
0.3483493 0.014624009 0.14172608 0.0011050581 0.122380905 0.0009112869 -0.09153794 -0.0010818967 0.0 0.16313158 -0.09017178 0.14151953 0.09607851 -0.85181534 -0.019185742 -0.8302033 -0.20543604 -0.7837894 -0.11849734 -0.11457172 -0.0688186 -0.12878639 -0.032956064 -0.0012837221 0.017958848 0.051846553 -0.07670685 -0.21029817 -0.024417492 0.08779721 -0.3028655 -0.08943745 0.13049442 0.10078022 -0.02409166 -0.060603924 -0.116715394 0.002180063 0.0 0.585691523999984
0.35313472 0.014106161 0.14172707 0.0009677371 0.119209096 0.00077237113 -0.09318881 -0.0009870642 0.0 0.15824075 -0.09034504 0.13678883 0.09592376 -0.85664475 -0.018486507 -0.83519286 -0.2047553 -0.7890314 -0.11759102 -0.17773773 0.061178334 -0.12885737 -0.03223784 -0.0012513759 0.017848901 0.045338433 -0.079622604 -0.1745775 -0.12746587 0.08463604 -0.29854953 -0.08338497 0.1284581 0.09861992 -0.026177717 -0.05827927 -0.026464751 0.005094129 0.0 0.6024547614364897
0.35792008 0.013587707 0.14172846 0.00073274644 0.1159836 0.0005627799 -0.09478592 -0.0008228799 0.0 0.15328977 -0.09061088 0.13212135 0.095690355 -0.8614852 -0.017207881 -0.8403168 -0.2035091 -0.7940197 -0.11687685 -0.11572873 -0.068792686 -0.12894751 -0.031437743 -0.0012080829 0.017747216 0.039943397 -0.083906844 -0.14251938 -0.1257043 0.0805948 -0.29407448 -0.11793709 0.1391285 0.09822749 -0.026570845 8.300424e-06 0.006846905 0.006954158 0.0 0.6245106188989947
0.36270538 0.013068544 0.14172965 0.00044152126 0.112705715 0.00032126822 -0.09633054 -0.00061495777 0.0 0.14830397 -0.09091725 0.1274896 0.09542387 -0.86632967 -0.015586148 -0.8455153 -0.20192726 -0.79936486 -0.11510314 -0.17605156 0.06270191 -0.12904656 -0.030592019 -0.001158981 0.017651914 0.03679111 -0.08706059 -0.04911077 -0.06506546 0.074146576 -0.29234225 -0.21133177 0.006879327 0.095597744 -0.02447978 -0.118762925 0.11061392 0.0076897177 0.0 0.648434016447055
0.3674906 0.012548612 0.14173026 0.00013631812 0.1093769 8.345485e-05 -0.09782401 -0.00039142542 0.0 0.1433094 -0.0912171 0.12286587 0.09516507 -0.87117237 -0.0138670625 -0.8507288 -0.20024922 -0.8044018 -0.11397137 -0.11692573 -0.0685497 -0.12914503 -0.029737655 -0.0011091712 0.01756098 0.036252685 -0.08844681 -0.0013060208 -0.016845815 0.0646768 -0.29341587 -0.27642286 -0.046079643 0.08918411 -0.020645078 -0.22873408 0.10891527 0.0073727034 0.0 0.6773815163323411
0.3722757 0.0120279 0.14173025 -0.00014488181 0.10599884 -0.00012207485 -0.09926788 -0.00017918037 0.0 0.13832965 -0.091473326 0.118225634 0.094945766 -0.8760095 -0.012275649 -0.85590553 -0.19869474 -0.80971706 -0.11220841 -0.17441 0.06419612 -0.12923524 -0.028907912 -0.0010631322 0.017472522 0.035635415 -0.0871052 -0.022123339 0.07404369 0.05507409 -0.29473466 -0.2682099 -0.031239796 0.084470175 -0.018254252 -0.07884786 0.058345567 0.0061889337 0.0 0.708394856415795
0.37706074 0.011506437 0.14172985 -0.00037225327 0.10257332 -0.00027608176 -0.10066386 -7.336854e-07 0.0 0.13338345 -0.091661535 0.1135499 0.09478653 -0.88083977 -0.010992361 -0.8610062 -0.19744043 -0.81468725 -0.11146892 -0.11802191 -0.06834981 -0.129312 -0.028128909 -0.001024285 0.017384956 0.034274906 -0.0851995 -0.037347123 0.051577393 0.048155226 -0.2973433 -0.13904828 -0.10636187 0.08182302 -0.019298272 -0.076253965 -0.08863612 0.0044002905 0.0 0.7418079861424021
0.38184568 0.010984287 0.14172935 -0.00052650284 0.09910216 -0.00036938267 -0.10201374 0.00012803401 0.0 0.12848294 -0.091770604 0.1088266 0.094696224 -0.88566315 -0.010137615 -0.8660068 -0.19660445 -0.8198872 -0.1103728 -0.1729279 0.06534915 -0.12937261 -0.02741751 -0.0009947434 0.017297124 0.033267293 -0.08245618 -0.032786686 0.092349276 0.04072439 -0.3009119 -0.25001904 -0.08835985 0.07949142 -0.019738374 -0.062167615 0.045358684 0.0023031915 0.0 0.7767031332393949
0.3866306 0.010461535 0.14172907 -0.0005996701 0.09558702 -0.00040214887 -0.10331921 0.00019903398 0.0 0.12363313 -0.0918015 0.104050905 0.09467313 -0.89048046 -0.009765431 -0.8708982 -0.19624005 -0.82473713 -0.11046871 -0.11893347 -0.06836175 -0.12941676 -0.026780602 -0.0009752546 0.017208349 0.030697452 -0.08051603 -0.09566903 0.040053263 0.03240301 -0.3040474 -0.23825401 -0.09540261 0.07643826 -0.020971332 -0.10958074 -0.09324963 0.00018880556 0.0 0.8118683092893009
0.39141545 0.009938276 0.1417291 -0.0005944805 0.092029415 -0.00038213463 -0.10458186 0.00021203485 0.0 0.11883221 -0.09176477 0.09922478 0.09470721 -0.89529246 -0.009865746 -0.87568504 -0.19633773 -0.82980335 -0.11024652 -0.17165609 0.06604631 -0.12944607 -0.02621565 -0.0009653064 0.017118433 0.029386798 -0.07953384 -0.0043181577 0.01934151 0.02744384 -0.30731314 -0.087473676 -0.101955146 0.07355203 -0.024583334 -0.071094014 -0.10907398 -0.0016905478 0.0 0.8507546149020102
0.39620024 0.009414605 0.14172937 -0.0005225287 0.08843068 -0.00032225618 -0.1058031 0.00017375722 0.0 0.114072755 -0.09167734 0.0943558 0.09478309 -0.9000998 -0.010373993 -0.8803829 -0.19683442 -0.8345417 -0.111153156 -0.11965477 -0.06861333 -0.12946351 -0.025712315 -0.0009633721 0.017027594 0.028810177 -0.0774057 -0.028823882 0.08524623 0.026065644 -0.3105665 -0.028842635 -0.08244878 0.07036391 -0.025414882 -0.10873689 0.031557765 -0.003145717 0.0 0.891975277518188
0.400985 0.0088906 0.14172977 -0.00040167067 0.08479208 -0.00023795215 -0.10698423 9.622731e-05 0.0 0.10934343 -0.09155916 0.08945549 0.094883114 -0.9049033 -0.011185876 -0.88501537 -0.19762814 -0.8395086 -0.111583315 -0.1705713 0.066367514 -0.12947287 -0.025254762 -0.0009672412 0.016936388 0.028445836 -0.07548742 -0.0051556025 0.038906287 0.025137931 -0.31371057 -0.040327474 -0.0984858 0.06503872 -0.023039283 -0.19256444 0.093774654 -0.004064187 0.0 0.9278076885436386
0.4057697 0.00836632 0.1417301 -0.00025304206 0.081114806 -0.00014470826 -0.10812648 -5.3167882e-06 0.0 0.10463094 -0.09143006 0.084537484 0.09499017 -0.90970373 -0.012174902 -0.8896103 -0.19859514 -0.84418494 -0.11293256 -0.12024158 -0.069015205 -0.12947817 -0.024824299 -0.0009743832 0.016845588 0.028276065 -0.07391664 -0.008606186 0.048855435 0.024295293 -0.31683725 -0.03222044 -0.08975872 0.056397982 -0.0212695 -0.28216937 0.013901639 -0.004412626 0.0 0.9639434471234678
0.4105544 0.007841799 0.1417303 -9.810623e-05 0.0774001 -5.6040742e-05 -0.109231085 -0.00011465551 0.0 0.09992189 -0.0913073 0.079615615 0.095089875 -0.9145026 -0.013210242 -0.89419633 -0.19960742 -0.8491136 -0.11356458 -0.16960339 0.066504 -0.12948325 -0.024401989 -0.000982298 0.016756063 0.028156767 -0.07251035 -0.004635631 0.03588446 0.023234403 -0.31985793 -0.0443868 -0.09258091 0.046945907 -0.020614745 -0.2784824 0.020206362 -0.004229736 0.0 1.0
