120
-0.1230414 0.078540444 0.052580882 -0.13168082 0.12923084 -0.24596475 -0.052580882 0.13168082 0.0 0.55814916 0.32608908 0.42383647 0.45691854 -0.27392069 -0.25941584 -0.139608 -0.3902453 0.074509345 -0.21402375 -0.0576555 0.1300206 0.0 0.3611111 12.650326992431918
-0.12530743 0.076906815 -0.03140716 -0.080942415 0.12691465 -0.24463584 0.03140716 0.080942415 0.0 0.56220174 0.32258692 0.42936012 0.45490983 -0.27636206 -0.25357884 -0.14352044 -0.38590175 0.07239547 -0.21213484 0.027088989 0.0795839 0.06399748 0.32777777 12.642002765190828
-0.12751028 0.07493187 0.0051712557 -0.089509875 0.12220776 -0.24417605 -0.0051712557 0.089509875 0.0 0.5687596 0.31422162 0.4385928 0.4491766 -0.28116718 -0.24504639 -0.15100035 -0.3800014 0.06821501 -0.21062995 -0.008854883 0.08843234 0.0741275 0.29444444 12.625119718737546
-0.12895966 0.07222183 0.031722523 -0.086852945 0.11698032 -0.24337815 -0.031722523 0.086852945 0.0 0.5735735 0.30683923 0.44587258 0.44412988 -0.2863442 -0.23694178 -0.15864326 -0.3742324 0.063489065 -0.20889093 -0.034861837 0.08599673 0.056360707 0.2611111 12.616588472956208
-0.13042486 0.06937623 0.021344153 -0.09332062 0.11223813 -0.24213178 -0.021344153 0.09332062 0.0 0.5776153 0.3006763 0.45213735 0.44000158 -0.29093084 -0.2292141 -0.1654529 -0.3685394 0.059210133 -0.20681433 -0.024017228 0.09263811 0.055665977 0.22777778 12.613302385008225
-0.12955135 0.0665771 0.096905485 -0.018147321 0.10554737 -0.2424937 -0.096905485 0.018147321 0.0 0.5802213 0.29220358 0.45716608 0.43367323 -0.2973387 -0.22262135 -0.17428346 -0.364091 0.053053275 -0.20628628 -0.09918156 0.017608326 0.0672037 0.19444445 12.622068377424064
-0.1283717 0.06342199 0.082050964 -0.061374452 0.10164589 -0.24128582 -0.082050964 0.061374452 0.0 0.57840264 0.29155517 0.45590037 0.4335039 -0.30115956 -0.21984152 -0.1786573 -0.36179027 0.049222715 -0.2048903 -0.08398256 0.0609254 -0.02347898 0.16111112 12.662356517235557
-0.13028063 0.06140405 -0.050957624 -0.091634944 0.10300972 -0.23797928 0.050957624 0.091634944 0.0 0.57699335 0.29733005 0.45375565 0.43864077 -0.29990163 -0.2186268 -0.17666398 -0.35993755 0.050338354 -0.2018707 0.04932187 0.09124606 -0.017127817 0.12777779 12.723772634623721
-0.13252603 0.058686838 0.030833304 -0.10706634 0.10311229 -0.23436937 -0.030833304 0.10706634 0.0 0.5766476 0.3013366 0.45329165 0.4425441 -0.29981515 -0.2153542 -0.17645921 -0.35656172 0.050359912 -0.198317 -0.03221994 0.10673575 0.0035544618 0.094444446 12.76736267477617
-0.13203141 0.05508676 0.10570992 -0.04898901 0.10065817 -0.23185919 -0.10570992 0.04898901 0.0 0.5735305 0.30443203 0.45 0.44548687 -0.30229247 -0.21334241 -0.17876197 -0.35439727 0.047818184 -0.19588244 -0.10688527 0.04870751 -0.009866094 0.06111111 12.832771888352001
-0.13274428 0.05139152 0.028102705 -0.11963914 0.10131842 -0.22748728 -0.028102705 0.11963914 0.0 0.56814444 0.31407523 0.4430393 0.45373532 -0.3018146 -0.21349229 -0.17670941 -0.3531524 0.048041735 -0.19211474 -0.029096514 0.11938952 -0.06388985 0.027777778 12.918753267675546
-0.13343273 0.047078744 0.09707995 -0.10349324 0.102544226 -0.22219338 -0.09707995 0.10349324 0.0 0.56059057 0.32681486 0.43325308 0.46444267 -0.30076185 -0.21469066 -0.17342436 -0.35231847 0.048674207 -0.18769142 -0.09791906 0.10326824 -0.055669475 0.0 13.016063432982108
-0.13411346 0.042343065 0.07264282 -0.12148168 0.10344965 -0.21656176 -0.07264282 0.12148168 0.0 0.5522869 0.34000057 0.42267442 0.47548807 -0.29992545 -0.21577847 -0.17031299 -0.35126594 0.048986416 -0.18296939 -0.07335101 0.12127923 -0.06573911 0.0 13.127522348196056
-0.13393478 0.040520422 0.023746977 0.017236866 0.104428604 -0.21423005 -0.023746977 -0.017236866 0.0 0.54710305 0.34724644 0.41600487 0.48129684 -0.29893062 -0.21789357 -0.16783242 -0.35194397 0.049576435 -0.18124664 -0.024345515 -0.017414993 -0.019193532 0.0 13.29148914741326
-0.1334402 0.039133016 0.050007835 -0.044681497 0.10450652 -0.21290167 -0.050007835 0.044681497 0.0 0.54348105 0.3514722 0.41150463 0.48465806 -0.29881993 -0.21921624 -0.16684349 -0.3524021 0.049420197 -0.18028516 -0.050514325 0.044527248 -0.028273793 0.0 13.444134707676165
-0.1355918 0.035992417 -0.0014545697 -0.14249507 0.1052373 -0.20844898 0.0014545697 0.14249507 0.0 0.54038256 0.3588826 0.40750787 0.49117228 -0.29803717 -0.21749279 -0.16516247 -0.34978247 0.04991581 -0.17621088 0.0010260178 0.14236148 -0.024932457 0.0 13.575830602911434
-0.13965861 0.034764715 -0.09435863 -0.094113976 0.10883161 -0.20385723 0.09435863 0.094113976 0.0 0.5395339 0.36685464 0.40563035 0.49810284 -0.29435995 -0.21604952 -0.16045639 -0.3472977 0.05324682 -0.17205633 0.09399616 0.09399795 -0.029979778 0.0 13.749435699713867
-0.14426856 0.033606 -0.054549742 -0.13105148 0.110169396 -0.20034142 0.054549742 0.13105148 0.0 0.5438943 0.36807674 0.41068915 0.5000337 -0.2930812 -0.21039386 -0.15987603 -0.34235078 0.05474287 -0.16824952 0.054241892 0.1309548 0.048416268 0.0 13.85438213300377
-0.14657174 0.033814013 -0.054472797 0.009215388 0.10697908 -0.20156278 0.054472797 -0.009215388 0.0 0.55464816 0.3559396 0.42475185 0.49115497 -0.2963968 -0.2016254 -0.16650046 -0.33684078 0.052354697 -0.16811082 0.054209825 -0.009290809 0.11946071 0.0 13.967000617045116
-0.14669238 0.032718 0.071685635 -0.052757345 0.10066792 -0.20357579 -0.071685635 0.052757345 0.0 0.5637124 0.34122357 0.43763795 0.48000932 -0.30255276 -0.19238766 -0.17647833 -0.33117342 0.046989582 -0.16861542 -0.0719103 0.05269969 0.08624265 0.0 14.044615875753928
-0.14363949 0.030778982 0.12456113 0.065118 0.09370035 -0.20577759 -0.12456113 -0.065118 0.0 0.5657275 0.3312577 0.441975 0.4721178 -0.30927896 -0.18789543 -0.18552648 -0.32875556 0.040602926 -0.16993237 -0.12475241 -0.06516367 0.045510348 0.0 14.188343719070556
-0.1404424 0.027706798 0.13073023 -0.048615713 0.08750396 -0.20633797 -0.13073023 0.048615713 0.0 0.56412077 0.32662818 0.44158125 0.46854475 -0.3153071 -0.18499945 -0.19276756 -0.326916 0.03471005 -0.17003992 -0.13089274 0.04857842 0.01839569 0.0 14.3067795849769
-0.14013828 0.023142666 0.07093072 -0.121409565 0.0831034 -0.20357102 -0.07093072 0.121409565 0.0 0.5628248 0.32660243 0.4411162 0.46923226 -0.31957617 -0.17988029 -0.19786757 -0.32251012 0.030517327 -0.16696638 -0.07106868 0.12137878 0.019465387 0.0 14.412501605389595
-0.14107728 0.01840747 0.06620357 -0.12579064 0.07743957 -0.20066616 -0.06620357 0.12579064 0.0 0.565854 0.32150993 0.44651824 0.4661309 -0.3247937 -0.1703264 -0.20545794 -0.31494737 0.025461076 -0.16319868 -0.06632096 0.12576649 0.083224505 0.0 14.475383222400026
-0.1414296 0.013647048 0.08984668 -0.10876606 0.07509412 -0.19661306 -0.08984668 0.10876606 0.0 0.5624121 0.32658643 0.44277322 0.47095677 -0.3272019 -0.16711713 -0.20756303 -0.31148747 0.023033503 -0.15925546 -0.089946166 0.108745396 -0.069693826 0.0 14.62653870234583
-0.14128412 0.008831593 0.096830174 -0.103702456 0.07415805 -0.19214533 -0.096830174 0.103702456 0.0 0.5553339 0.33670846 0.4340175 0.47967204 -0.32845494 -0.16734865 -0.20713855 -0.31031224 0.021661706 -0.15539882 -0.09691432 0.10368398 -0.025940474 0.0 14.772309210298538
-0.14023767 0.004165756 0.120558806 -0.07446021 0.070129566 -0.18934338 -0.120558806 0.07446021 0.0 0.5518965 0.338972 0.4307401 0.48207116 -0.33245543 -0.16409647 -0.211299 -0.30719563 0.017671738 -0.15253875 -0.12063017 0.07444463 0.022760862 0.0 14.908422568161686
-0.14065602 -0.0004192887 0.052344393 -0.13057576 0.066812396 -0.1858174 -0.052344393 0.13057576 0.0 0.550493 0.34074655 0.42985657 0.48428434 -0.33567834 -0.15911001 -0.2150419 -0.3026478 0.01448623 -0.14882317 -0.052404948 0.1305628 0.003385882 0.0 15.051829400332364
-0.13945568 -0.0045113484 0.13409294 -0.031852223 0.061973814 -0.1838958 -0.13409294 0.031852223 0.0 0.5493317 0.3392665 0.42970386 0.48364598 -0.34031996 -0.15436918 -0.2206921 -0.29874864 0.009906229 -0.14653625 -0.13414435 0.031841595 0.041502275 0.0 15.206546633655414
-0.13836055 -0.008966122 0.091385044 -0.10631531 0.059132945 -0.18089029 -0.091385044 0.10631531 0.0 0.5440446 0.34454018 0.42374447 0.48835993 -0.3432942 -0.15324095 -0.22299403 -0.2970607 0.006890028 -0.14377442 -0.0914286 0.1063061 -0.058537092 0.0 15.407584382363996
-0.13786124 -0.013745884 0.1076537 -0.09221419 0.057900827 -0.17683361 -0.1076537 0.09221419 0.0 0.53619885 0.3546243 0.41410825 0.49692723 -0.34484082 -0.15422276 -0.2227502 -0.29652572 0.0051961537 -0.14037476 -0.10769053 0.09220593 -0.03793718 0.0 15.61941414146392
-0.13749695 -0.018532023 0.09744882 -0.10261417 0.057387367 -0.17250702 -0.09744882 0.10261417 0.0 0.5267725 0.36683902 0.40232998 0.5070899 -0.34567487 -0.15660334 -0.22123238 -0.29685426 0.004081959 -0.13693082 -0.097479925 0.102606654 -0.07692686 0.0 15.873598277477239
-0.1384202 -0.022998428 0.052621953 -0.12555762 0.057802662 -0.16765024 -0.052621953 0.12555762 0.0 0.5185007 0.37913477 0.39183074 0.51737726 -0.34546238 -0.15819572 -0.21879245 -0.2964382 0.003934058 -0.13293149 -0.05264822 0.12555082 -0.04718752 0.0 16.133133901086453
-0.14046186 -0.02735715 0.036326617 -0.13725056 0.057256274 -0.1627459 -0.036326617 0.13725056 0.0 0.5149502 0.3865562 0.3875244 0.5241023 -0.34605455 -0.155502 -0.21862875 -0.29304805 0.003197356 -0.12832315 -0.036348857 0.13724469 -0.0046482524 0.0 16.376900195059118
-0.14201444 -0.03188612 0.06809533 -0.12428902 0.05501825 -0.15847254 -0.06809533 0.12428902 0.0 0.5137483 0.38996458 0.38658237 0.5277509 -0.34827816 -0.1504673 -0.22111225 -0.28825366 0.001023719 -0.12394799 -0.06811419 0.12428408 0.011942528 0.0 16.616229297539775
-0.1428265 -0.036623742 0.08166187 -0.11579586 0.052118305 -0.15453622 -0.08166187 0.11579586 0.0 0.51185423 0.393058 0.3849414 0.5310775 -0.35116273 -0.14579076 -0.22424994 -0.2838103 -0.0018133535 -0.11991277 -0.08167788 0.11579171 0.0007189388 0.0 16.87523783825604
-0.14431119 -0.041157313 0.045424804 -0.13402928 0.05043285 -0.15009686 -0.045424804 0.13402928 0.0 0.5091092 0.39838517 0.38192979 0.53615904 -0.35286435 -0.14213112 -0.22568496 -0.27990502 -0.0035661447 -0.115577884 -0.045438368 0.13402574 -0.01513274 0.0 17.158349121081635
-0.14580503 -0.045729898 0.06569796 -0.1258359 0.04780159 -0.14593071 -0.06569796 0.1258359 0.0 0.5088334 0.40057293 0.3822479 0.5388927 -0.3554576 -0.13622996 -0.22887212 -0.27454972 -0.0060488163 -0.111179836 -0.06570948 0.12583295 0.033188764 0.0 17.415343536567953
-0.1476734 -0.0501316 0.036601327 -0.13657783 0.0461218 -0.14145036 -0.036601327 0.13657783 0.0 0.5074874 0.40477148 0.38098642 0.54316854 -0.3571314 -0.13150325 -0.23063043 -0.26990035 -0.0077077257 -0.1066667 -0.036611088 0.13657533 -0.021362595 0.0 17.72633050048555
-0.14852186 -0.054765053 0.093498364 -0.10606258 0.043570828 -0.13747413 -0.093498364 0.10606258 0.0 0.5051397 0.40857595 0.37869024 0.54702014 -0.35967866 -0.12737693 -0.23322919 -0.2658211 -0.0102460515 -0.10267051 -0.09350664 0.106060475 0.014776985 0.0 18.02387180838573
-0.14930756 -0.059481595 0.06748487 -0.124305025 0.041340277 -0.13334753 -0.06748487 0.124305025 0.0 0.50139236 0.41398108 0.37455928 0.5520739 -0.36193565 -0.12436917 -0.2351026 -0.26246196 -0.012573212 -0.098693416 -0.06749188 0.124303214 -0.02929455 0.0 18.36983214928458
-0.15088594 -0.064032875 0.049890913 -0.13302019 0.039088745 -0.12902991 -0.049890913 0.13302019 0.0 0.5005622 0.41710082 0.3740886 0.55552286 -0.36416247 -0.11900315 -0.23768885 -0.25742522 -0.014734686 -0.09423581 -0.049896866 0.13301869 0.03194201 0.0 18.681486874876487
-0.15295184 -0.06840073 0.033977967 -0.13826072 0.03451655 -0.12532264 -0.033977967 0.13826072 0.0 0.50962293 0.40899044 0.38668215 0.5505596 -0.3683533 -0.105124354 -0.24541256 -0.2466935 -0.018412016 -0.0891816 -0.03398304 0.13825956 0.12679623 0.0 18.915227928941444
-0.15494733 -0.07248216 0.031022511 -0.13013269 0.02869486 -0.12212014 -0.031022511 0.13013269 0.0 0.5239001 0.39362037 0.40646693 0.5397905 -0.37310696 -0.08651978 -0.2556738 -0.23268989 -0.022812067 -0.08398016 -0.03102685 0.13013187 0.14346302 0.0 19.128230593387578
-0.15680254 -0.07692405 0.038145393 -0.1365734 0.023298567 -0.11836753 -0.038145393 0.1365734 0.0 0.5359629 0.3800217 0.42363065 0.5301474 -0.37703973 -0.06895769 -0.26470754 -0.21908338 -0.026865141 -0.07847723 -0.038149096 0.13657285 0.10818417 0.0 19.354646173849797
-0.15876871 -0.08075639 0.009107808 -0.1269011 0.019598264 -0.11467022 -0.009107808 0.1269011 0.0 0.54506344 0.37020385 0.43667755 0.523203 -0.37931806 -0.054855056 -0.27093217 -0.20785424 -0.02951009 -0.07348753 -0.009110956 0.12690072 0.08344132 0.0 19.608028734865684
-0.15991072 -0.08531647 0.07049212 -0.12228404 0.016454695 -0.11051299 -0.07049212 0.12228404 0.0 0.548197 0.36746892 0.44181505 0.5218682 -0.38164786 -0.045501884 -0.27526596 -0.19990118 -0.032112647 -0.06869354 -0.07049479 0.12228374 0.020720707 0.0 19.89787580097176
-0.1603514 -0.08999406 0.06543795 -0.12188626 0.013207263 -0.10653407 -0.06543795 0.12188626 0.0 0.5492214 0.36665228 0.44423068 0.5220009 -0.38429528 -0.037949733 -0.27930453 -0.19329835 -0.03498257 -0.06428008 -0.06544022 0.12188603 0.037811413 0.0 20.18226298872034
-0.16228507 -0.09426307 -0.0025680275 -0.1411665 0.011530998 -0.102018595 0.0025680275 0.1411665 0.0 0.55164534 0.36648226 0.4480113 0.52273923 -0.38535926 -0.02997543 -0.28172526 -0.1862324 -0.036289133 -0.059346575 0.0025661022 0.14116631 0.024102522 0.0 20.491123392493883
-0.162087 -0.09836213 0.11687216 -0.070593126 0.008862456 -0.09873368 -0.11687216 0.070593126 0.0 0.55010396 0.36846453 0.4468467 0.52497077 -0.3878531 -0.025734512 -0.28459585 -0.18224072 -0.038854785 -0.05594658 -0.1168738 0.07059298 -0.0004111298 0.0 20.836564077475554
-0.16200976 -0.10297048 0.048096236 -0.1329001 0.004721995 -0.09501856 -0.048096236 0.1329001 0.0 0.5534585 0.3633533 0.4527493 0.5215112 -0.39075932 -0.015604395 -0.29005015 -0.17376226 -0.04229613 -0.05146432 -0.04809762 0.1329 0.09385407 0.0 21.096478519765938
-0.16291536 -0.107703604 0.050962504 -0.13245147 0.00046427583 -0.09058636 -0.050962504 0.13245147 0.0 0.56154186 0.35259363 0.46519953 0.5134489 -0.39269513 -0.0003767428 -0.29635283 -0.161232 -0.0453441 -0.04576145 -0.05096368 0.13245143 0.09888938 0.0 21.343953116511216
-0.16297011 -0.1125 0.07757156 -0.11895802 -0.0052118297 -0.086308286 -0.07757156 0.11895802 0.0 0.5721798 0.33539712 0.4819722 0.49977118 -0.3946896 0.018663969 -0.30448198 -0.14571011 -0.04929722 -0.03978774 -0.07757256 0.11895801 0.1580471 0.0 21.52870819388916
-0.16218261 -0.11723743 0.08899634 -0.11018861 -0.011113623 -0.082190566 -0.08899634 0.11018861 0.0 0.58092076 0.31869826 0.49662036 0.4861787 -0.39660865 0.036576733 -0.31230828 -0.1309037 -0.053515445 -0.034130488 -0.088997185 0.11018864 0.10627617 0.0 21.739673880537485
-0.1597628 -0.12122487 0.13000801 -0.05390119 -0.016554609 -0.07942137 -0.13000801 0.05390119 0.0 0.58286655 0.31033602 0.50171006 0.47936228 -0.39976332 0.046527702 -0.31860685 -0.12249856 -0.058051113 -0.030577455 -0.13000873 0.053901225 0.041440163 0.0 22.017642933126524
-0.15734793 -0.12533788 0.10711084 -0.092667654 -0.02146037 -0.07649907 -0.10711084 0.092667654 0.0 0.5827393 0.30580875 0.5036813 0.47582662 -0.4030807 0.054183774 -0.32402268 -0.1158341 -0.06234912 -0.027145242 -0.10711145 0.09266769 0.044164106 0.0 22.286331660513376
-0.15559645 -0.12982577 0.0980537 -0.10260871 -0.026218317 -0.07272013 -0.0980537 0.10260871 0.0 0.5845837 0.29894835 0.5085151 0.4703246 -0.40549162 0.06462558 -0.32942307 -0.106750675 -0.06623653 -0.02265783 -0.098054215 0.102608755 0.07325662 0.0 22.52966539267291
-0.15262541 -0.13342364 0.1352904 -0.039894976 -0.031454515 -0.07017097 -0.1352904 0.039894976 0.0 0.58487886 0.29225096 0.5114015 0.46475407 -0.40861505 0.072874516 -0.33513764 -0.09962858 -0.0707138 -0.019511309 -0.13529083 0.039895017 0.042021614 0.0 22.820606206001102
-0.15083943 -0.13756676 0.07140649 -0.12038184 -0.035056107 -0.06688469 -0.07140649 0.12038184 0.0 0.5830816 0.29245117 0.5104676 0.46531948 -0.41149673 0.07804474 -0.3388827 -0.09482358 -0.074061625 -0.01602937 -0.07140686 0.12038188 -0.0012286495 0.0 23.13338812102632
-0.14997998 -0.14230199 0.080084294 -0.11696446 -0.037658338 -0.06286619 -0.080084294 0.11696446 0.0 0.58034223 0.29670548 0.5076623 0.46954608 -0.41415423 0.0819196 -0.34147426 -0.09092099 -0.07668327 -0.012025757 -0.08008461 0.11696449 -0.0039269263 0.0 23.4612372549896
-0.15091288 -0.14682525 -0.0052906293 -0.14096263 -0.038958073 -0.05806436 0.0052906293 0.14096263 0.0 0.581538 0.29718363 0.51006657 0.47052747 -0.4144339 0.08934662 -0.34296247 -0.08399723 -0.07762709 -0.0069526914 0.005290364 0.14096266 0.04145138 0.0 23.77283664610129
-0.15223427 -0.15143242 0.025282057 -0.13951676 -0.04021598 -0.052757703 -0.025282057 0.13951676 0.0 0.58506805 0.29399353 0.5159677 0.46829614 -0.41364616 0.09976113 -0.34454584 -0.07454147 -0.07818424 -0.0011233337 -0.025282282 0.13951679 0.051271085 0.0 24.06704446953635
-0.1522004 -0.1562216 0.0630447 -0.12755328 -0.043750934 -0.046749763 -0.0630447 0.12755328 0.0 0.59379274 0.2769084 0.53111136 0.45362085 -0.41135514 0.11932023 -0.34867376 -0.057392236 -0.07980599 0.006238259 -0.06304489 0.12755331 0.18247727 0.0 24.23507028469915
-0.15011719 -0.16040316 0.1139695 -0.08334112 -0.04938066 -0.040912233 -0.1139695 0.08334112 0.0 0.6046251 0.24803932 0.5515246 0.4278631 -0.4075355 0.1446604 -0.354435 -0.03516336 -0.08253794 0.013935667 -0.113969654 0.08334115 0.20007578 0.0 24.363456522329045
-0.14716418 -0.16421573 0.11037129 -0.08935171 -0.05547017 -0.034844723 -0.11037129 0.08935171 0.0 0.61460966 0.21457365 0.5723322 0.3972451 -0.40191564 0.17176513 -0.35963812 -0.010906323 -0.08529613 0.021883668 -0.110371426 0.08935174 0.22299883 0.0 24.431396492387517
-0.14473458 -0.16832738 0.08585363 -0.11200093 -0.059864018 -0.0292348 -0.08585363 0.11200093 0.0 0.6188212 0.19571607 0.5831969 0.37980074 -0.3985879 0.1898045 -0.36296362 0.0057198396 -0.08761285 0.028538035 -0.08585374 0.11200096 0.06687936 0.0 24.5745531320904
-0.1432488 -0.17248206 0.055725735 -0.11792078 -0.06251218 -0.024438448 -0.055725735 0.11792078 0.0 0.61969423 0.18959652 0.58702743 0.37422892 -0.39767882 0.20000622 -0.36501208 0.015373793 -0.0893307 0.03377208 -0.05572583 0.11792081 0.05038093 0.0 24.72497759098937
-0.14093491 -0.17662951 0.10151801 -0.09874005 -0.065862164 -0.019622345 -0.10151801 0.09874005 0.0 0.619941 0.18259168 0.5904697 0.36776105 -0.3971002 0.2105807 -0.3676289 0.02541135 -0.09167077 0.039042935 -0.101518095 0.09874008 0.06856487 0.0 24.84455700224661
-0.1408641 -0.180885 -0.032300614 -0.13457012 -0.06715795 -0.012791096 0.032300614 0.13457012 0.0 0.6260897 0.16220677 0.6039473 0.34839475 -0.38905528 0.23030187 -0.36691287 0.044113886 -0.09063179 0.046846796 0.032300547 0.13457015 0.18880007 0.0 24.88465448676422
-0.14177892 -0.18559028 -0.005430196 -0.14181595 -0.067133695 -0.004491532 0.005430196 0.14181595 0.0 0.634347 0.13386062 0.6220124 0.32095447 -0.37582144 0.25516972 -0.3634868 0.06807586 -0.087443404 0.056296747 0.005430141 0.14181598 0.1863651 0.0 24.870022789010406
-0.14375341 -0.18983285 -0.07951307 -0.11661706 -0.06538031 0.0028568092 0.07951307 0.11661706 0.0 0.64168084 0.109069206 0.63789266 0.29653093 -0.3619032 0.27632758 -0.35811508 0.08886586 -0.08289623 0.064508185 0.07951303 0.11661708 0.1478446 0.0 24.872248149938255
-0.14419599 -0.19426468 0.024937348 -0.13751827 -0.06470026 0.009781345 -0.024937348 0.13751827 0.0 0.64590937 0.0888412 0.6493023 0.2763105 -0.350534 0.29440597 -0.3539269 0.106936656 -0.07984259 0.07205822 -0.024937386 0.1375183 0.12898366 0.0 24.828261359135446
-0.14234273 -0.19866142 0.06224479 -0.12730859 -0.06592142 0.016585032 -0.06224479 0.12730859 0.0 0.6470659 0.07011672 0.65717787 0.25734386 -0.3413668 0.3112746 -0.35147882 0.12404746 -0.07882121 0.07936477 -0.06224482 0.1273086 0.12682481 0.0 24.752537630761942
-0.13869669 -0.20147777 0.122269824 -0.069674715 -0.068747796 0.021804776 -0.122269824 0.069674715 0.0 0.64558727 0.052495904 0.6616847 0.23930362 -0.33462307 0.32515675 -0.35072055 0.13834904 -0.07963225 0.08496512 -0.12226985 0.06967474 0.10741628 0.0 24.64950174688389
-0.1341167 -0.20290437 0.13294028 -0.04923122 -0.07225165 0.026346011 -0.13294028 0.04923122 0.0 0.6427318 0.03024044 0.66582 0.21631351 -0.32656968 0.3394505 -0.34965786 0.15337744 -0.080761045 0.089869946 -0.13294029 0.049231235 0.15269926 0.0 24.51626415596087
-0.13003154 -0.20525087 0.094283834 -0.10521609 -0.074924104 0.031878933 -0.094283834 0.10521609 0.0 0.6397409 0.010188336 0.6694721 0.19531614 -0.31787622 0.35388258 -0.34760743 0.16875479 -0.08115512 0.09566666 -0.09428386 0.10521611 0.11023406 0.0 24.36853676132352
-0.12631652 -0.20832145 0.08959598 -0.11006055 -0.07691524 0.038009297 -0.08959598 0.11006055 0.0 0.63667315 -0.006802714 0.67238116 0.17726572 -0.3093172 0.36770827 -0.34502518 0.18363984 -0.08107827 0.10196529 -0.089595996 0.110060565 0.11841271 0.0 24.193182547522074
-0.1219632 -0.21006268 0.12917267 -0.056771845 -0.08019116 0.041849654 -0.12917267 0.056771845 0.0 0.6325795 -0.014493216 0.6712587 0.16897386 -0.30723244 0.37526283 -0.34591162 0.19179574 -0.08331966 0.1058646 -0.12917268 0.056771856 0.0181721 0.0 24.005349066104056
-0.117216945 -0.21089736 0.13155255 -0.05328682 -0.08374968 0.045373622 -0.13155255 0.05328682 0.0 0.6277147 -0.025583835 0.6701506 0.1570509 -0.30390134 0.3833756 -0.34633723 0.20074087 -0.085563906 0.10943928 -0.13155256 0.053286828 0.10979338 0.0 23.7833825418733
-0.11338275 -0.2133984 0.06830967 -0.122592606 -0.08596222 0.050346784 -0.06830967 0.122592606 0.0 0.62399936 -0.034335256 0.6699539 0.14744602 -0.29954627 0.3925367 -0.34550077 0.21075542 -0.08653904 0.11443553 -0.06830968 0.12259261 0.039633375 0.0 23.55343146891523
-0.10915298 -0.21521127 0.12722349 -0.06013704 -0.08864946 0.054742552 -0.12722349 0.06013704 0.0 0.6196762 -0.042680994 0.6688891 0.13824533 -0.29605126 0.4007145 -0.34526423 0.21978818 -0.08807477 0.11883132 -0.12722349 0.06013705 0.08139587 0.0 23.289398486212107
-0.10543095 -0.21649207 0.080871224 -0.07554037 -0.09025891 0.05952932 -0.080871224 0.07554037 0.0 0.6150313 -0.057868447 0.66933656 0.121595174 -0.2878028 0.41122308 -0.342108 0.23175947 -0.08787368 0.12357626 -0.080871224 0.07554038 0.11475382 0.0 23.016754519494096
-0.101185285 -0.21590121 0.13852699 0.019447882 -0.093716554 0.06139647 -0.13852699 -0.019447882 0.0 0.6100153 -0.06500761 0.66661024 0.11374715 -0.2867485 0.41558677 -0.3433434 0.236832 -0.09051279 0.1254077 -0.13852699 -0.019447876 0.0029775992 0.0 22.721213594880826
-0.09659289 -0.21578646 0.12207408 -0.07010496 -0.09784171 0.0631214 -0.12207408 0.07010496 0.0 0.60530466 -0.06650003 0.66271657 0.11199401 -0.28925166 0.41819087 -0.34666356 0.23969682 -0.09434521 0.12711729 -0.12207408 0.070104964 0.02265094 0.0 22.40112233789042
-0.09195454 -0.21708071 0.11466733 -0.08360206 -0.10098832 0.06710591 -0.11466733 0.08360206 0.0 0.60039496 -0.07173949 0.66014624 0.10598511 -0.28771827 0.42465872 -0.34746957 0.24693413 -0.0966516 0.13105036 -0.11466734 0.08360206 0.061657257 0.0 22.054219832147012
-0.087321654 -0.21714194 0.13653602 -0.02669007 -0.10384104 0.07091752 -0.13653602 0.02669007 0.0 0.5943537 -0.083162576 0.6579595 0.09321925 -0.28274357 0.43245032 -0.34634942 0.2560685 -0.09811341 0.13475242 -0.13653603 0.026690073 0.090049945 0.0 21.68885376333543
-0.0826628 -0.2159709 0.1413804 -0.009628128 -0.10725741 0.07342876 -0.1413804 0.009628128 0.0 0.58791256 -0.093769334 0.65482795 0.08138369 -0.27932146 0.43826577 -0.34623685 0.26311275 -0.100328945 0.1371445 -0.1413804 0.009628131 0.05320377 0.0 21.31267402639986
-0.07791877 -0.21553832 0.13036984 -0.055134367 -0.1108153 0.07623424 -0.13036984 0.055134367 0.0 0.5820128 -0.10041738 0.65130776 0.07380792 -0.27789387 0.44338113 -0.34718886 0.26915583 -0.103019595 0.13984971 -0.13036984 0.055134367 0.044501983 0.0 20.919257306734195
-0.07314854 -0.21504232 0.13813178 -0.031553574 -0.11403608 0.07957382 -0.13813178 0.031553574 0.0 0.5755459 -0.10935269 0.6479237 0.06361465 -0.2745688 0.44962966 -0.3469466 0.27666235 -0.105111964 0.14304082 -0.13813178 0.031553574 0.076590404 0.0 20.512798164803574
-0.06872915 -0.21327324 0.14106862 0.010914861 -0.11705536 0.082184345 -0.14106862 -0.010914861 0.0 0.5683038 -0.12152943 0.6443849 0.049841262 -0.26959208 0.4556072 -0.34567317 0.28423652 -0.1067683 0.14544474 -0.14106862 -0.010914859 0.07900506 0.0 20.101876206196955
-0.06618523 -0.21120621 0.070345126 0.035601526 -0.119393714 0.08253442 -0.070345126 -0.035601526 0.0 0.5638783 -0.12807389 0.6416821 0.042521603 -0.26816052 0.45747513 -0.3459643 0.28687963 -0.108469844 0.14568795 -0.070345126 -0.035601526 0.008704181 0.0 19.714792106584095
-0.062541366 -0.21087626 0.114203356 -0.08440045 -0.12126168 0.086024255 -0.114203356 0.08440045 0.0 0.5579609 -0.13729881 0.63893485 0.031814974 -0.26300532 0.46367598 -0.34397927 0.2945622 -0.10916112 0.14896293 -0.11420336 0.08440045 0.10268642 0.0 19.277438046760444
-0.05791446 -0.2121974 0.09841975 -0.102244325 -0.12194239 0.09316809 -0.09841975 0.102244325 0.0 0.54977775 -0.15179832 0.6361275 0.014634775 -0.25151572 0.47516656 -0.33786544 0.30873346 -0.107831895 0.15568684 -0.09841975 0.102244325 0.121393345 0.0 18.835383792774977
-0.053258985 -0.21208669 0.13601977 -0.036703467 -0.12585905 0.095566116 -0.13601977 0.036703467 0.0 0.5451735 -0.15127756 0.6319883 0.014913452 -0.25436378 0.47792542 -0.3411785 0.3117344 -0.11157379 0.15804517 -0.13601977 0.036703467 -0.063269034 0.0 18.347063644737037
-0.04853031 -0.21116795 0.13555287 -0.04182769 -0.13088281 0.09639086 -0.13555287 0.04182769 0.0 0.5411834 -0.14762458 0.62729746 0.018930562 -0.2609967 0.47820556 -0.34711075 0.31165043 -0.116860814 0.15892951 -0.13555287 0.041827694 0.015700126 0.0 17.843186675404127
-0.04393995 -0.2097729 0.14033502 -0.019523662 -0.13364264 0.09993394 -0.14033502 0.019523662 0.0 0.53344446 -0.15738161 0.6228496 0.0074303295 -0.25614744 0.48425758 -0.34555253 0.31944564 -0.1183813 0.16218176 -0.14033502 0.019523663 0.10851465 0.0 17.332587412188452
-0.039497666 -0.2079285 0.14107697 -0.012910009 -0.1377567 0.101348184 -0.14107697 0.012910009 0.0 0.5276065 -0.16039275 0.6181044 0.003821692 -0.25770596 0.48647708 -0.34820384 0.32226264 -0.122082226 0.16349326 -0.14107697 0.012910009 -0.032271568 0.0 16.78719284345076
-0.034886688 -0.20659958 0.13554063 -0.041731484 -0.14202237 0.10298332 -0.13554063 0.041731484 0.0 0.52228004 -0.16143833 0.6134393 0.0024098796 -0.26041776 0.48859274 -0.35157704 0.32474452 -0.12609743 0.16506469 -0.13554063 0.041731484 0.044199012 0.0 16.23537030080751
-0.030759418 -0.20432737 0.13971984 0.021482976 -0.14625706 0.10368003 -0.13971984 -0.021482976 0.0 0.5168187 -0.16380282 0.60873276 -0.0003768074 -0.2628726 0.48983142 -0.35478666 0.32640544 -0.13004595 0.1656873 -0.13971984 -0.021482974 -0.00020696479 0.0 15.66201780690004
-0.027858572 -0.20128328 0.11536521 0.04718492 -0.14908625 0.104174994 -0.11536521 -0.04718492 0.0 0.5108608 -0.17093664 0.60465336 -0.008581462 -0.26124096 0.49164551 -0.35503352 0.32929033 -0.13216117 0.16599119 -0.11536521 -0.04718492 0.0700135 0.0 15.111532193167653
-0.023853606 -0.20012414 0.11021597 -0.08110362 -0.15196213 0.10686084 -0.11021597 0.08110362 0.0 0.50490385 -0.1755283 0.60048515 -0.01421971 -0.25982735 0.49554732 -0.35540867 0.33423874 -0.13435483 0.16848618 -0.11021597 0.08110362 0.016244523 0.0 14.520686190107272
-0.020276371 -0.19797136 0.12667394 0.0530263 -0.15648942 0.106315576 -0.12667394 -0.0530263 0.0 0.5013065 -0.17390051 0.596354 -0.012276821 -0.26563898 0.49464336 -0.3606865 0.33301967 -0.13908593 0.16799879 -0.12667394 -0.0530263 -0.027132878 0.0 13.89405212234991
-0.016238792 -0.19592573 0.1335542 -0.04180167 -0.16308291 0.10339479 -0.1335542 0.04180167 0.0 0.50012475 -0.16376087 0.5919581 -0.00028954365 -0.27988896 0.4894886 -0.37172237 0.3260173 -0.1469024 0.16541004 -0.1335542 0.04180167 -0.10287453 0.0 13.208840944703871
-0.011452286 -0.19538996 0.12794922 -0.061819583 -0.16780104 0.10482092 -0.12794922 0.061819583 0.0 0.496123 -0.1605494 0.58751625 0.0031684092 -0.28564546 0.49059907 -0.37703872 0.32688126 -0.15178744 0.16687949 -0.12794922 0.061819583 0.05038866 0.0 12.520858014349264
-0.006752746 -0.1961893 0.09612173 -0.104415864 -0.16870312 0.112158425 -0.09612173 0.104415864 0.0 0.48822087 -0.1700957 0.583769 -0.008767473 -0.27664822 0.5008227 -0.37219638 0.3394945 -0.15110849 0.17378739 -0.09612173 0.104415864 0.11689053 0.0 11.84161531958987
-0.002024563 -0.19638464 0.12713225 -0.06155112 -0.1712047 0.116913795 -0.12713225 0.06155112 0.0 0.48209158 -0.17363828 0.57967544 -0.0135332085 -0.2742183 0.50691414 -0.37180218 0.3468091 -0.15283087 0.17831497 -0.12713225 0.06155112 -0.002122733 0.0 11.124920909275511
0.002760056 -0.19655071 0.11299895 -0.08514235 -0.17613943 0.118162885 -0.11299895 0.08514235 0.0 0.47942373 -0.16723764 0.5757443 -0.0063693733 -0.2822198 0.50734025 -0.37854037 0.34647202 -0.1582495 0.17970678 -0.11299895 0.08514235 -0.047905352 0.0 10.388746308179845
0.007553737 -0.19641465 0.12855504 -0.05972167 -0.18068402 0.11996543 -0.12855504 0.05972167 0.0 0.4757352 -0.16346066 0.5715711 -0.002303206 -0.2879353 0.5088218 -0.3837712 0.34766433 -0.16297942 0.18156289 -0.12855504 0.05972167 0.012821485 0.0 9.644114498850689
0.0120534925 -0.19488767 0.14082596 -0.013354657 -0.18427762 0.12255342 -0.14082596 0.013354657 0.0 0.4696624 -0.16654687 0.5668904 -0.0062254365 -0.28815722 0.51232404 -0.38538525 0.3520026 -0.16604023 0.18399525 -0.14082596 0.013354657 0.043842226 0.0 8.906604819955902
0.015741095 -0.19189645 0.13705347 0.034900896 -0.18732993 0.124431394 -0.13705347 -0.034900896 0.0 0.46267426 -0.17341267 0.56204355 -0.014409547 -0.2859731 0.51556003 -0.3853424 0.35655692 -0.1682702 0.18562312 -0.13705347 -0.034900896 0.052771725 0.0 8.20093277182751
0.01718015 -0.18899542 0.05254865 0.063015945 -0.18903086 0.12435554 -0.05254865 -0.063015945 0.0 0.45840165 -0.17903808 0.5591275 -0.020890828 -0.2843245 0.51631373 -0.38505036 0.35816646 -0.16944836 0.18538198 -0.05254865 -0.063015945 0.01713298 0.0 7.550786683523851
0.018522607 -0.18474247 0.11539297 0.08373406 -0.19223453 0.12182681 -0.11539297 -0.08373406 0.0 0.45466498 -0.18270159 0.555668 -0.024731195 -0.28684077 0.5139515 -0.38784376 0.35598108 -0.17254506 0.18281883 -0.11539297 -0.08373406 0.00066329003 0.0 6.805817444586616
0.022004249 -0.18210343 0.13508008 -0.030670837 -0.1987644 0.117886595 -0.13508008 0.030670837 0.0 0.45356193 -0.17483662 0.55167776 -0.01505698 -0.30048037 0.5082274 -0.3985962 0.34844777 -0.18018647 0.17922631 -0.13508008 0.030670837 -0.111922376 0.0 5.936432391003777
0.0252716 -0.17893368 0.12382965 0.06574178 -0.20535605 0.11307796 -0.12382965 -0.06574178 0.0 0.45232582 -0.16740568 0.5474391 -0.005820665 -0.31434762 0.5014501 -0.4094609 0.3398651 -0.18792747 0.17475408 -0.12382965 -0.06574178 -0.03499165 0.0 5.117827088407999
0.029185103 -0.17731181 0.12005036 -0.06817766 -0.20919546 0.11431919 -0.12005036 0.06817766 0.0 0.44760746 -0.16821657 0.54322475 -0.00692932 -0.3169739 0.50302976 -0.41259122 0.3417425 -0.1915744 0.1759406 -0.12005036 0.06817766 0.038370717 0.0 4.275196368800916
0.033830233 -0.17625372 0.13837017 -0.029852051 -0.21215196 0.11864612 -0.13837017 0.029852051 0.0 0.44078583 -0.17271061 0.5385669 -0.012725887 -0.314685 0.5087731 -0.41246605 0.34878838 -0.1937025 0.18002461 -0.13837017 0.029852051 0.055277333 0.0 3.4279830127023807
0.037495304 -0.17334576 0.13502502 0.041251782 -0.21557447 0.12029136 -0.13502502 -0.041251782 0.0 0.43434376 -0.1777402 0.53375894 -0.018765748 -0.31410483 0.51144844 -0.41351998 0.352474 -0.1964971 0.18147759 -0.13502502 -0.041251782 0.026720788 0.0 2.5950719587667166
0.040978376 -0.17004003 0.14037456 0.019154739 -0.21876909 0.12208379 -0.14037456 -0.019154739 0.0 0.42736697 -0.18406111 0.5287646 -0.026343761 -0.3123946 0.51444376 -0.41379225 0.35672644 -0.19892718 0.18302639 -0.14037456 -0.019154739 0.057372477 0.0 1.7543227834416761
0.043503866 -0.16605675 0.1172719 0.07932507 -0.22266197 0.12081231 -0.1172719 -0.07932507 0.0 0.42249086 -0.18739921 0.52439284 -0.030007219 -0.3150311 0.51346993 -0.4169331 0.35607797 -0.2026251 0.18169108 -0.1172719 -0.07932507 -0.01628285 0.0 0.8772904194831881
0.046794463 -0.16279943 0.14097701 -0.0028106829 -0.22602005 0.12206643 -0.14097701 0.0028106829 0.0 0.41611016 -0.19239393 0.51953536 -0.035998657 -0.31457278 0.51560235 -0.41799796 0.35920706 -0.20539308 0.18274781 -0.14097701 0.0028106829 0.06750781 0.0 0.0
