98
-0.12594257 -0.07898189 0.06926015 -0.04893622 -0.050052356 -0.23647378 -0.06926015 0.04893622 0.0 -0.4916598 -0.3876762 -0.37212387 -0.5321318 0.39830583 0.105393164 0.2787699 0.24984874 0.19590086 -0.10979004 0.06677187 0.108773634 0.1562571 -0.10188866 -0.011074312 0.06265378 -0.3471572 -0.23711316 0.062422756 0.093025535 -0.35909894 -0.25915086 -0.25362897 0.10764216 -0.15285157 -0.2595886 -0.12955196 -0.13473345 0.0 0.0 0.02733294715643453
-0.124073766 -0.0758161 -0.0196775 -0.13990915 -0.049561318 -0.23307334 0.0196775 0.13990915 0.0 -0.49046993 -0.38630164 -0.37027204 -0.53020686 0.39722264 0.11084843 0.27702478 0.25475368 0.19842993 -0.10166098 0.065134615 0.27220097 0.1561839 -0.098981924 -0.019332588 0.05718703 -0.3448145 -0.23597369 0.027608747 0.06573257 -0.36243522 -0.25676045 -0.09305213 0.13349599 -0.15127505 -0.25879982 0.09670506 0.11750752 -0.07666993 0.0 0.024550433468860065
-0.12105192 -0.07240963 0.009708953 -0.13412322 -0.04121701 -0.23014398 -0.009708953 0.13412322 0.0 -0.47636032 -0.39905107 -0.3510901 -0.53856313 0.39297435 0.12954472 0.2677041 0.2690568 0.20300278 -0.085449144 0.017917033 0.2675319 0.15702121 -0.09187543 -0.10798441 0.044314623 -0.33653805 -0.24684368 -0.030059097 0.029503506 -0.35656497 -0.2651539 -0.11209558 0.12875679 -0.13800894 -0.26020676 0.12316008 0.11379945 -0.32762238 0.0 0.022283749415501847
-0.117821224 -0.069086246 -0.0016530154 -0.13686576 -0.019738704 -0.228364 0.0016530154 0.13686576 0.0 -0.43715584 -0.43727124 -0.2993735 -0.5644415 0.37886792 0.17039762 0.24108559 0.2975679 0.21032059 -0.056842353 0.014347269 0.27229953 0.16158195 -0.07490271 -0.09507482 0.06328773 -0.31251812 -0.27633807 -0.007825822 0.02506438 -0.3338882 -0.29270455 -0.099432826 0.15109532 -0.108948074 -0.26789394 0.12883303 0.11540967 -0.4855185 0.0 0.020211007951028648
-0.11441763 -0.06608009 0.0137946885 -0.13298903 0.010111681 -0.22445633 -0.0137946885 0.13298903 0.0 -0.37603706 -0.4866937 -0.22265738 -0.5945405 0.35252532 0.2234845 0.19914564 0.33133125 0.21524566 -0.019423006 -0.02192532 0.26878288 0.16688284 -0.05082451 -0.08690077 0.0710178 -0.27361605 -0.3148392 -0.012203277 0.0064603235 -0.2960744 -0.3293458 -0.10505602 0.15423656 -0.0686853 -0.2755993 0.1159138 0.12741214 -0.6179083 0.0 0.018894482851209374
-0.11121909 -0.06295925 0.046195846 -0.1232853 0.045117557 -0.21557468 -0.046195846 0.1232853 0.0 -0.2931558 -0.53721184 -0.12425689 -0.618633 0.30998945 0.28216115 0.14109056 0.36358234 0.21308917 0.0246352 -0.076329514 0.25577927 0.16964345 -0.02110639 -0.0955887 0.05541743 -0.21904694 -0.35504696 -0.008077254 0.004846633 -0.24225383 -0.36780736 -0.09896232 0.17565854 -0.019877905 -0.27793032 0.08248689 0.15792981 -0.70716214 0.0 0.018527595825514845
-0.10766988 -0.060033247 0.046815623 -0.12754814 0.081701964 -0.19957198 -0.046815623 0.12754814 0.0 -0.19239764 -0.577393 -0.011502747 -0.6267214 0.25158194 0.33805138 0.07068703 0.38737977 0.20135494 0.071431205 -0.09965279 0.25249678 0.16704722 0.011386246 -0.10701882 0.034388054 -0.1504407 -0.3884103 0.021920133 0.022476146 -0.17480278 -0.39953718 -0.08393654 0.19975524 0.033129886 -0.2703634 0.06740514 0.20253861 -0.7459493 0.0 0.01774357345844601
-0.10399052 -0.05739296 0.06962747 -0.113664575 0.115895905 -0.17646715 -0.06962747 0.113664575 0.0 -0.081135914 -0.5996193 0.10584576 -0.6135515 0.18015054 0.3836841 -0.0068311393 0.39761624 0.17909434 0.11618288 -0.14615665 0.22545253 0.15753351 0.0429992 -0.13239595 -0.0011285427 -0.07280682 -0.4089701 0.027680883 0.033504855 -0.099275574 -0.4184558 -0.10952355 0.22951418 0.085354425 -0.2521352 0.041300543 0.20028834 -0.76703227 0.0 0.018219625640506745
-0.10017659 -0.055101074 0.07497224 -0.1076851 0.14519739 -0.1471173 -0.07497224 0.1076851 0.0 0.03401187 -0.6004572 0.22014344 -0.5778455 0.09954773 0.4148562 -0.086583845 0.3922445 0.14713335 0.15545885 -0.17145258 0.20276661 0.14232177 0.071889155 -0.10437673 -0.021956012 0.009126904 -0.41362846 0.0431292 0.05914 -0.020501085 -0.42228338 -0.10981771 0.2296079 0.13278879 -0.22344898 0.0054806676 0.22345938 -0.7577736 0.0 0.01921823951749041
-0.09631186 -0.05301452 0.09388676 -0.088856 0.16750666 -0.1135559 -0.09388676 0.088856 0.0 0.14519544 -0.5797978 0.32355183 -0.52195966 0.015081653 0.42927438 -0.16327472 0.3714362 0.10764719 0.18636878 -0.20581749 0.16536361 0.12313673 0.09615704 -0.07324214 -0.0485033 0.0893162 -0.40177348 0.03416416 0.07715704 0.056751657 -0.41125166 -0.095117286 0.21490161 0.17153291 -0.1863386 -0.052577145 0.22373839 -0.74390435 0.0 0.020474342630706334
-0.092522 -0.050890613 0.10884144 -0.06713551 0.18196999 -0.07823543 -0.10884144 0.06713551 0.0 0.24645787 -0.5405347 0.41100454 -0.45064232 -0.06842156 0.42693993 -0.23296823 0.33704755 0.06337195 0.20730802 -0.23166949 0.12443492 0.101281285 0.11517523 -0.053090952 -0.06236905 0.16288367 -0.37527558 0.017940661 0.09203697 0.12807915 -0.38693008 -0.10399702 0.19646592 0.19941652 -0.14423078 -0.1172905 0.20803407 -0.6876803 0.0 0.02143377077008982
-0.08888351 -0.048493844 0.12359124 -0.034857728 0.18847378 -0.04483642 -0.12359124 0.034857728 0.0 0.33053175 -0.4894698 0.4774231 -0.37294006 -0.14406882 0.4104805 -0.2909602 0.29395077 0.018670952 0.2176462 -0.25415152 0.0712859 0.07892969 0.12829079 -0.036541678 -0.07311652 0.22331177 -0.34200558 -0.045909483 -0.05789772 0.18830547 -0.35549006 -0.08604937 0.08220554 0.21533711 -0.1023836 -0.17588447 0.16589808 -0.6091334 0.0 0.021765475879493602
-0.085353725 -0.045797944 0.13036464 -0.010556693 0.18863398 -0.0157747 -0.13036464 0.010556693 0.0 0.3954509 -0.43423146 0.5233087 -0.2970869 -0.20812905 0.38482133 -0.33598682 0.24767676 -0.022985222 0.2189844 -0.26432398 0.026776752 0.057841275 0.1357872 -0.033169843 -0.08774672 0.2696388 -0.3084997 -0.08777737 -0.12387228 0.23519897 -0.32121485 -0.13374378 0.061557986 0.22096485 -0.064806536 -0.2196894 0.11983879 -0.5188097 0.0 0.021595306933521134
-0.081959404 -0.042885177 0.13097405 0.014339626 0.1846706 0.0075223977 -0.13097405 -0.014339626 0.0 0.44210944 -0.3818419 0.55184597 -0.22980852 -0.25899866 0.35545295 -0.3687352 0.2034196 -0.0591721 0.21400826 -0.26559076 -0.0148177 0.039787907 0.13895822 -0.015904937 -0.08698487 0.3032091 -0.2773142 -0.08941571 -0.14957997 0.26858887 -0.2875645 -0.14520055 0.058100205 0.21918727 -0.034024008 -0.24268104 0.07211412 -0.40448812 0.0 0.021232085133286185
-0.07871367 -0.03977163 0.128212 0.033326227 0.17872694 0.024130242 -0.128212 -0.033326227 0.0 0.47228244 -0.33878088 0.5669496 -0.17693411 -0.29623315 0.3279575 -0.3909003 0.16611072 -0.08831527 0.2058763 -0.26192647 -0.045579184 0.025738357 0.13859169 -0.02059441 -0.11424821 0.32592407 -0.25244826 -0.07062391 -0.16261525 0.28821406 -0.25912088 -0.23008206 0.038928177 0.21286127 -0.01161019 -0.25427032 0.030629335 -0.28976423 0.0 0.020769374297231386
-0.07565385 -0.03640519 0.12340804 0.052321304 0.17246893 0.034400713 -0.12340804 -0.052321304 0.0 0.48967734 -0.30802903 0.5732893 -0.14020383 -0.32177836 0.30572653 -0.4053903 0.13790135 -0.11065257 0.19714096 -0.25604662 -0.0729427 0.015949324 0.13582273 -0.0121984165 -0.12766673 0.34002957 -0.23598641 -0.06093025 -0.17931943 0.29728964 -0.23809397 -0.21625115 0.03875747 0.20441717 0.0026890987 -0.25736207 -0.0068732165 -0.18054144 0.0 0.02050571878021251
-0.072607145 -0.032953862 0.12404094 0.054707114 0.16678596 0.039268177 -0.12404094 -0.054707114 0.0 0.4972323 -0.29040518 0.5741709 -0.119417764 -0.33776206 0.29092148 -0.41470066 0.11993406 -0.12699361 0.18988453 -0.25573128 -0.07923053 0.010216206 0.13202995 -0.011834415 -0.12647028 0.34720168 -0.22851205 -0.054437716 -0.1779739 0.29882425 -0.22495425 -0.22422478 0.038403112 0.19530149 0.010022732 -0.26192215 -0.022715388 -0.075670056 0.0 0.0207665705622562
-0.06949885 -0.029528234 0.124228984 0.055843275 0.16200863 0.039680596 -0.124228984 -0.055843275 0.0 0.4970158 -0.28535712 0.5715648 -0.11331438 -0.34599638 0.28428027 -0.42054537 0.112237565 -0.13829911 0.1853089 -0.25555253 -0.08151986 0.007988135 0.12788114 -0.01153519 -0.12562667 0.3486518 -0.22965483 -0.048696578 -0.17549159 0.29407164 -0.21953058 -0.2326584 0.035474174 0.1861935 0.011660075 -0.2642414 -0.034685325 0.008867279 0.0 0.021446844116909048
-0.06632438 -0.026156304 0.12608688 0.05194723 0.15799871 0.036819056 -0.12608688 -0.05194723 0.0 0.49087873 -0.29039678 0.5665483 -0.11884395 -0.34840012 0.28472692 -0.42406964 0.1131741 -0.14581643 0.18357423 -0.25756228 -0.07610129 0.008326441 0.1235922 -0.015606081 -0.12430909 0.3455281 -0.237732 -0.046370197 -0.16867174 0.2847715 -0.22005245 -0.23097523 0.04328515 0.17721501 0.009061906 -0.26751068 -0.044826712 0.07559056 0.0 0.022457971294651376
-0.06307856 -0.022871887 0.12796392 0.045968063 0.1544442 0.031708512 -0.12796392 -0.045968063 0.0 0.47998986 -0.30280504 0.5594432 -0.13297154 -0.34633547 0.29077956 -0.4257888 0.120946065 -0.15052411 0.18445359 -0.259929 -0.06657763 0.010431279 0.11925961 -0.018832905 -0.11980881 0.3385724 -0.25088543 -0.045835625 -0.16119127 0.27199847 -0.2246052 -0.2309365 0.05122091 0.16824068 0.0034581318 -0.26927355 -0.054910857 0.12053976 0.0 0.023705943063635534
-0.05977165 -0.019677525 0.12975702 0.038623456 0.15100026 0.02530888 -0.12975702 -0.038623456 0.0 0.46547145 -0.31963632 0.5504173 -0.15248236 -0.34107044 0.3005624 -0.42601633 0.13340844 -0.15332878 0.18737048 -0.26230192 -0.05432835 0.0135640735 0.11491337 -0.021924183 -0.1143488 0.32859573 -0.26706508 -0.046280824 -0.15307626 0.25673795 -0.23130037 -0.23011258 0.061248437 0.15910272 -0.003945221 -0.2693694 -0.062127665 0.14898704 0.0 0.02506392693814979
-0.056412958 -0.016563319 0.13126752 0.030950675 0.14741722 0.018355114 -0.13126752 -0.030950675 0.0 0.44828436 -0.33851779 0.53964424 -0.17478132 -0.33361685 0.31247127 -0.4249767 0.14873481 -0.15491988 0.19173862 -0.2642834 -0.041103866 0.017163897 0.11055516 -0.024317706 -0.10836318 0.3172568 -0.2818347 0.0029488557 -0.014376923 0.24259216 -0.23826641 -0.09741673 0.09771279 0.15064591 -0.013305483 -0.22634433 -0.12213426 0.16032228 0.0 0.026498448802695796
-0.052978694 -0.01353011 0.13312061 0.021980086 0.14352815 0.011560532 -0.13312061 -0.021980086 0.0 0.42965448 -0.3572362 0.5275883 -0.19734494 -0.32516503 0.32496887 -0.42309886 0.16507763 -0.15607518 0.19690627 -0.2672852 -0.027244441 0.020734442 0.106290616 -0.025518386 -0.09915764 0.30542386 -0.29358128 -0.011276391 0.04901641 0.2288949 -0.2450517 -0.12461528 0.07687761 0.14412719 -0.02433336 -0.13264994 -0.1592746 0.15546717 0.0 0.027614082231130037
-0.049434345 -0.010646763 0.13417195 0.010274801 0.1393188 0.005581625 -0.13417195 -0.010274801 0.0 0.41100222 -0.37398052 0.5150325 -0.21798706 -0.31693268 0.33684087 -0.4209629 0.18084742 -0.15748376 0.20233868 -0.26884487 -0.010721852 0.023834646 0.10220393 -0.02930899 -0.0920452 0.29362342 -0.30344135 -0.006506066 0.05076227 0.2153445 -0.25088027 -0.11155528 0.083049744 0.13965933 -0.03460997 -0.07778346 -0.1315887 0.13807085 0.0 0.028347400521499897
-0.0458105 -0.007870971 0.13437164 0.003389206 0.13486522 0.0007481979 -0.13437164 -0.003389206 0.0 0.39363152 -0.38773516 0.5028485 -0.23532812 -0.30998898 0.34716243 -0.41920596 0.1947554 -0.15973182 0.20752186 -0.26918358 0.0011069331 0.02622783 0.09834718 -0.029503267 -0.08630121 0.28308186 -0.31133336 -0.00529847 0.054652542 0.20309487 -0.25511795 -0.10894496 0.081806496 0.13667102 -0.04296143 -0.033980984 -0.09412958 0.11280402 0.0 0.028775149539346134
-0.042163286 -0.0051268754 0.13439319 -0.0006734368 0.13027196 -0.0028804175 -0.13439319 0.0006734368 0.0 0.37844217 -0.3982168 0.4917391 -0.24881783 -0.30505538 0.35543257 -0.41835234 0.2060336 -0.16320762 0.21206787 -0.26922995 0.009293033 0.027886352 0.09478752 -0.02784544 -0.08106231 0.27442586 -0.31698227 -0.004162295 0.056118283 0.1924974 -0.25771606 -0.10703959 0.0802539 0.13496792 -0.04870143 -0.0035192391 -0.040398996 0.08537134 0.0 0.02904658226136745
-0.038517922 -0.0023739552 0.13448031 -0.002735098 0.12562063 -0.00540121 -0.13448031 0.002735098 0.0 0.36578193 -0.40565345 0.4820635 -0.25856557 -0.3024052 0.36160284 -0.41868678 0.21451496 -0.1680494 0.21581694 -0.26921925 0.01502812 0.02880221 0.09145729 -0.028954268 -0.08107613 0.26786605 -0.3205068 -0.0039005175 0.05740253 0.1836459 -0.25879413 -0.1077449 0.07930211 0.13396052 -0.052017707 0.002095507 -0.005064271 0.059585717 0.0 0.0292927824258194
-0.034881458 0.00039350995 0.13449286 -0.0041804095 0.12096681 -0.0069857836 -0.13449286 0.0041804095 0.0 0.35558575 -0.4105118 0.47388464 -0.26504144 -0.3019573 0.36588588 -0.4202562 0.2204155 -0.1742027 0.21875831 -0.26926023 0.019103372 0.029013237 0.08826776 -0.031331237 -0.08270321 0.26331574 -0.32223123 -0.0030790195 0.05687145 0.17637208 -0.258572 -0.110089846 0.07969834 0.13324781 -0.053137597 -0.0012876998 0.036270622 0.03753075 0.0 0.02957330822217643
-0.031253252 0.003174894 0.13452761 -0.004801705 0.11633533 -0.007832457 -0.13452761 0.004801705 0.0 0.34755498 -0.41331583 0.46707213 -0.26884472 -0.30344045 0.36858004 -0.4229576 0.22410893 -0.1815044 0.22095081 -0.2692703 0.021854566 0.028653303 0.085199766 -0.032591302 -0.08346289 0.26052767 -0.32255986 -0.0018019566 0.05415834 0.17041005 -0.2572886 -0.112899214 0.08115734 0.13240413 -0.052120727 -0.018456845 0.07766548 0.019274123 0.0 0.0299206488351604
-0.027628973 0.005964619 0.13456953 -0.005225406 0.111732975 -0.008118584 -0.13456953 0.005225406 0.0 0.34132951 -0.4145232 0.46142337 -0.27053115 -0.30653444 0.36996934 -0.42662826 0.22597724 -0.18976775 0.22247353 -0.2693192 0.023855766 0.027863206 0.0822421 -0.03345808 -0.08393125 0.25920433 -0.32182732 -0.0005633121 0.05106058 0.165492 -0.25514683 -0.115927495 0.08368135 0.1309485 -0.049291644 -0.047757752 0.11059283 0.004964043 0.0 0.03028892806604134
-0.023996735 0.008746553 0.1345883 -0.005893235 0.10715726 -0.007988758 -0.1345883 0.005893235 0.0 0.33652538 -0.41452235 0.45670012 -0.2705978 -0.31089762 0.37033415 -0.43107235 0.22640955 -0.19879593 0.22343932 -0.26943076 0.026044836 0.026762182 0.07938132 -0.033906486 -0.083705895 0.25902268 -0.3202788 0.0002609862 0.049253102 0.16136847 -0.25233185 -0.11820869 0.086478084 0.12878004 -0.045201164 -0.07221113 0.12840395 -0.0060330997 0.0 0.030757746138062123
-0.020354116 0.011518119 0.13464366 -0.00594122 0.10260099 -0.0075652082 -0.13464366 0.00594122 0.0 0.33282584 -0.41361424 0.45269683 -0.2694366 -0.31625068 0.36987534 -0.43612167 0.22569768 -0.20842873 0.22391184 -0.26972303 0.026716236 0.025439069 0.07659016 -0.034173295 -0.083887234 0.2597397 -0.31986016 0.00048845087 -0.033521242 0.15766238 -0.2473308 -0.13075702 0.14843284 0.12594368 -0.04402793 -0.09213651 -0.039326694 -0.014881302 0.0 0.03128456187387521
-0.016681878 0.014231004 0.13419154 -0.0081968615 0.09807367 -0.006877364 -0.13419154 0.0081968615 0.0 0.3300612 -0.41192192 0.4493044 -0.2672246 -0.32241455 0.3687391 -0.44165775 0.2240418 -0.21856113 0.22389066 -0.269793 0.026484262 0.023960343 0.073876165 -0.03403224 -0.08246854 0.26126337 -0.31950107 0.005179534 -0.016646864 0.154143 -0.24159035 -0.13748321 0.14985059 0.124133766 -0.046532422 -0.049632568 -0.10728046 -0.023559282 0.0 0.03189069227822089
-0.012978487 0.016911093 0.13438593 -0.007698425 0.093553126 -0.0059666466 -0.13438593 0.007698425 0.0 0.32823673 -0.40945506 0.44651228 -0.26396576 -0.32943073 0.36683726 -0.44770628 0.22134793 -0.22923887 0.22324064 -0.2706483 0.023465246 0.022338567 0.071238115 -0.033084996 -0.08203444 0.26357052 -0.3182722 0.0054609566 -0.014619204 0.15104732 -0.23549008 -0.13840535 0.14934467 0.12388045 -0.047715154 0.00082195323 -0.031668637 -0.033691574 0.0 0.03258033304071618
-0.009303667 0.019642858 0.13478892 -0.0034901914 0.089027196 -0.0049597747 -0.13478892 0.0034901914 0.0 0.3273662 -0.4062998 0.44431534 -0.2597421 -0.3373256 0.36398655 -0.4542747 0.21742888 -0.24046282 0.22183177 -0.27103487 0.019532746 0.020576261 0.06856955 -0.032977194 -0.08573749 0.26665416 -0.3162355 0.0062915664 -0.009038695 0.14841579 -0.2291426 -0.14045091 0.14508489 0.12437732 -0.04634707 0.0023364334 0.028911425 -0.040846206 0.0 0.03334567658359931
-0.0056495923 0.022405785 0.13487273 -0.00212307 0.08449378 -0.00395526 -0.13487273 0.00212307 0.0 0.32702434 -0.4027763 0.44243166 -0.25500146 -0.34570086 0.36050415 -0.46110818 0.21272929 -0.251989 0.2198917 -0.2713004 0.017825518 0.018741235 0.06582973 -0.033286173 -0.08739933 0.2700848 -0.31357366 0.004012128 -0.0019192306 0.14594845 -0.22269909 -0.14367929 0.14356054 0.12471801 -0.04327456 -0.008510788 0.06448691 -0.041462906 0.0 0.034236347353422084
-0.0020069892 0.0251873 0.13495211 0.00034749616 0.07994755 -0.0030645072 -0.13495211 -0.00034749616 0.0 0.32666048 -0.39931196 0.44050673 -0.25033113 -0.35405755 0.3568489 -0.46790382 0.20786808 -0.26351592 0.21772668 -0.2716813 0.014474007 0.016929388 0.06300321 -0.033211365 -0.08964701 0.27341953 -0.31061754 0.0014374437 0.005609017 0.14330555 -0.21635322 -0.1472853 0.14082895 0.12450627 -0.039227337 -0.025397353 0.088974565 -0.040207904 0.0 0.0352447186773546
0.0016306317 0.027978456 0.1349987 0.0015724895 0.07538953 -0.0023175664 -0.1349987 -0.0015724895 0.0 0.3260642 -0.3960707 0.43841052 -0.24595554 -0.3622035 0.35322487 -0.47454983 0.20310974 -0.27492562 0.21548615 -0.27203068 0.012412066 0.015178777 0.06009747 -0.033226803 -0.090775035 0.27645233 -0.3075602 -0.0021850935 0.0108788675 0.1403716 -0.21017487 -0.15078895 0.13925534 0.12364437 -0.034595996 -0.04254547 0.10536005 -0.03637396 0.0 0.036338753138481075
0.00527304 0.030767094 0.13504899 0.0026369307 0.070820935 -0.00172936 -0.13504899 -0.0026369307 0.0 0.32503504 -0.3932067 0.43602353 -0.24208486 -0.36995947 0.34985378 -0.48094797 0.19873197 -0.28610784 0.21334663 -0.27238125 0.0103950305 0.013520665 0.057128444 -0.033070393 -0.09157271 0.2790562 -0.30460533 -0.004836489 0.014899941 0.13704254 -0.20422147 -0.15448096 0.13773711 0.12211986 -0.029650997 -0.05960691 0.11691074 -0.03197447 0.0 0.03749062632323129
0.008925475 0.033546634 0.13510992 0.003167729 0.066244006 -0.0012857828 -0.13510992 -0.003167729 0.0 0.32353422 -0.3907483 0.43332878 -0.2387568 -0.37729245 0.34681407 -0.48708698 0.19482258 -0.2970417 0.21138303 -0.2727171 0.009033596 0.0119578475 0.05411407 -0.032943316 -0.09185651 0.28121403 -0.30177662 -0.0072281337 0.020598765 0.13330409 -0.19849677 -0.15824214 0.13664784 0.11997154 -0.024547117 -0.07516715 0.124880046 -0.027383273 0.0 0.03870631973908739
0.012592269 0.036312386 0.13519433 0.0034756677 0.06165998 -0.00096535904 -0.13519433 -0.0034756677 0.0 0.32156724 -0.3886863 0.4303357 -0.23595883 -0.38421074 0.34413955 -0.49297917 0.19141209 -0.30773053 0.20964909 -0.27299854 0.008452104 0.010481272 0.051067583 -0.032925118 -0.09202155 0.2829372 -0.29912502 -0.009117411 0.023262622 0.12916934 -0.19298813 -0.16198112 0.13568899 0.11717582 -0.019357027 -0.09311247 0.13150178 -0.023244767 0.0 0.03999922200146046
0.01627516 0.039059464 0.13524431 0.003454161 0.05707168 -0.0007405572 -0.13524431 -0.003454161 0.0 0.3191894 -0.38697055 0.42708367 -0.23362428 -0.39076304 0.34181187 -0.49865732 0.18846561 -0.31819946 0.20815386 -0.27313027 0.008386773 0.009077443 0.048001736 -0.032909848 -0.09190051 0.28349695 -0.29472363 -0.05657352 0.112670444 0.127433 -0.18967965 -0.029123502 0.044369385 0.11121789 -0.015343906 -0.23588012 0.085700855 -0.019653795 0.0 0.0415296207582545
0.01998501 0.041760232 0.13510545 0.0020492943 0.052486707 -0.0005693368 -0.13510545 -0.0020492943 0.0 0.3164063 -0.3855703 0.42358288 -0.23172155 -0.39694378 0.33988672 -0.50412035 0.18603797 -0.32847038 0.20691417 -0.27395153 0.007490998 0.0077268435 0.044933774 -0.033623453 -0.0913211 0.28253543 -0.2892465 -0.07575043 0.12673125 0.12806252 -0.1882395 -0.0021893214 0.009381726 0.10252803 -0.012739266 -0.26695767 0.04601299 -0.014327957 0.0 0.043307778623201544
0.023723342 0.04441202 0.13495468 0.0010750697 0.047905337 -0.00044262302 -0.13495468 -0.0010750697 0.0 0.3131552 -0.3845283 0.4197989 -0.23030972 -0.4027002 0.3384567 -0.5093439 0.1842381 -0.3384826 0.20601733 -0.27380896 0.007434395 0.0064351945 0.04187625 -0.03361965 -0.09044842 0.28082705 -0.2838882 -0.081730306 0.1303373 0.12872022 -0.18757293 0.0003476105 0.004755489 0.09337168 -0.011299125 -0.27284816 0.024849445 -0.011262589 0.0 0.045220112235506274
0.027491627 0.047012605 0.13481756 -0.00047449657 0.043327853 -0.0003177225 -0.13481756 0.00047449657 0.0 0.3096458 -0.38366356 0.41585982 -0.22914875 -0.40821928 0.337326 -0.51443326 0.18281116 -0.34829512 0.20551552 -0.27180982 0.016697604 0.0051677944 0.038841885 -0.034218285 -0.08951931 0.27879754 -0.2786325 -0.08356797 0.1326476 0.1292359 -0.18715441 -0.00014349671 -1.4315256e-05 0.08414372 -0.010168629 -0.2725288 0.026780117 -0.009917885 0.0 0.047242807987167096
0.031288777 0.049568105 0.13476346 -0.0014940691 0.038751647 -0.00017313079 -0.13476346 0.0014940691 0.0 0.3060534 -0.38283363 0.41187018 -0.22804649 -0.41366127 0.3363096 -0.519478 0.18152246 -0.35802332 0.20528978 -0.27070317 0.02192528 0.0039052987 0.03583267 -0.034383703 -0.08864887 0.27664077 -0.27338034 -0.08493504 0.13419029 0.12963821 -0.18709213 -0.0026340755 -0.012849193 0.074923456 -0.0089721335 -0.27199003 0.030668097 -0.010544419 0.0 0.04940286069758222
0.035109535 0.052083362 0.13467078 -0.0024928488 0.03417812 2.097408e-06 -0.13467078 0.0024928488 0.0 0.30254674 -0.38191098 0.40793112 -0.22682911 -0.41917208 0.33522096 -0.52455646 0.18013912 -0.36773428 0.20517588 -0.2686724 0.029065631 0.002627968 0.032835994 -0.035025746 -0.088442296 0.27448425 -0.26802054 -0.08631878 0.13571261 0.12993102 -0.18754974 -0.008266974 -0.031461194 0.06571123 -0.007946116 -0.2725726 0.021101505 -0.012148857 0.0 0.051700029482298196
0.039242323 0.05393026 0.1187433 -0.060338084 0.029719068 0.00089426624 -0.1187433 0.060338084 1.0 0.29933158 -0.38014168 0.40420973 -0.22471702 -0.42472178 0.33463308 -0.5295999 0.17920844 -0.3773684 0.2057211 -0.25117803 0.09019305 0.0015310093 0.031286653 -0.007447082 0.032995358 0.27248678 -0.26180074 -0.07257969 0.19430889 0.1301078 -0.1880024 -0.00436179 0.0011754833 0.05662187 -0.0066501005 -0.25623542 0.06410172 -0.014479222 0.0 0.05131423211092903
0.04378675 0.05496475 0.12812003 -0.05287276 0.025351487 0.002785936 -0.12812003 0.05287276 1.0 0.29806882 -0.37603402 0.40167335 -0.21975748 -0.4318015 0.33279994 -0.535406 0.1765234 -0.3878584 0.20536171 -0.25904578 0.086676836 0.00080506154 0.030944703 -0.016043188 -0.012523395 0.27170378 -0.2533276 -0.08690487 0.18841757 0.1307286 -0.18792523 -0.035879254 -0.037436433 0.04753559 -0.004213098 -0.26864126 0.06633851 -0.08041431 0.0 0.05009302268663872
0.048343614 0.0556424 0.12315355 -0.056823142 0.021063894 0.005227024 -0.12315355 0.056823142 1.0 0.30245906 -0.36719218 0.402426 -0.20856412 -0.4435903 0.3245929 -0.5435572 0.16596484 -0.4011435 0.19934322 -0.25309753 0.09213512 -0.00035611037 0.03064756 -0.013435983 -0.0093356855 0.27446252 -0.2404717 -0.08949042 0.19431251 0.13358301 -0.186427 -0.05077651 -0.05154999 0.03886011 -0.0013321234 -0.25691962 0.047448948 -0.11752944 0.0 0.048400244047426655
0.052872855 0.05599409 0.1185476 -0.06233145 0.016797967 0.00789205 -0.1185476 0.06233145 1.0 0.3100983 -0.35522532 0.4048792 -0.19344513 -0.45794845 0.31205308 -0.55272937 0.1502729 -0.41587755 0.18938549 -0.24789228 0.09762611 -0.0017619663 0.030287955 -0.012966814 -0.009805931 0.27891335 -0.22481015 -0.09346976 0.20001636 0.13749956 -0.18410175 -0.06977686 -0.06366329 0.03043582 0.0017248373 -0.24723898 0.06192243 -0.15147702 0.0 0.0462740957307557
0.052704997 0.052655745 -0.027541636 -0.08873188 0.018177722 0.011440481 0.027541636 0.08873188 1.0 0.32608086 -0.33937994 0.4141672 -0.1738594 -0.46860898 0.29593444 -0.55669534 0.1304139 -0.4259309 0.17624386 -0.10056422 0.12530781 0.0019586554 0.029832978 0.10934376 -0.020691557 0.29008928 -0.20915036 0.040287863 0.060140874 0.14696428 -0.17645755 0.008777389 0.12104416 0.033268385 0.008685207 0.037269156 0.22269619 -0.18443277 0.0 0.04726109141308606
0.055350177 0.05096063 0.101323694 -0.07306594 0.01573489 0.015176596 -0.101323694 0.07306594 1.0 0.34464246 -0.31603196 0.42237645 -0.14540467 -0.4876358 0.26917666 -0.5653698 0.098549366 -0.44199902 0.15346487 -0.22790617 0.10928715 0.0014421868 0.029391767 -0.006596069 -0.012451662 0.30215734 -0.19146194 -0.042778376 -0.058713797 0.15428168 -0.16124214 -0.16092019 0.20288631 0.02852229 0.01678239 -0.21690862 0.1476462 -0.39994353 0.0 0.048822483361333116
0.057015553 0.05137047 0.037384305 0.0070220134 0.016477657 0.015369469 0.09037495 -0.035968896 1.0 0.3734126 -0.2790308 0.43331084 -0.101355664 -0.5142899 0.21810146 -0.5741881 0.040426325 -0.46132562 0.10841673 -0.16262089 0.015401109 -0.0051105064 0.028874645 -0.063702665 -0.024493245 0.32064426 -0.16326985 0.028401269 -0.11917129 0.1662599 -0.14016369 -0.088252425 0.12396177 0.025103295 0.019177891 -0.09007847 -0.028062103 -0.39603782 0.99444443 0.049211137181021845
0.05736756 0.05079611 0.015928281 -0.012831427 0.018999927 0.016952394 0.11057222 -0.003441179 1.0 0.39795566 -0.24176094 0.44075236 -0.059210416 -0.53285044 0.16903865 -0.5756471 -0.013511872 -0.47353455 0.06564702 -0.11811919 0.044914033 -0.0081355795 0.028075963 -0.017181521 -0.018447505 0.33725405 -0.13501191 0.06964298 -0.087422326 0.17650662 -0.118838646 -0.0757694 0.14014399 0.021952385 0.023008753 -0.037443608 0.052899096 -0.29803526 0.9611111 0.049812409593418275
0.05824847 0.050938834 0.017949838 -0.0017907885 0.020858362 0.018223561 0.10609154 -0.0040594433 1.0 0.41527915 -0.20886 0.44320115 -0.023450693 -0.54564846 0.12546673 -0.5735705 -0.059942577 -0.48214272 0.025868447 -0.13053708 -0.076534 -0.01112321 0.02658076 -0.009050444 -0.01689602 0.34940475 -0.11033494 0.07999014 -0.083261386 0.18238318 -0.099995166 -0.08198374 0.12716952 0.018524732 0.024952186 -0.022645935 0.00054857956 -0.36427745 0.92777777 0.05028169460667421
0.059219357 0.051266667 0.03368343 0.014722444 0.0220937 0.020068498 0.08707502 -0.008783793 1.0 0.4324447 -0.16825275 0.4424162 0.018981915 -0.5561687 0.07216324 -0.5661402 -0.11507142 -0.4859875 -0.020746905 -0.09652897 0.04971221 -0.013579275 0.0248974 0.004333055 -0.013272284 0.3610332 -0.07883679 0.07546896 -0.079457074 0.18746613 -0.07832788 -0.115010165 0.10030698 0.015100043 0.026523177 -0.023487529 -0.0064445063 -0.40622282 0.89444447 0.05169145186907602
0.060359646 0.052022744 0.031955592 0.025260339 0.022926154 0.021823162 0.084552445 -0.008440523 0.0 0.44524983 -0.12761633 0.4375587 0.059725866 -0.5615997 0.018706588 -0.5539085 -0.1686356 -0.48584798 -0.06791814 -0.12694111 -0.10404466 -0.015219572 0.023288282 0.030795584 0.0010158306 0.36956605 -0.0470449 0.08094971 -0.07464718 0.18970051 -0.057579625 -0.12725763 0.07862022 0.012416936 0.027112467 0.009804644 -0.027246665 -0.25276217 0.8611111 0.053717798768216495
0.06165961 0.05278817 0.037352048 0.025063517 0.024293076 0.022888899 0.075045384 -0.0026446749 0.0 0.4502152 -0.10450843 0.43251684 0.082154416 -0.5630183 -0.012236775 -0.54532 -0.19889963 -0.48499388 -0.09469863 -0.0857376 0.034603067 -0.015024075 0.022756511 0.05316852 0.016047914 0.37432742 -0.029194439 0.08157053 -0.049269326 0.18765111 -0.045126073 -0.14776172 0.062728785 0.0119053805 0.026612408 0.040429007 -0.039708436 -0.07639038 0.8277778 0.055259684439735876
0.06323602 0.05353082 0.044405248 0.02746729 0.026219359 0.023039512 0.06476982 -0.0043828567 0.0 0.4498981 -0.10023025 0.43005466 0.08621676 -0.5643294 -0.019614886 -0.5444859 -0.2060619 -0.48741284 -0.10192958 -0.11259867 -0.10812527 -0.013431406 0.023108741 0.05897699 0.015823184 0.3766937 -0.026403597 0.04868723 -0.041806113 0.18286638 -0.040949896 -0.15658899 0.05830613 0.01299102 0.025407016 0.043969646 -0.043810003 0.05290498 0.79444444 0.05666608195324806
0.06493677 0.054307338 0.047845114 0.027953915 0.02861784 0.02231087 0.05885455 -0.0074806875 0.0 0.44630754 -0.109592706 0.42997298 0.07719442 -0.56622505 -0.009923304 -0.54989046 -0.19671044 -0.49268404 -0.09351096 -0.08925524 0.03715931 -0.011039572 0.023735994 0.057803806 0.008576982 0.377909 -0.03438097 0.057203427 -0.015276161 0.17652842 -0.0425268 -0.16538474 0.050454557 0.014770786 0.023700358 0.03647505 -0.044596057 0.13977143 0.76111114 0.05794804511143909
0.06674352 0.055068277 0.052553803 0.026524356 0.031235069 0.020848155 0.052039117 -0.010715795 0.0 0.43985495 -0.12800655 0.43092144 0.059280507 -0.56794286 0.011635019 -0.5590094 -0.17565204 -0.49944332 -0.0753263 -0.1092968 -0.10128141 -0.00804633 0.024333369 0.05857449 0.001006757 0.3770904 -0.050461218 0.003025273 -0.048445135 0.16850322 -0.04917333 -0.19182499 -0.020791061 0.017239086 0.024230534 0.04971546 0.07854995 0.20417465 0.7277778 0.05895491478704104
0.068635546 0.05578587 0.057347566 0.018234003 0.03388432 0.018740188 0.045174815 -0.008418384 0.0 0.43032324 -0.15250632 0.43161595 0.034989223 -0.56836027 0.04188364 -0.569653 -0.1456119 -0.5060638 -0.048311997 -0.082232915 0.05201156 -0.0053258864 0.02453338 0.030170646 -0.008399028 0.3752946 -0.07164846 0.07584675 -3.563646e-05 0.15910491 -0.058270287 -0.19119807 0.008101664 0.019409029 0.026317704 0.008896602 0.103626505 0.24553224 0.6944444 0.060508593373725925
0.07063399 0.05631818 0.060990106 0.008958565 0.03632471 0.016331926 0.039228182 -0.0055838316 0.0 0.41805452 -0.17918159 0.4309226 0.007876318 -0.5667196 0.07650599 -0.5795877 -0.11055192 -0.51135147 -0.017713366 -0.108808495 -0.078133985 -0.003093347 0.02447219 0.014625135 -0.0103391 0.37001804 -0.096473105 -0.05511897 -0.08590636 0.14872204 -0.06741329 -0.19284391 0.01616707 0.02063183 0.028936548 -0.027491298 0.12346382 0.23567574 0.6611111 0.06213694118157492
0.07270692 0.056673683 0.06281466 -0.00016278088 0.038408626 0.014001687 0.0347854 -0.0022800083 0.0 0.40472445 -0.20348167 0.42854142 -0.017500494 -0.5633582 0.10952352 -0.5871752 -0.076457664 -0.51463914 0.012743073 -0.07741091 0.074289024 -0.0013272268 0.024275502 0.006445128 -0.009170416 0.36412358 -0.119508035 0.06246826 -0.015460242 0.13831522 -0.07456926 -0.1801921 0.05459132 0.020726906 0.03192792 -0.06379797 0.13137877 0.21684346 0.62777776 0.06393245954448717
0.074875556 0.05680446 0.06405293 -0.0113546895 0.04012641 0.01198299 0.030718382 0.004004744 0.0 0.3913596 -0.22413187 0.4248805 -0.0396526 -0.55900896 0.13912548 -0.59252983 -0.045353793 -0.51648927 0.039709877 -0.11014896 -0.053432714 0.00020116408 0.024045996 0.010080658 -0.006829503 0.3575428 -0.13921228 -0.03492315 -0.026570039 0.12847546 -0.0790462 -0.16488609 0.08958062 0.019682381 0.035198975 -0.09619195 0.13284713 0.1751738 0.59444445 0.06599109999533806
0.077085845 0.056712378 0.06305857 -0.0195421 0.041529685 0.010594188 0.028858438 0.008744185 0.0 0.38005674 -0.23885597 0.42084366 -0.05584592 -0.5552099 0.16168433 -0.5959968 -0.02132571 -0.5174468 0.06125776 -0.06812122 0.094697185 0.0018529426 0.023786811 0.031421952 -0.0072582266 0.35232824 -0.15253606 0.05358078 0.05419737 0.11984161 -0.080702014 -0.15901227 0.10214913 0.017352618 0.03873518 -0.12576967 0.124635406 0.100576945 0.5611111 0.0676388618237626
0.07932023 0.056519996 0.063689485 -0.017257025 0.04262652 0.010023075 0.02556366 0.004871861 0.0 0.3728464 -0.24604492 0.41745728 -0.063929245 -0.5538263 0.17399552 -0.5984372 -0.008120147 -0.51913196 0.072632276 -0.10948326 -0.04535974 0.0042015207 0.023295255 0.067900956 -0.019465249 0.3485784 -0.15986723 -0.06503612 -0.041443832 0.113240674 -0.079245195 -0.13626629 0.11998753 0.013274554 0.041887615 -0.16721226 0.078836225 0.03329756 0.5277778 0.06911698718940457
0.08155393 0.05673057 0.06663124 -0.0048273923 0.043383278 0.009735354 0.020209212 -0.007648238 0.0 0.3694427 -0.24749464 0.41492748 -0.06559526 -0.55520254 0.17699018 -0.6006873 -0.0049092057 -0.5214951 0.07599696 -0.05868632 0.076751314 0.0065192347 0.022446783 0.06615967 -0.028573576 0.34766647 -0.16145143 0.03938907 0.034447204 0.108182624 -0.0760058 -0.13968688 0.10576022 0.0073286137 0.042473618 -0.19369909 -0.025052236 -0.017789397 0.49444443 0.07016117167690411
0.083829984 0.05739173 0.07064613 0.00833411 0.04382399 0.009428394 0.013956469 -0.020110846 0.0 0.3681535 -0.24597621 0.41284233 -0.06387964 -0.55833936 0.17446075 -0.6030282 -0.007635813 -0.52493936 0.07339362 -0.1139293 -0.071335435 0.008649928 0.021322392 0.06548313 -0.03849396 0.34721538 -0.16071372 -0.085570894 -0.06453209 0.1038784 -0.072071426 -0.1327179 0.09959312 0.0016152244 0.039819617 -0.14272688 -0.11717949 -0.010601428 0.4611111 0.07139274817029925
0.08612253 0.058293775 0.072785884 0.012119653 0.044151593 0.00875 0.009595339 -0.023515398 0.0 0.36592245 -0.24599315 0.4104556 -0.06385845 -0.5609295 0.1736517 -0.6054626 -0.008483006 -0.5277809 0.07309854 -0.058723148 0.057740577 0.0107804695 0.019909928 0.06199065 -0.04581573 0.34650046 -0.16082713 0.018108496 0.024366165 0.09918146 -0.06880383 -0.14554365 0.08836103 -0.0016121712 0.03519707 -0.0621943 -0.14654642 0.021043545 0.42777777 0.07236124984142223
0.08852413 0.05927447 0.07664853 0.010756478 0.044343356 0.007688988 0.0034819164 -0.022403069 0.0 0.3616536 -0.24886855 0.40743834 -0.067044444 -0.56229025 0.17714085 -0.608075 -0.0046832706 -0.53050464 0.07613323 -0.12095834 -0.07250881 0.013060912 0.018117832 0.062857024 -0.05548199 0.34305912 -0.16191359 -0.13006513 0.04707775 0.09446349 -0.06544364 -0.107696444 0.12669072 -0.0017724696 0.031270802 0.019336687 -0.09666863 0.04643041 0.39444444 0.07312872424787048
0.091252685 0.05921958 0.08052592 -0.014231667 0.04443773 0.0074696667 -0.0026569928 0.0019148932 0.0 0.3558814 -0.25263113 0.40394235 -0.07139539 -0.5626483 0.18492964 -0.61070925 0.0036938998 -0.5324291 0.08403481 -0.063094825 0.083670855 0.01505922 0.017248703 0.04734137 -0.028300555 0.33911267 -0.16247834 -0.0055689183 0.122087546 0.0896895 -0.061401956 -0.12549089 0.14408386 0.00024398313 0.030949125 0.057669707 -0.00842159 0.059045546 0.3611111 0.07318400070930761
0.094026454 0.059641976 0.08305427 -0.009507259 0.044286944 0.0068514626 -0.007384111 -0.0033691996 0.0 0.35012144 -0.2564344 0.40029544 -0.07577224 -0.5632361 0.19182253 -0.6134101 0.0111603625 -0.5346962 0.09031373 -0.12136984 -0.053836055 0.016904166 0.015829865 0.04715135 -0.03761158 0.3346501 -0.16462907 -0.12296149 0.010068087 0.08497048 -0.057590596 -0.1141437 0.1438318 0.002354295 0.03032554 0.05056963 -0.018968767 0.01124908 0.32777777 0.07375441641696026
0.09685395 0.060084317 0.08460066 -0.0102385245 0.043938946 0.0066850036 -0.010947388 -0.002422912 0.0 0.34684515 -0.25669083 0.39732456 -0.07611376 -0.56575316 0.19310984 -0.6162326 0.012532776 -0.53761804 0.09205303 -0.06871395 0.08101354 0.018405609 0.014430246 0.04170894 -0.04204729 0.33123207 -0.16236857 -0.07087328 0.13548678 0.08090648 -0.05290757 -0.11928144 0.14210607 0.004064589 0.029583788 0.047876578 -0.022876738 -0.00259244 0.29444444 0.0732897556336912
0.099790916 0.060507 0.087647416 -0.011541119 0.043403156 0.00672235 -0.015916964 -0.000671983 0.0 0.3443113 -0.2557582 0.39450255 -0.07510083 -0.56900346 0.1925859 -0.6191947 0.011928528 -0.54122806 0.091332085 -0.1252874 -0.051622942 0.01986259 0.013313151 0.044136 -0.02897376 0.32893607 -0.16025034 -0.077704266 -0.016797882 0.076975204 -0.04790009 -0.117348395 0.14449078 0.005562324 0.028771164 0.04440912 -0.025208278 -0.012806318 0.2611111 0.07361866132007194
0.10277853 0.060958024 0.08947442 -0.010265028 0.042725533 0.0068907146 -0.019579692 -0.0012925239 0.0 0.34252706 -0.25376108 0.39185548 -0.07286622 -0.57291716 0.1902188 -0.6222456 0.009323934 -0.5448039 0.08957427 -0.069927365 0.07984845 0.021140225 0.012128387 0.03657713 -0.042668425 0.3262719 -0.15665337 -0.118139215 0.115116864 0.073145255 -0.042743783 -0.121364236 0.1407559 0.006886062 0.027862806 0.04199506 -0.028380431 -0.031157872 0.22777778 0.07292809098266369
0.105878055 0.06140109 0.092759214 -0.011097845 0.041851945 0.0072575468 -0.024614021 0.0004274361 0.0 0.34157443 -0.25046134 0.38935417 -0.069151245 -0.57763296 0.18567401 -0.6254127 0.0043639215 -0.549079 0.084997065 -0.12753889 -0.053048663 0.022337079 0.011319395 0.039370652 -0.02162691 0.32484406 -0.15258843 -0.053586572 -0.01836816 0.06938632 -0.037320618 -0.12068028 0.14212248 0.008000785 0.02694067 0.03860073 -0.029643951 -0.035852727 0.19444445 0.07284448975300722
0.109042704 0.061890546 0.09524408 -0.008426519 0.0408291 0.0076488075 -0.028795537 -0.0012990745 0.0 0.34087172 -0.2467348 0.38683757 -0.06495639 -0.58264726 0.18019481 -0.6286131 -0.0015836061 -0.55318445 0.080267444 -0.07550138 0.07801367 0.02345956 0.010605347 0.034184013 -0.031144278 0.32264394 -0.14793332 -0.14990768 0.08488977 0.0656629 -0.031890348 -0.12041614 0.13929605 0.00901266 0.025959305 0.036637124 -0.031822834 -0.04366566 0.16111112 0.07200402245454832
0.11233552 0.06238099 0.099152036 -0.009240958 0.03960659 0.008117232 -0.034351304 0.0005162091 0.0 0.34036943 -0.24250625 0.38424256 -0.06021143 -0.5879964 0.17377855 -0.63186955 -0.00851626 -0.557765 0.0739051 -0.13187014 -0.05570177 0.024548374 0.010163493 0.036129326 -0.015890349 0.32160565 -0.14285877 -0.028973315 0.008268522 0.061714582 -0.026477093 -0.13029447 0.13729078 0.009867278 0.024985982 0.031707115 -0.03134519 -0.044201855 0.12777779 0.07135456909692832
0.11572121 0.06293907 0.1026182 -0.0055342126 0.03821201 0.008536266 -0.0394297 -0.0022083765 0.0 0.3398087 -0.23822616 0.38150746 -0.055421714 -0.5934496 0.16697164 -0.63514835 -0.01583281 -0.56210667 0.06791637 -0.08346607 0.07530763 0.025586434 0.009805216 0.03205485 -0.020245148 0.31947684 -0.13814987 -0.17243066 0.03890753 0.057635184 -0.021233188 -0.12862378 0.13265084 0.010620308 0.023998545 0.02989801 -0.03284342 -0.048476487 0.094444446 0.07028373012291955
0.119275294 0.06315403 0.104582146 -0.02568352 0.03665928 0.009321753 -0.042970676 0.018914377 0.0 0.33923876 -0.23342502 0.37865025 -0.050113857 -0.5990093 0.16008082 -0.6384208 -0.023230352 -0.56677085 0.061116956 -0.13487609 -0.040236063 0.026491554 0.010010019 0.029709747 0.009609952 0.31804913 -0.13200532 -0.034311716 0.08330572 0.055291984 -0.015500376 -0.045365438 0.15246259 0.009733642 0.023469698 -0.041505706 -0.0081393095 -0.04512649 0.06111111 0.0687959766352653
0.12300693 0.0631582 0.11292569 -0.018002965 0.034890376 0.010369379 -0.052852653 0.012252817 0.0 0.3388138 -0.22792357 0.37565503 -0.044078603 -0.6048515 0.15240793 -0.6416927 -0.031437043 -0.5712814 0.054342486 -0.094350204 0.08781368 0.027200146 0.010565624 0.019760167 0.0007994566 0.31624055 -0.12655039 -0.16118212 -0.011042814 0.053977143 -0.009793993 -0.046896845 0.14014313 0.0063947323 0.023847416 -0.12814541 0.015180518 -0.07627366 0.027777778 0.06652882382572115
0.1268439 0.06337339 0.105018586 -0.008152758 0.03283255 0.011393576 -0.046428055 0.0037447494 0.0 0.33956376 -0.2205214 0.37265897 -0.035965297 -0.6116403 0.14054254 -0.64473546 -0.04401357 -0.5763728 0.042846184 -0.13198651 -0.059193183 0.02716607 0.011975199 -0.013267372 0.06831518 0.315344 -0.11873044 -0.050022632 0.07506243 0.053208522 -0.0050216033 0.013221097 0.05788701 0.000650167 0.023991328 -0.17045176 -0.023163138 -0.0825578 0.0 0.06487205137616572
0.1311231 0.06460907 0.12578781 0.042263735 0.030093122 0.011419605 -0.06866516 -0.04536188 0.0 0.33968058 -0.21392728 0.36890996 -0.028719576 -0.6188645 0.12717047 -0.6480938 -0.058037233 -0.5815797 0.03064706 -0.108284935 0.027500553 0.026647426 0.013076066 0.00747557 -0.021926671 0.31366235 -0.11282269 -0.14797561 -0.099192046 0.052935425 -0.0026799566 3.8738614e-05 0.00040888233 -0.007843398 0.022505421 -0.25546658 -0.08211711 -0.07356392 0.0 0.06165493776184483
0.13499646 0.066735186 0.119519815 0.047153834 0.027658563 0.010241298 -0.06386434 -0.04932841 1.0 0.33874425 -0.21032216 0.36516795 -0.02469339 -0.6248521 0.11623291 -0.6512758 -0.06939586 -0.5863932 0.01993539 -0.14558733 -0.11517173 0.026939332 0.012277412 0.020907484 -0.046710264 0.31136605 -0.10889611 -0.095753774 0.030724876 0.053005654 -0.0027695997 0.0033755503 -0.0388361 -0.016518708 0.01990667 -0.24488845 -0.066190794 -0.014728225 0.0 0.058484837602225295
0.13902102 0.06847113 0.12649646 0.025280936 0.0252476 0.009042103 -0.07230679 -0.027347464 1.0 0.33471292 -0.21116056 0.3609629 -0.025507146 -0.6291886 0.11449285 -0.6554386 -0.071160555 -0.5905062 0.018584164 -0.101053014 0.041489307 0.027437102 0.010910129 0.012758632 -0.036702856 0.30812028 -0.109985545 -0.09911295 -0.09271464 0.052759703 -0.0042017535 -0.0142327165 -0.047243014 -0.02495464 0.018788902 -0.24967034 -0.009570228 0.029327525 0.0 0.05443304927250138
0.14123258 0.06874494 0.051516607 -0.01010586 0.030135494 0.010283468 0.16093846 0.052435547 0.0 0.33075178 -0.21382685 0.35851514 -0.028393714 -0.6304616 0.11967752 -0.65822494 -0.065755606 -0.59262186 0.023024019 -0.07320575 -0.05961988 0.027964525 0.010939455 -1.8091534e-05 0.013136417 0.3052769 -0.11194116 -0.05610744 0.08388238 0.053648774 -0.006333176 0.024759933 -0.06027886 -0.030281577 0.02066228 -0.12687899 0.07894705 0.0414893 0.0 0.04901080220032464
0.14284451 0.06917434 0.04479435 0.015790943 0.03554334 0.011195276 0.16238919 0.023722941 0.0 0.3273261 -0.21670723 0.35661077 -0.03150826 -0.63111705 0.124676704 -0.66040176 -0.060522262 -0.59399164 0.028083052 -0.024714151 0.052788705 0.02825701 0.010269943 0.010560109 -0.025384659 0.3039031 -0.11461682 0.019373396 -0.068956986 0.053181525 -0.01077157 -0.037377898 -0.14948498 -0.0324245 0.024862591 -0.023724457 0.123733185 0.009781627 0.0 0.04287998421844391
0.14427759 0.069926575 0.045075066 0.015055312 0.040555846 0.010882261 0.14914958 -0.002654427 0.0 0.32426655 -0.21949865 0.35484523 -0.034508932 -0.6317666 0.12857723 -0.6623453 -0.05641249 -0.5954528 0.03132639 -0.066703886 -0.08449221 0.028815033 0.009255823 0.013883922 -0.024389021 0.30196786 -0.11676505 -0.07029184 0.04784897 0.050377857 -0.01593498 -0.10505307 -0.13497022 -0.031788643 0.028794004 0.034275107 0.10032218 0.08092258 0.0 0.037395955495118996
0.14576143 0.07053533 0.04673737 0.006742255 0.043596357 0.009654979 0.08440758 -0.008491314 0.0 0.31754228 -0.2272477 0.35238296 -0.043013133 -0.63020146 0.14280373 -0.6650421 -0.04143084 -0.59603035 0.045110863 -0.024379654 0.061541587 0.02928413 0.0078200605 0.006696238 -0.020829143 0.29913926 -0.12346275 0.046984218 -0.023953836 0.04515385 -0.020774394 -0.15902443 -0.09078721 -0.029225549 0.03239773 0.06598008 0.07640054 0.1193769 0.0 0.032773011548116376
0.14727733 0.07097921 0.0396694 0.0006549785 0.048427463 0.0089847855 0.06038258 0.1735022 0.0 0.30884966 -0.23698288 0.34932256 -0.053903125 -0.6271028 0.16195229 -0.66757566 -0.021127464 -0.59606814 0.0628671 -0.063574225 -0.068988025 0.029852306 0.0066250586 0.0050429585 0.041386735 0.29392383 -0.13290681 -0.09224377 0.0024734156 0.041156355 -0.02223767 -0.038521107 0.012092159 -0.025726244 0.033150006 0.08471977 -0.051542718 0.12340693 0.0 0.03103287333524693
0.14890265 0.071362555 0.050409812 -0.0019782376 0.050453812 0.01318913 0.05198045 0.16858451 0.0 0.30002925 -0.24599583 0.34590405 -0.064194426 -0.6237034 0.18047123 -0.66957825 -0.0013301863 -0.5959001 0.08098021 -0.046118345 0.07431406 0.030246096 0.0057785194 0.0083089955 -0.004018949 0.28901893 -0.14043187 0.029129121 0.0536987 0.04106152 -0.022445666 0.062126406 0.041705467 -0.022823697 0.030908344 0.041312914 -0.1041701 0.09538789 0.0 0.028132167590913512
0.15036535 0.07208887 0.045213044 0.018282305 0.055135604 0.012638556 0.13537422 0.0053445897 0.0 0.29295778 -0.25282928 0.34280953 -0.07207793 -0.62119776 0.19379795 -0.6710495 0.013046587 -0.59619915 0.09344856 -0.0805094 -0.08400556 0.03067738 0.004640451 0.010162216 -0.02381794 0.284338 -0.1465079 -0.0996056 -0.026921261 0.04337511 -0.02200455 0.084438585 0.03474492 -0.020686544 0.027403964 0.04483803 -0.1268187 0.061047498 0.0 0.024252965727886336
0.15190546 0.072813295 0.06373676 -0.057060286 0.059623566 0.011994588 0.1124933 0.076719835 0.0 0.2864195 -0.2586059 0.33969593 -0.07883417 -0.61908656 0.20530678 -0.67236304 0.025535055 -0.595968 0.10469921 -0.03588793 0.11388895 0.031122511 0.0037043418 0.03234766 0.057455495 0.28005353 -0.15058936 -0.012751795 0.14078179 0.04563121 -0.021181565 0.06317692 0.117032416 -0.018938405 0.024427954 -0.023512093 0.032494217 0.11411875 0.0 0.018146946837136857
0.1546363 0.072126314 0.08213324 -0.048824824 0.063273676 0.012709468 0.08982296 0.06425203 0.0 0.27837032 -0.26325083 0.33552074 -0.084672906 -0.6168949 0.22012937 -0.6740453 0.041551434 -0.59624094 0.11843003 -0.11739789 -0.022688642 0.030771544 0.004456938 -0.044607412 0.045366593 0.27454534 -0.15477829 -0.109806806 0.0067239553 0.047240634 -0.019005708 0.05065286 0.094793275 -0.018218342 0.024502285 0.00827946 -0.009723315 0.0043417327 0.0 0.012808060859999623
0.15764251 0.07113702 0.06752937 -0.06105107 0.06629382 0.015342881 0.099829786 0.0767493 0.0 0.27686498 -0.26027325 0.33329177 -0.081465326 -0.6203504 0.21947746 -0.6767772 0.040669553 -0.5993411 0.118030615 -0.045201667 0.12109626 0.030597925 0.006891144 0.0049443296 0.07829804 0.27228 -0.15054478 -0.06392325 0.15563424 0.04923017 -0.015316755 0.06406596 0.11066545 -0.017114587 0.024484616 0.047477122 0.01738038 -0.068363555 0.0 0.006700058151036498
0.16077927 0.070431836 0.07296526 -0.04074524 0.06859938 0.019012598 0.08959795 0.05966772 0.0 0.27979875 -0.25246593 0.3322148 -0.07244147 -0.6279156 0.20711088 -0.6803317 0.027086416 -0.6050071 0.105599776 -0.106384434 -0.031032955 0.02987553 0.009626051 0.01458568 0.061728436 0.2731817 -0.14256665 -0.052877434 -0.012187016 0.05117091 -0.01085426 0.05726024 0.0940938 -0.016096368 0.02435988 0.061241385 0.0048751715 -0.136307 0.0 0.0
