36
1
-0.24755132 -0.025593594 -0.08356026 0.039622884 0.17307624 -0.01990898 0.17194094 -0.042063914 0.0 -0.7475513 0.06815641 -0.7475513 -0.11934359 0.25244868 -0.11934359 0.25244868 0.06815641 -0.24755132 -0.025593594 0.08356026 -0.039622884 -0.07168465 0.24693091 -0.050557155 -0.008994403 -0.17846976 -0.12555747 0.17038833 0.08231366 0.0 2.6364227584315447
-0.24587703 -0.023011688 -0.021639517 -0.15149589 0.17765108 -0.017407184 0.10768941 0.14911924 0.0 -0.745877 0.070738316 -0.745877 -0.116761684 0.25412297 -0.116761684 0.25412297 0.070738316 -0.24587703 -0.023011688 0.021639517 0.15149589 -0.0750089 0.25023702 -0.12506324 0.16680339 -0.17291325 -0.120266706 0.15075018 0.20961392 0.0 2.602879258764116
-0.2421676 -0.02071869 -0.14830847 -0.016997939 0.18418452 -0.015192186 0.23208904 0.014683964 0.0 -0.7421676 0.073031306 -0.7421676 -0.114468694 0.25783238 -0.114468694 0.25783238 0.073031306 -0.2421676 -0.02071869 0.14830847 0.016997939 -0.071532555 0.25111774 0.22646363 -0.06295961 -0.16442326 -0.11612711 0.28918362 0.06722473 0.0 2.5676027253942495
-0.24236824 -0.020594789 0.09973158 0.0040884735 0.18673345 -0.015144226 -0.018160477 -0.006341425 0.0 -0.7423682 0.07315521 -0.7423682 -0.11434479 0.25763175 -0.11434479 0.25763175 0.07315521 -0.24236824 -0.020594789 -0.09973158 -0.0040884735 -0.06973237 0.24669422 -0.0619302 -0.14938365 -0.16151358 -0.1154269 -0.029323721 -0.005606351 0.0 2.5273852700357633
-0.24392062 -0.018082317 0.00555006 -0.12852831 0.18785813 -0.012705692 0.07386984 0.12633477 0.0 -0.7439206 0.07566769 -0.7439206 -0.11183231 0.25607938 -0.11183231 0.25607938 0.07566769 -0.24392062 -0.018082317 -0.00555006 0.12852831 -0.07094337 0.24502394 -0.010835745 0.005274427 -0.1605435 -0.11198803 0.06966693 0.17592664 0.0 2.488789101892179
-0.24364567 -0.018223511 -0.017637778 0.097264156 0.19073954 -0.0129188765 0.09496321 -0.09939984 0.0 -0.74364567 0.07552649 -0.74364567 -0.11197351 0.25635433 -0.11197351 0.25635433 0.07552649 -0.24364567 -0.018223511 0.017637778 -0.097264156 -0.07410145 0.24207623 -0.12650195 -0.1368477 -0.15563892 -0.11051074 0.16346473 -0.059771795 0.0 2.4444486229054436
-0.24411622 -0.02248129 0.03402675 0.12934126 0.1928067 -0.017246746 0.041259445 -0.13142063 0.0 -0.7441162 0.07126871 -0.7441162 -0.11623129 0.25588378 -0.11623129 0.25588378 0.07126871 -0.24411622 -0.02248129 -0.03402675 -0.12934126 -0.07731274 0.23511077 -0.08394351 -0.24076244 -0.15217826 -0.112422764 0.06953611 -0.040917944 0.0 2.3957295657333098
-0.24637574 -0.02603954 0.08890359 0.09010392 0.19301797 -0.020873237 -0.015602853 -0.09212845 0.0 -0.74637574 0.06771046 -0.74637574 -0.11978954 0.25362426 -0.11978954 0.25362426 0.06771046 -0.24637574 -0.02603954 -0.08890359 -0.09010392 -0.0809616 0.23046671 -0.12228717 -0.06389071 -0.14971519 -0.114295475 0.058793325 -0.06509931 0.0 2.3443936264767657
-0.24736404 -0.025837619 -0.014019542 -0.07436442 0.1944353 -0.020737758 0.085387185 0.072393276 0.0 -0.74736404 0.067912385 -0.74736404 -0.119587615 0.25263596 -0.119587615 0.25263596 0.067912385 -0.24736404 -0.025837619 0.014019542 0.07436442 -0.08344395 0.22893694 -0.0365393 -0.03112156 -0.14676392 -0.11654506 0.10575334 -0.044084765 0.0 2.2962059352722193
-0.24530502 -0.027151573 -0.09278493 0.11938803 0.1988365 -0.022116404 0.16227046 -0.12130719 0.0 -0.745305 0.06659842 -0.745305 -0.12090158 0.25469497 -0.12090158 0.25469497 0.06659842 -0.24530502 -0.027151573 0.09278493 -0.11938803 -0.0837175 0.22446884 0.012720999 -0.20083863 -0.1451506 -0.11799661 0.015222747 -0.054879002 0.0 2.2394960579704932
-0.24254805 -0.030383427 -0.083479226 0.09167594 0.2038739 -0.02541124 0.15113227 -0.09354448 0.0 -0.74254805 0.06336658 -0.74254805 -0.12413342 0.25745195 -0.12413342 0.25745195 0.06336658 -0.24254805 -0.030383427 0.083479226 -0.09167594 -0.08078061 0.21808393 0.15030406 -0.19043358 -0.1453697 -0.11723981 0.0057877884 0.036971256 0.0 2.179976042311801
-0.23812461 -0.030317627 -0.1354247 -0.063167945 0.21051763 -0.025406763 0.20129359 0.061348677 0.0 -0.7381246 0.06343237 -0.7381246 -0.12406763 0.2618754 -0.12406763 0.2618754 0.06343237 -0.23812461 -0.030317627 0.1354247 0.063167945 -0.07278359 0.21454386 0.2497328 -0.033798434 -0.14368726 -0.11431784 0.045103606 0.12863076 0.0 2.121747655371939
-0.23414603 -0.03185212 -0.100363806 0.103896536 0.21665794 -0.027000962 0.16449559 -0.10566782 0.0 -0.734146 0.06189788 -0.734146 -0.12560213 0.26585397 -0.12560213 0.26585397 0.06189788 -0.23414603 -0.03185212 0.100363806 -0.103896536 -0.06958222 0.20937572 0.0005370702 -0.21452966 -0.14243406 -0.11183546 0.038659908 0.02927599 0.0 2.056866081246606
-0.23311529 -0.036595542 0.00813401 0.1496605 0.2197934 -0.031802516 0.05430649 -0.15138508 0.0 -0.7331153 0.057154458 -0.7331153 -0.13034554 0.2668847 -0.13034554 0.2668847 0.057154458 -0.23311529 -0.036595542 -0.00813401 -0.1496605 -0.06832164 0.20145014 0.06384121 -0.24167143 -0.14356783 -0.11706161 -0.078358725 -0.25571206 0.0 1.9869648779944828
-0.23326504 -0.036401715 0.0025844132 -0.09984579 0.22169286 -0.031665284 0.058209397 0.0981667 0.0 -0.73326504 0.057348285 -0.73326504 -0.13015172 0.26673496 -0.13015172 0.26673496 0.057348285 -0.23326504 -0.036401715 -0.0025844132 0.09984579 -0.06829559 0.20225005 -0.045787934 0.19660008 -0.14754546 -0.11664911 -0.1280102 0.17987603 0.0 1.9158107971226142
-0.23189579 -0.031649493 -0.059454866 -0.13807702 0.22505727 -0.026968172 0.118645415 0.13644221 0.0 -0.7318958 0.062100507 -0.7318958 -0.1253995 0.2681042 -0.1253995 0.2681042 0.062100507 -0.23189579 -0.031649493 0.059454866 0.13807702 -0.06528022 0.20733503 0.17293671 0.08482008 -0.1463308 -0.10778153 0.12310086 0.27265736 0.0 1.8427955174495785
-0.23419659 -0.029017268 0.14273779 -0.044507496 0.22469904 -0.024389597 -0.08510823 0.0429158 0.0 -0.7341966 0.06473273 -0.7341966 -0.12276727 0.26580343 -0.12276727 0.26580343 0.06473273 -0.23419659 -0.029017268 -0.14273779 0.044507496 -0.06796977 0.20740007 -0.24390592 -0.04544271 -0.14666475 -0.101313636 -0.08289137 0.15512635 0.0 1.7613093703820033
-0.23718081 -0.025251271 0.055537544 -0.13920094 0.22360612 -0.020675838 0.0005722093 0.13765122 0.0 -0.7371808 0.06849873 -0.7371808 -0.11900127 0.2628192 -0.11900127 0.2628192 0.06849873 -0.23718081 -0.025251271 -0.055537544 0.13920094 -0.07229053 0.2065088 -0.056473825 -0.010734914 -0.15024137 -0.093141116 -0.12131293 0.26496032 0.0 1.6773933736139783
-0.24096522 -0.024711002 0.13882826 0.053929005 0.22166316 -0.02018643 -0.084198244 -0.05543786 0.0 -0.74096525 0.069038995 -0.74096525 -0.118461005 0.25903478 -0.118461005 0.25903478 0.069038995 -0.24096522 -0.024711002 -0.13882826 -0.053929005 -0.07548433 0.20197164 -0.11286607 -0.2011529 -0.15528062 -0.09147517 -0.1596993 -0.07767516 0.0 1.5850051488201402
-0.24519865 -0.02296227 0.107789375 -0.10395515 0.21922262 -0.018487215 -0.054600064 0.10248609 0.0 -0.74519867 0.07078773 -0.74519867 -0.11671227 0.25480136 -0.11671227 0.25480136 0.07078773 -0.24519865 -0.02296227 -0.107789375 0.10395515 -0.080390014 0.20192897 -0.15706989 0.10333895 -0.16323666 -0.08874549 -0.25035134 0.16054264 0.0 1.487848972569051
-0.24557856 -0.018613374 -0.043060213 -0.13651602 0.22058831 -0.014186532 0.09484681 0.1350857 0.0 -0.7455785 0.075136624 -0.7455785 -0.112363376 0.25442144 -0.112363376 0.25442144 0.075136624 -0.24557856 -0.018613374 0.043060213 0.13651602 -0.08230784 0.20271698 0.010472582 -0.012917995 -0.16834626 -0.08242839 -0.09444346 0.19502118 0.0 1.3902662370935113
-0.24157758 -0.016332727 -0.14809482 -0.022500265 0.22628886 -0.011952826 0.19851568 0.021107668 0.0 -0.74157757 0.07741728 -0.74157757 -0.11008272 0.25842243 -0.11008272 0.25842243 0.07741728 -0.24157758 -0.016332727 0.14809482 0.022500265 -0.07553787 0.20282713 0.29655018 0.005000393 -0.16765921 -0.07881122 0.065546036 0.053950176 0.0 1.2867363753877685
-0.23821421 -0.013005065 -0.06879748 -0.13209124 0.23130697 -0.008670867 0.117888644 0.13073537 0.0 -0.7382142 0.08074494 -0.7382142 -0.10675506 0.2617858 -0.10675506 0.2617858 0.08074494 -0.23821421 -0.013005065 0.06879748 0.13209124 -0.06845905 0.20740475 0.16482809 0.20513564 -0.16429508 -0.07330248 0.12846304 0.21838596 0.0 1.1780865342568292
-0.23645169 -0.009625707 -0.04638334 -0.088822074 0.2346806 -0.0053360066 0.09417987 0.08750196 0.0 -0.7364517 0.0841243 -0.7364517 -0.1033757 0.2635483 -0.1033757 0.2635483 0.0841243 -0.23645169 -0.009625707 0.04638334 0.088822074 -0.06559959 0.21089986 0.031843156 0.041845173 -0.1593849 -0.07084214 0.15494381 -0.015412723 0.0 1.0675770738126287
-0.23518783 -0.004811654 -0.024568012 -0.1482746 0.23751308 -0.0005652779 0.07110405 0.1469893 0.0 -0.7351878 0.08893835 -0.7351878 -0.09856165 0.26481217 -0.09856165 0.26481217 0.08893835 -0.23518783 -0.004811654 0.024568012 0.1482746 -0.061316174 0.21338934 0.16186823 0.08055349 -0.15887983 -0.069978 -0.06909631 0.03263353 0.0 0.9504659086806653
-0.2350754 1.4880758e-05 0.0074880263 -0.14120995 0.23915276 0.0042190747 0.037820753 0.13995855 0.0 -0.7350754 0.09376488 -0.7350754 -0.09373512 0.26492462 -0.09373512 0.26492462 0.09376488 -0.2350754 1.4880758e-05 -0.0074880263 0.14120995 -0.05679004 0.21692675 0.12542531 0.11696868 -0.16335906 -0.06666601 -0.15722246 0.13496879 0.0 0.8247575264396965
-0.23379904 0.00012041991 -0.06857445 0.0848896 0.24191609 0.0042835446 0.11268834 -0.086108 0.0 -0.73379904 0.09387042 -0.73379904 -0.09362958 0.26620096 -0.09362958 0.26620096 0.09387042 -0.23379904 0.00012041991 0.06857445 -0.0848896 -0.050451778 0.21739595 0.2155184 -0.056189224 -0.16710475 -0.06749008 -0.076242894 -0.122035265 0.0 0.6894028550644231
-0.23204882 -0.0026788556 -0.037943274 0.078591414 0.24511406 0.0014442827 0.080893785 -0.07977769 0.0 -0.7320488 0.091071144 -0.7320488 -0.096428856 0.26795116 -0.096428856 0.26795116 0.091071144 -0.23204882 -0.0026788556 0.037943274 -0.078591414 -0.048958533 0.21525158 -0.06351666 -0.063166924 -0.16900621 -0.07026196 -0.057109796 -0.054789033 0.0 0.546745557445913
-0.2342605 -0.0030286585 0.13794814 -0.039285522 0.24431196 0.0010555481 -0.09613033 0.038130537 0.0 -0.7342605 0.09072134 -0.7342605 -0.09677866 0.2657395 -0.09677866 0.2657395 0.09072134 -0.2342605 -0.0030286585 -0.13794814 0.039285522 -0.053836875 0.21517059 -0.19794273 0.041579425 -0.17475554 -0.0673423 -0.22569501 0.16151541 0.0 0.39267088364537583
-0.23841086 -0.0040256027 0.11344777 0.07072459 0.241534 2.0698973e-05 -0.07273278 -0.071849115 0.0 -0.7384109 0.0897244 -0.7384109 -0.0977756 0.26158914 -0.0977756 0.26158914 0.0897244 -0.23841086 -0.0040256027 -0.11344777 -0.07072459 -0.06262939 0.21394713 -0.26450437 -0.08149167 -0.18163094 -0.064290844 -0.19103695 0.04864581 0.0 0.22827587447725062
-0.24260318 -0.005258453 0.12930429 0.014260435 0.23867789 -0.0012490569 -0.089663036 -0.015355305 0.0 -0.7426032 0.088491544 -0.7426032 -0.099008456 0.25739682 -0.099008456 0.25739682 0.088491544 -0.24260318 -0.005258453 -0.12930429 -0.014260435 -0.06918166 0.20915824 -0.14822996 -0.1621053 -0.18464567 -0.06462622 -0.02124083 -0.045108303 0.0 0.05779866316640225
-0.24758752 -0.0043784063 0.14258307 -0.045906503 0.23499452 -0.00040494266 -0.10398724 0.044840507 0.0 -0.7475875 0.08937159 -0.7475875 -0.09812841 0.25241247 -0.09812841 0.25241247 0.08937159 -0.24758752 -0.0043784063 -0.14258307 0.045906503 -0.07191264 0.20627612 -0.03052846 -0.040975858 -0.19009647 -0.06453782 -0.24395438 0.028621528 0.0 -0.12430492145470096
-0.25194988 -0.0018043023 0.1195127 -0.08908299 0.23189883 0.002134177 -0.08193472 0.08804511 0.0 -0.7519499 0.0919457 -0.7519499 -0.0955543 0.24805012 -0.0955543 0.24805012 0.0919457 -0.25194988 -0.0018043023 -0.1195127 0.08908299 -0.07666676 0.20792043 -0.2104488 0.09793714 -0.19788183 -0.0591733 -0.1967876 0.21799353 0.0 -0.31801761563171027
-0.25404984 0.0013462955 0.032564465 -0.10350834 0.23103213 0.005250713 0.0040224986 0.10249782 0.0 -0.75404984 0.0950963 -0.75404984 -0.0924037 0.24595016 -0.0924037 0.24595016 0.0950963 -0.25404984 0.0013462955 -0.032564465 0.10350834 -0.08094008 0.20776376 -0.065704666 -0.043950565 -0.20045431 -0.05152208 -0.0123397 0.24005744 0.0 -0.518647723871263
-0.25785902 0.002060522 0.1453556 0.03761175 0.22842367 0.005931776 -0.10973351 -0.03859561 0.0 -0.75785905 0.095810525 -0.75785905 -0.091689475 0.24214096 -0.091689475 0.24214096 0.095810525 -0.25785902 0.002060522 -0.1453556 -0.03761175 -0.08499333 0.20871677 -0.1377553 0.062415875 -0.2011051 -0.047131766 -0.020662494 0.04562567 0.0 -0.7355800765466691
-0.26178715 -0.0009999811 0.097796366 0.11337127 0.22566462 0.0028389834 -0.063113704 -0.11432918 0.0 -0.7617872 0.09275002 -0.7617872 -0.09474998 0.23821285 -0.09474998 0.23821285 0.09275002 -0.26178715 -0.0009999811 -0.097796366 -0.11337127 -0.08772186 0.21050338 -0.051754057 0.02967751 -0.20328079 -0.046378672 -0.087130494 0.019425286 0.0 -0.9666666666666668
