98
-0.35232106 -0.011275308 -0.21206205 0.04838015 -0.23891197 -0.2688208 0.21206205 -0.04838015 0.0 -0.66032666 -0.5451807 -0.52758026 -0.67759913 0.17865145 0.030381652 0.04590506 0.1628001 -0.06667796 0.08050241 0.3163088 -0.18834804 -0.16163196 -0.061888978 0.27058172 -0.1301646 -0.42406443 -0.5459952 0.27673554 -0.019074474 -0.2869557 -0.46320504 0.23424341 0.09055049 -0.5485317 -0.41345635 0.4401807 -0.06945813 0.0 0.0 0.038485841605345614
-0.3485096 -0.013211041 -0.11041769 -0.07933161 -0.24128933 -0.26169536 0.11041769 0.07933161 0.0 -0.6693042 -0.52771866 -0.5398194 -0.6633282 0.18343128 0.027257439 0.053946488 0.16286694 -0.05665382 0.08171958 0.2469443 0.07336008 -0.1596088 -0.060452133 0.041938033 -0.042355828 -0.4337534 -0.5327458 0.031936496 0.13697897 -0.29245108 -0.45037064 0.1692387 0.20736225 -0.550387 -0.3968498 0.20998368 0.17705357 0.36207035 0.0 0.039767488416294836
-0.344121 -0.013839752 -0.11093727 -0.068739325 -0.25369412 -0.24346346 0.11093727 0.068739325 0.0 -0.6977754 -0.48170048 -0.5771859 -0.6252777 0.1885593 0.017866299 0.0679698 0.16144353 -0.042863697 0.08660494 0.24842212 0.03624743 -0.16099297 -0.05175846 0.07776002 -0.053348176 -0.46700665 -0.4993084 -0.016363386 0.13404755 -0.3145769 -0.4242314 0.1738905 0.1951359 -0.56696534 -0.35572162 0.22545977 0.15224023 -0.078656964 0.0 0.04139216700192813
-0.33975488 -0.014521696 -0.10897422 -0.07119997 -0.23938991 -0.2516251 0.10897422 0.07119997 0.0 -0.6728975 -0.5086003 -0.54628944 -0.6468994 0.19130576 0.028343743 0.064697675 0.16664284 -0.038129013 0.086261 0.24771358 0.045685034 -0.15651913 -0.06016961 0.050988566 -0.04306106 -0.44591814 -0.5141872 -0.017543744 0.13687451 -0.29064018 -0.4304054 0.1623165 0.20201828 -0.5437879 -0.37419352 0.22125259 0.15769508 -0.4236397 0.0 0.043232014307429956
-0.33534056 -0.015297192 -0.10228575 -0.08356453 -0.2024441 -0.27683458 0.10228575 0.08356453 0.0 -0.60024405 -0.58622164 -0.45726871 -0.7075242 0.18967824 0.055010855 0.046702914 0.1763134 -0.040440395 0.08323757 0.24258322 0.06901375 -0.14554825 -0.08059543 0.06822945 -0.038471803 -0.37869355 -0.56113917 -0.021996468 0.1531175 -0.22963507 -0.45598862 0.13699307 0.22057374 -0.4856054 -0.4332888 0.20364009 0.18263856 -0.6936776 0.0 0.0460522321892568
-0.3309041 -0.016309349 -0.09287175 -0.096860565 -0.14312889 -0.30687258 0.09287175 0.096860565 0.0 -0.47493398 -0.6861752 -0.3115241 -0.7781179 0.17883688 0.09340155 0.015426994 0.18534423 -0.047692075 0.0779068 0.23290743 0.11269485 -0.12467273 -0.10771639 0.09295198 -0.030364556 -0.26652935 -0.6174124 -0.03132149 0.1663628 -0.13570727 -0.4831308 0.09281671 0.2382512 -0.38866428 -0.51031154 0.17448243 0.2127396 -0.9050519 0.0 0.04834315179457367
-0.32673943 -0.017113276 -0.05145191 -0.11405652 -0.0644465 -0.3282536 0.05145191 0.11405652 0.0 -0.29693374 -0.7753719 -0.11639243 -0.8259792 0.15351272 0.13690777 -0.027028576 0.18751499 -0.058440372 0.06992567 0.18191841 0.16704361 -0.09313822 -0.13483411 0.05862742 -0.017918143 -0.11523741 -0.65741867 -0.07766924 0.1738564 -0.016798388 -0.4931194 0.009547818 0.24913383 -0.25300494 -0.5796049 0.10435152 0.24554622 -1.0251622 0.0 0.04972430549570081
-0.32247683 -0.017790046 -0.021958414 -0.12521672 0.024401575 -0.3294238 0.021958414 0.12521672 0.0 -0.08299475 -0.8217968 0.10449838 -0.8234011 0.11305495 0.17656228 -0.074438184 0.17816664 -0.07011148 0.05926045 0.1370837 0.20639932 -0.052428667 -0.15441026 0.06681621 0.0033083728 0.056968953 -0.65886414 -0.10799092 0.18253458 0.11081182 -0.4721173 -0.060258955 0.24033485 -0.091205694 -0.6165819 0.04083072 0.26568452 -1.066982 0.0 0.050366643664301686
-0.31826368 -0.018090768 0.031525224 -0.120622106 0.111044526 -0.30666733 -0.031525224 0.120622106 0.0 0.13962136 -0.8098059 0.3206772 -0.76107156 0.060760647 0.20455949 -0.12029518 0.15582515 -0.08100042 0.04595742 0.06711622 0.22136657 -0.0075570224 -0.16235782 0.03339129 0.009305373 0.22631301 -0.6136565 -0.15733132 0.18476063 0.22873922 -0.4180425 -0.14512286 0.20500048 0.07605899 -0.6095365 -0.049102906 0.26125774 -1.0478961 0.0 0.04954407044921367
-0.31391737 -0.018767312 0.03522797 -0.12547585 0.18501818 -0.26339245 -0.03522797 0.12547585 0.0 0.3428031 -0.742004 0.5050841 -0.6480831 0.004172659 0.21741545 -0.15810832 0.12349456 -0.08917053 0.031588845 0.043124244 0.24285942 0.036285695 -0.15764792 0.05971705 0.040000916 0.37169522 -0.5281177 -0.14781524 0.20175564 0.32300055 -0.33889318 -0.16918534 0.1712258 0.22780915 -0.5605277 -0.08706079 0.25738773 -0.9570893 0.0 0.04759760888466069
-0.30972454 -0.019804483 0.0639038 -0.109910265 0.24016045 -0.20813116 -0.0639038 0.109910265 0.0 0.50717044 -0.6355312 0.64248085 -0.5057339 -0.049771402 0.21592171 -0.18508182 0.086124405 -0.094997115 0.017824817 -0.03199847 0.24670048 0.07426962 -0.14295775 0.0435479 0.042246327 0.48057225 -0.41847867 -0.1679353 0.19599178 0.38733375 -0.24838483 -0.20535438 0.116312556 0.34958732 -0.48263633 -0.14469348 0.22636001 -0.88663965 0.0 0.04589492294736012
-0.30561548 -0.021104611 0.07509079 -0.10247095 0.27734235 -0.14687012 -0.07509079 0.10247095 0.0 0.6318066 -0.5050882 0.7352604 -0.34871188 -0.098746575 0.20304194 -0.20220041 0.046665628 -0.09922515 0.0046299817 -0.07223226 0.24323627 0.105327316 -0.12086525 0.048886493 0.07727534 0.5548252 -0.30010986 -0.16152574 0.015819617 0.42500943 -0.15396057 -0.21573289 0.10760294 0.4419986 -0.3866326 -0.12970708 0.2308654 -0.81325454 0.0 0.04659882170285501
-0.3014938 -0.021923043 0.1114857 -0.05575286 0.29793295 -0.08496139 -0.1114857 0.05575286 0.0 0.7179794 -0.3633965 0.7873821 -0.1892141 -0.14159076 0.18093377 -0.21099348 0.006751358 -0.102410056 -0.0087523805 -0.13384798 0.19306639 0.12855868 -0.09433699 0.015789922 0.06678571 0.59955215 -0.18293536 -0.12710527 -0.08482185 0.4393439 -0.06267205 -0.24669887 0.028636424 0.50488895 -0.28267705 -0.2110395 0.15044141 -0.7720226 0.0 0.04807064093439192
-0.29723993 -0.021800831 0.12541285 -0.010179041 0.30444023 -0.026207386 -0.12541285 0.010179041 0.0 0.76968956 -0.2198777 0.8047793 -0.035690416 -0.17755295 0.15145491 -0.2126427 -0.03273239 -0.10477011 -0.02300182 -0.1761004 0.1377399 0.14408463 -0.066075794 -0.0046084863 0.058714405 0.6187486 -0.06992826 -0.150802 -0.12910667 0.43469498 0.020776365 -0.25402933 -0.040133853 0.5413816 -0.17827581 -0.23339996 0.09640031 -0.6724693 0.0 0.050416219575336665
-0.29292247 -0.02096047 0.12656927 0.028646978 0.30031684 0.022860711 -0.12656927 -0.028646978 0.0 0.7908461 -0.09266468 0.79555136 0.09477627 -0.20413372 0.11987087 -0.20883895 -0.067570075 -0.106318034 -0.03647285 -0.19476949 0.088734195 0.15238966 -0.040218405 -0.013906503 0.03913493 0.6171059 0.02599121 -0.14555132 -0.16901378 0.41714573 0.08808086 -0.24709366 -0.094810456 0.5546665 -0.08654121 -0.24978253 0.032786876 -0.5377104 0.0 0.053186128098569374
-0.28875673 -0.019306397 0.112327404 0.07042263 0.29109412 0.058310047 -0.112327404 -0.07042263 0.0 0.79224443 0.005267957 0.77338547 0.19181712 -0.22154337 0.09123598 -0.20268442 -0.09531318 -0.10764426 -0.047957666 -0.19368158 0.03672032 0.1557418 -0.020008644 -0.010363223 0.013779256 0.60471255 0.096378095 -0.12404225 -0.21156439 0.39495608 0.13505204 -0.2272484 -0.1457843 0.55276984 -0.016668765 -0.24119307 -0.020931378 -0.35773027 0.0 0.055659198179385916
-0.28462532 -0.017322188 0.10980146 0.07849214 0.28185338 0.07848553 -0.10980146 -0.07849214 0.0 0.7856302 0.065293886 0.75205845 0.2497639 -0.23178163 0.070714585 -0.1982099 -0.113755435 -0.11025584 -0.055658795 -0.19960153 0.020235231 0.15630706 -0.0070730955 -0.01758717 0.01806469 0.59129554 0.13651952 -0.11763358 -0.21822011 0.37559637 0.16038784 -0.219701 -0.16098517 0.5441301 0.025720969 -0.24307147 -0.042654343 -0.16965541 0.0 0.05737087904366958
-0.2803969 -0.015453516 0.11122133 0.07852188 0.27535713 0.08507199 -0.11122133 -0.07852188 0.0 0.77929425 0.088600785 0.7396211 0.2718555 -0.23773734 0.060265064 -0.19806415 -0.12298964 -0.115234904 -0.058791846 -0.20416409 0.01592551 0.15577568 -0.0012272377 -0.020802582 0.020568082 0.5824943 0.14864501 -0.11909543 -0.2166869 0.36272767 0.16707209 -0.21673742 -0.16661072 0.53466463 0.04209051 -0.24600248 -0.047782388 -0.011723494 0.0 0.059113760260782744
-0.2761071 -0.013706443 0.1136082 0.07546535 0.27193367 0.0811294 -0.1136082 -0.07546535 0.0 0.77588207 0.082196504 0.7371045 0.26564282 -0.24127586 0.058829166 -0.2024983 -0.12461715 -0.12247608 -0.057611234 -0.20535244 0.019258503 0.15506774 -0.0012765041 -0.020442674 0.021149905 0.57907695 0.13856055 -0.12269313 -0.21209179 0.35610637 0.15972883 -0.21953629 -0.16299696 0.526443 0.037917126 -0.24874048 -0.045523074 0.11114504 0.0 0.060992596662540324
-0.27179158 -0.0120503595 0.11716996 0.06923919 0.2705841 0.06940976 -0.11716996 -0.06923919 0.0 0.7742746 0.053253464 0.74178904 0.23791787 -0.24308775 0.06466183 -0.21060224 -0.12000257 -0.13133548 -0.05246451 -0.20555688 0.028020244 0.15431145 -0.0058651185 -0.017493963 0.020318624 0.579036 0.11168273 -0.13127296 -0.20548448 0.35370532 0.14222816 -0.22563563 -0.15358905 0.5189091 0.01867668 -0.2514998 -0.035683025 0.20161092 0.0 0.06289673408707301
-0.26746342 -0.010468993 0.12135029 0.060665034 0.26990062 0.052244473 -0.12135029 -0.060665034 0.0 0.77192485 0.008235471 0.74970967 0.19441478 -0.24324666 0.075933725 -0.22103146 -0.110245585 -0.14100969 -0.043785788 -0.20660771 0.038970705 0.15324797 -0.013724222 -0.013897813 0.018883025 0.57953906 0.07285794 -0.14063881 -0.19394986 0.35309535 0.11768534 -0.23399024 -0.1393144 0.5105449 -0.01078714 -0.25373015 -0.02074814 0.2622688 0.0 0.06451424798178959
-0.2631275 -0.009017702 0.12602848 0.047353398 0.2686081 0.031795565 -0.12602848 -0.047353398 0.0 0.7663886 -0.04681553 0.757098 0.14045416 -0.24167363 0.09090453 -0.23238307 -0.09636516 -0.15068647 -0.032081652 -0.20779245 0.055039983 0.15155087 -0.023608949 -0.01081307 0.019852558 0.5785747 0.029821219 -0.12500155 -0.016531724 0.35481402 0.087600194 -0.11477292 -0.18319404 0.500156 -0.047601998 -0.2503792 -0.07285149 0.2964259 0.0 0.06510371573822278
-0.2587416 -0.0077950475 0.1308018 0.029567843 0.2658301 0.01020506 -0.1308018 -0.029567843 0.0 0.7562059 -0.105970025 0.7611595 0.08146453 -0.23849149 0.10788337 -0.24344502 -0.07955118 -0.15973175 -0.01808034 -0.21062623 0.07391397 0.14900932 -0.03423947 -0.009380239 0.025581805 0.5755772 -0.013591165 -0.09160212 0.03440369 0.35647368 0.054735143 -0.110203944 -0.16344416 0.4864793 -0.086656444 -0.25487763 -0.024147402 0.30036485 0.0 0.06552781328141302
-0.25430575 -0.0068286126 0.13314565 0.012266835 0.26133415 -0.010315475 -0.13314565 -0.012266835 0.0 0.7415909 -0.16301966 0.76061845 0.023512382 -0.23421915 0.12499245 -0.25324667 -0.06153959 -0.16773374 -0.0029318263 -0.21199459 0.091849215 0.145763 -0.04431295 -0.0076053855 0.03279046 0.56992614 -0.05515955 -0.08856495 0.053264268 0.35526517 0.022766985 -0.13016903 -0.14516358 0.4699526 -0.12282711 -0.25364098 0.010596908 0.27685475 0.0 0.06622700801197759
-0.24981995 -0.0062078773 0.13314572 -0.008946445 0.25549072 -0.028016178 -0.13314572 0.008946445 0.0 0.72417974 -0.2132072 0.75591946 -0.028413158 -0.22964878 0.14086543 -0.2613885 -0.04392861 -0.17464119 0.01228544 -0.21181613 0.11264584 0.14223322 -0.05281626 -0.0044129346 0.044290695 0.5618884 -0.09198738 -0.087890714 0.058577247 0.35132042 -0.0058045043 -0.13630387 -0.11975832 0.45207193 -0.15333514 -0.24229853 0.046996947 0.24052474 0.0 0.06727700722465371
-0.24532868 -0.0058619785 0.13080294 -0.022128658 0.24898075 -0.04211924 -0.13080294 0.022128658 0.0 0.7061307 -0.25420186 0.7485428 -0.07156159 -0.22553858 0.15463628 -0.26795068 -0.028003972 -0.1803587 0.026541803 -0.19592041 0.12297455 0.13890192 -0.05936086 -0.00044405105 0.049890824 0.5527147 -0.1224744 -0.08637278 0.05357707 0.34573433 -0.029693922 -0.13381097 -0.10087536 0.43457657 -0.17708738 -0.22458571 0.06844278 0.18767701 0.0 0.06844306164621078
-0.24085824 -0.005649454 0.12828538 -0.030196581 0.24261308 -0.051616676 -0.12828538 0.030196581 0.0 0.69038945 -0.2828339 0.74048406 -0.10214969 -0.22316507 0.16502137 -0.27325964 -0.015662838 -0.18547434 0.037730325 -0.18719392 0.08685556 0.13636324 -0.063480586 0.0031511907 0.050277505 0.54420286 -0.14401887 -0.08428175 0.045285944 0.33971307 -0.04714817 -0.12708555 -0.076075725 0.41943517 -0.1925562 -0.20875463 0.08252745 0.100083105 0.0 0.06984587777161808
-0.23642138 -0.005460175 0.12682058 -0.031877715 0.23719235 -0.05551747 -0.12682058 0.031877715 0.0 0.68010473 -0.2959207 0.7339152 -0.1163081 -0.22401865 0.17068097 -0.2778291 -0.0089316275 -0.19033146 0.04626094 -0.15241966 0.16518733 0.13518795 -0.06462931 0.004795664 0.0477667 0.53840625 -0.15387174 -0.07826401 0.03421055 0.3345295 -0.05593235 -0.117786385 -0.03700988 0.40859452 -0.19824614 -0.19463252 0.085270576 0.023886494 0.0 0.07131687092636863
-0.23198508 -0.005242049 0.12699209 -0.031269874 0.23275588 -0.05498165 -0.12699209 0.031269874 0.0 0.67512155 -0.2963895 0.7293395 -0.116899475 -0.22794056 0.17226297 -0.28215852 -0.007227046 -0.19652477 0.049264982 -0.2106081 0.018498624 0.13520962 -0.063314214 0.0048412764 0.04771353 0.5354666 -0.15401872 -0.07509693 0.029698893 0.3308751 -0.05721408 -0.09388639 0.00024317668 0.40174818 -0.19626047 -0.18352813 0.08551573 -0.035213824 0.0 0.07291990895863172
-0.22756512 -0.005022883 0.12677127 -0.030134995 0.2290887 -0.051182248 -0.12677127 0.030134995 0.0 0.67430466 -0.2872921 0.72637606 -0.10716765 -0.23428768 0.17054656 -0.28635907 -0.009577889 -0.20264994 0.049787495 -0.12950303 0.13366355 0.13610224 -0.060101297 0.0044348724 0.046554804 0.5348616 -0.14669627 -0.068164974 0.025888857 0.3291307 -0.052836876 -0.05488561 0.022111164 0.39797896 -0.1886065 -0.1752786 0.083792835 -0.08061249 0.0 0.07437260460118073
-0.22313192 -0.0046716207 0.12930544 -0.020853603 0.22581048 -0.04520157 -0.12930544 0.020853603 0.0 0.67624396 -0.27119887 0.7242352 -0.089944646 -0.24245408 0.16600834 -0.29044527 -0.0152459 -0.209817 0.047078967 -0.21242012 0.0011485365 0.13750668 -0.055514187 0.0018263424 0.04234809 0.53571576 -0.13388152 -0.0678904 0.01820008 0.32815322 -0.043871693 -0.06573471 0.061852098 0.39617017 -0.17700906 -0.17379974 0.07228139 -0.11081359 0.0 0.07595615120690337
-0.21870512 -0.004264089 0.12957105 -0.018588565 0.2226265 -0.038002525 -0.12957105 0.018588565 0.0 0.6794435 -0.25080144 0.7221418 -0.06822789 -0.2515838 0.15949655 -0.29428217 -0.023077007 -0.21673596 0.043173205 -0.13252558 0.11556629 0.13907821 -0.050047006 0.0006037167 0.042668525 0.53896743 -0.11868405 0.005960604 -0.027519872 0.32414868 -0.031247213 -0.21179196 0.11092439 0.39669466 -0.16186155 -0.09920814 0.13074729 -0.12300544 0.0 0.07807003398306578
-0.21424009 -0.0037680243 0.13195065 -0.00958615 0.2192499 -0.030491155 -0.13195065 0.00958615 0.0 0.6826218 -0.22861132 0.7194751 -0.044768773 -0.2610185 0.15178218 -0.2978718 -0.03206037 -0.22375515 0.0372308 -0.19204608 -0.029755568 0.14052957 -0.044164877 -0.0026341267 0.04109951 0.5426268 -0.10237305 0.004521319 -0.0284538 0.31637886 -0.018605987 -0.2673062 0.039005827 0.397683 -0.14574258 -0.12592989 0.0792553 -0.12998106 0.0 0.08029293737959749
-0.20977853 -0.0032783072 0.1318704 -0.008877664 0.2156161 -0.02335469 -0.1318704 0.008877664 0.0 0.6849641 -0.20686908 0.7160431 -0.021962758 -0.270124 0.14379159 -0.30120292 -0.041114736 -0.23037097 0.031721722 -0.1439773 0.10204506 0.14172132 -0.038373243 -0.003106153 0.040034086 0.5457705 -0.086169794 0.0062821507 -0.022483734 0.30775547 -0.007686505 -0.26668945 0.029294489 0.39784378 -0.13071199 -0.120963305 0.0722514 -0.10133863 0.0 0.08257028553746662
-0.20529532 -0.0027403191 0.13296296 -0.0013630133 0.21160673 -0.017994016 -0.13296296 0.0013630133 0.0 0.68528485 -0.19002354 0.71185136 -0.0044151596 -0.27805996 0.13727303 -0.3046265 -0.04833534 -0.23671272 0.026533952 -0.17931122 -0.04882824 0.14244412 -0.03355098 -0.0054890574 0.039938167 0.54790294 -0.07373334 0.0056035602 -0.028114507 0.29878327 0.0005618751 -0.26686856 0.02160953 0.39659327 -0.11905942 -0.12984857 0.04759963 -0.07760275 0.0 0.08490479584756395
-0.20081848 -0.0021807144 0.13284847 -0.0005746677 0.20738715 -0.014146333 -0.13284847 0.0005746677 0.0 0.684114 -0.17753741 0.70730233 0.008523198 -0.28502092 0.13219443 -0.30820927 -0.053866185 -0.24259904 0.023241093 -0.14716528 0.08856157 0.14282909 -0.029644627 -0.0055360547 0.03795848 0.5493624 -0.06468908 0.006138245 -0.026833251 0.2896567 0.0066606347 -0.26681575 0.021243675 0.39409927 -0.110996075 -0.13865961 0.009534656 -0.052453626 0.0 0.08738787355798187
-0.19632326 -0.0016143253 0.13339134 0.0022498297 0.20301186 -0.011713072 -0.13339134 -0.0022498297 0.0 0.6816682 -0.16936205 0.7026184 0.016963841 -0.29111966 0.12869833 -0.3120699 -0.057627566 -0.24828805 0.020380588 -0.16758808 -0.05949525 0.14295931 -0.026610503 -0.0066235843 0.039124407 0.5502896 -0.05907679 0.0053805504 -0.03076198 0.28053704 0.0105307195 -0.26591566 0.0073843314 0.39045662 -0.10676136 -0.15030643 -0.031278875 -0.03120091 0.0 0.0898759041796175
-0.19182795 -0.0010770513 0.13330643 0.0010252034 0.1985599 -0.010395595 -0.13330643 -0.0010252034 0.0 0.67827654 -0.16478814 0.6979601 0.021675816 -0.2965144 0.12665461 -0.31619793 -0.05980935 -0.2537078 0.019471817 -0.14733997 0.08279713 0.14290594 -0.02433709 -0.0064373426 0.037957367 0.5508591 -0.056393612 0.0051081995 -0.031277202 0.2715254 0.012763877 -0.2629328 0.012101071 0.38596332 -0.10524132 -0.15566303 -0.03430653 -0.013319945 0.0 0.09254309396252133
-0.18731685 -0.0005420331 0.13373876 0.0024851216 0.19404338 -0.009963422 -0.13373876 -0.0024851216 0.0 0.6741489 -0.16314237 0.69336087 0.02337077 -0.30137593 0.1258344 -0.32058784 -0.06067874 -0.25896028 0.018728549 -0.15688974 -0.06437851 0.14274149 -0.022675319 -0.0068026413 0.038392548 0.5511439 -0.056163542 0.0039547943 -0.0359131 0.26265043 0.014073126 -0.25959718 0.02290014 0.38076636 -0.10542007 -0.16412011 -0.03325636 0.00014552906 0.0 0.09528032149037044
-0.18281174 -2.37901e-05 0.13352701 0.00093958 0.18950145 -0.010156721 -0.13352701 -0.00093958 0.0 0.66949415 -0.16368878 0.6888433 0.02281018 -0.3058178 0.12600549 -0.32516694 -0.060493477 -0.26416227 0.019588007 -0.15121765 0.07990106 0.1424913 -0.021490738 -0.006665294 0.037830587 0.5512325 -0.057803545 0.003638614 -0.036528867 0.25398147 0.014526629 -0.25594908 0.016496498 0.3750439 -0.10659046 -0.16773263 -0.0211276 0.010728916 0.0 0.09822434413955
-0.17829038 0.00048729195 0.13397619 0.0009730028 0.18491764 -0.01079487 -0.13397619 -0.0009730028 0.0 0.66441274 -0.165874 0.6843632 0.020561583 -0.30995995 0.12696393 -0.3299104 -0.059471663 -0.26910484 0.020283278 -0.1444998 -0.06571993 0.14220266 -0.020665115 -0.0064539504 0.03772364 0.551138 -0.06086881 0.0026282114 -0.03869506 0.2455322 0.0144113405 -0.24509495 0.022991465 0.36901614 -0.10830364 -0.16651863 -0.01053218 0.018118676 0.0 0.10120603212928722
-0.17377336 0.00097082055 0.1337599 -0.0012451579 0.18031955 -0.011682071 -0.1337599 0.0012451579 0.0 0.6590461 -0.16911772 0.6799133 0.017217493 -0.3138745 0.1285091 -0.33474168 -0.05782611 -0.27412465 0.02224905 -0.15523268 0.07910283 0.14187898 -0.020083478 -0.006337818 0.037801962 0.54986113 -0.06189481 -0.04488014 0.10538759 0.23883086 0.011547045 -0.16636737 -0.10117437 0.36136693 -0.108234674 -0.23881221 0.1008831 0.022363402 0.0 0.10426967625570921
-0.16924061 0.0014631291 0.13425148 -0.00076630665 0.17568697 -0.012721594 -0.13425148 0.00076630665 0.0 0.65345997 -0.1730278 0.6754452 0.013178805 -0.31765673 0.13043329 -0.33964193 -0.055773318 -0.27875596 0.023752153 -0.12976204 -0.064661235 0.14156401 -0.01966123 -0.0056838156 0.03711544 0.5468804 -0.060827445 -0.09633606 0.13788708 0.23304963 0.0057681534 -0.17090091 -0.13179034 0.35258326 -0.10741152 -0.24316686 0.08298436 0.02673978 0.0 0.10747071313250153
-0.16470838 0.0019148381 0.13404636 -0.004402044 0.17103979 -0.013843492 -0.13404636 0.004402044 0.0 0.6476721 -0.17751 0.670968 0.008537192 -0.32128364 0.13278174 -0.3445795 -0.053265434 -0.2835866 0.026371619 -0.15973456 0.078874126 0.1412159 -0.019318592 -0.0061792396 0.040921006 0.54284257 -0.060222484 -0.11079772 0.13330087 0.22661185 6.0136713e-06 -0.20136677 -0.11562253 0.3436811 -0.10665627 -0.23638973 0.09999575 0.029592568 0.0 0.11089692816860489
-0.1601674 0.0023653337 0.13431203 -0.0038766875 0.16637027 -0.014975865 -0.13431203 0.0038766875 0.0 0.64176035 -0.18221639 0.6664524 0.0036506313 -0.3248384 0.1353417 -0.34953046 -0.050525326 -0.28791043 0.02845485 -0.11466794 -0.059779186 0.14103366 -0.0195528 0.0005974547 0.0139043685 0.53831506 -0.059879083 -0.12558438 0.13024025 0.21958256 -0.0055066277 -0.20933174 -0.11124155 0.3347086 -0.10597896 -0.24278466 0.09245439 0.028669111 0.0 0.11440499404764642
-0.15562983 0.002789093 0.13400973 -0.0070264516 0.16170427 -0.015977317 -0.13400973 0.0070264516 0.0 0.6358628 -0.18667808 0.66190886 -0.0009959557 -0.3283958 0.13791622 -0.35444185 -0.047765907 -0.2925608 0.03125829 -0.16360617 0.077928156 0.14084715 -0.020164156 -0.0010658716 0.011311367 0.5333098 -0.059513412 -0.14100602 0.12349244 0.21225822 -0.0106512485 -0.21708083 -0.10152213 0.32572225 -0.10516428 -0.24145438 0.096681215 0.027702099 0.0 0.11825140875805443
-0.15108556 0.003214849 0.13423342 -0.006571008 0.15703274 -0.016848138 -0.13423342 0.006571008 0.0 0.6300061 -0.19080606 0.65732855 -0.0053074677 -0.3319973 0.1404126 -0.3593198 -0.045085996 -0.29667377 0.033329897 -0.102037795 -0.053723264 0.14064169 -0.020860013 -0.0018844501 0.0059790714 0.5276738 -0.059630256 -0.1629444 0.08971557 0.2047299 -0.015397372 -0.22109346 -0.0959116 0.31677327 -0.104129985 -0.24253562 0.095181026 0.024437753 0.0 0.12229638111662897
-0.14654304 0.0036161945 0.13395225 -0.0093586 0.15237711 -0.017505499 -0.13395225 0.0093586 0.0 0.6242893 -0.19432183 0.6527336 -0.008991935 -0.33569252 0.1427111 -0.36413684 -0.042618796 -0.3011003 0.035949145 -0.16103598 0.07976071 0.14038804 -0.021852873 -0.0042815846 -0.010717757 0.52165717 -0.060712833 -0.16896854 0.04107296 0.19715078 -0.019751 -0.22036175 -0.09090124 0.30791655 -0.10273054 -0.24216759 0.098147206 0.021019889 0.0 0.12672472719257508
-0.14199644 0.0040106163 0.13406476 -0.009183274 0.15933394 -0.01963537 0.21457025 -0.036734175 0.0 0.6187447 -0.1971588 0.64812744 -0.011975366 -0.33951753 0.1447327 -0.3689003 -0.040450737 -0.3052895 0.037546463 -0.105895594 -0.054216072 0.13750942 -0.022500128 -0.097658716 0.004468513 0.51565224 -0.06275688 -0.16645701 9.881065e-05 0.18956743 -0.023667533 -0.22147782 -0.085190095 0.29913557 -0.10098161 -0.24382925 0.096206754 0.016053986 0.0 0.1287260978556341
-0.13743535 0.00432158 0.13387388 -0.01423089 0.16613786 -0.021399945 0.2053852 -0.031834126 0.0 0.6133987 -0.19920835 0.6435225 -0.014144026 -0.3434872 0.14651658 -0.37361106 -0.038547747 -0.3097094 0.039704926 -0.1550138 0.08571098 0.13358787 -0.021961283 -0.119165696 0.044283144 0.51005363 -0.06496013 -0.15050033 -0.007854687 0.1817484 -0.026361296 -0.2325212 -0.039166402 0.29060403 -0.098667584 -0.23715307 0.10731872 0.013795712 0.0 0.130611635160017
-0.13286336 0.004591331 0.13415821 -0.013715879 0.1726807 -0.022712924 0.19608349 -0.031649675 0.0 0.60853183 -0.19968987 0.63894445 -0.014672768 -0.34781337 0.14752778 -0.37822598 -0.037489314 -0.3144522 0.04027494 -0.13163865 -0.057358876 0.13048546 -0.021267075 -0.08581755 0.01880284 0.50492233 -0.06631708 -0.14610878 -0.02271954 0.17431025 -0.027327862 -0.20651366 -0.0064282673 0.28235704 -0.09551345 -0.23886657 0.1053216 -0.016582264 0.0 0.13215068226287452
-0.12830131 0.0048590614 0.13388829 -0.013437188 0.17910662 -0.022701025 0.18789183 -0.02889059 0.0 0.6051173 -0.19575319 0.6344703 -0.010565029 -0.35319993 0.145984 -0.38255286 -0.03920416 -0.31961876 0.03931232 -0.15585043 0.08417599 0.12758541 -0.020037275 -0.088123664 0.013267206 0.50256205 -0.06355053 -0.033771273 0.010700828 0.16712521 -0.023983497 -0.22243509 0.12360437 0.27409714 -0.09307926 -0.26718226 -0.025412444 -0.039691646 0.0 0.1335491415150215
-0.12372451 0.005147166 0.13460304 -0.010745631 0.1853556 -0.02157757 0.1791342 -0.026944185 0.0 0.6027079 -0.1885632 0.6299789 -0.0030570177 -0.35938746 0.14238809 -0.3866584 -0.043118097 -0.32467598 0.035726376 -0.12154731 -0.058852084 0.12488249 -0.01824048 -0.08527738 0.009952673 0.50194675 -0.057306964 -0.04149874 0.022703033 0.16037855 -0.017769627 -0.19719431 0.13299514 0.2660659 -0.091342 -0.2648357 -0.045358557 -0.05656274 0.0 0.13473212362066272
-0.119158044 0.0054345606 0.13438123 -0.009643592 0.1913785 -0.019845849 0.17155084 -0.022913931 0.0 0.6006408 -0.18006916 0.6253981 0.0057891794 -0.36584643 0.13782819 -0.39060372 -0.048030157 -0.33005196 0.032006867 -0.16250467 0.07780168 0.12224487 -0.016289974 -0.083838835 0.0073784487 0.50113744 -0.049747385 -0.04857519 0.02241792 0.15421808 -0.011279254 -0.18356487 0.12948315 0.2582251 -0.0891414 -0.26803103 -0.037422318 -0.042927146 0.0 0.13584941335588024
-0.11457926 0.0057428246 0.13495204 -0.0069255256 0.1970368 -0.01863425 0.16321576 -0.021775525 0.0 0.5978396 -0.17376518 0.62072605 0.012332792 -0.37179652 0.13439405 -0.394683 -0.051703934 -0.33482388 0.028606186 -0.10839143 -0.05866965 0.11957776 -0.014850665 -0.08243263 0.0057594418 0.49979937 -0.044077955 -0.056860574 0.015935276 0.15070936 -0.005436829 -0.055585764 0.11808639 0.2499969 -0.08778196 -0.2690611 -0.03490839 -0.02922023 0.0 0.1370182692531772
-0.110002086 0.0060412376 0.13486455 -0.007318789 0.20236659 -0.017971309 0.15561895 -0.018698499 0.0 0.5943984 -0.16956243 0.6160495 0.016683312 -0.37726107 0.13215625 -0.39891225 -0.05408949 -0.33973894 0.02702981 -0.16194153 0.07527645 0.116903245 -0.013898868 -0.0807826 0.0046764263 0.49811542 -0.04004868 -0.059016805 0.024681114 0.15011297 -0.0019513698 -0.00012766519 0.044711094 0.24153523 -0.08706735 -0.26718295 -0.023430603 -0.01686591 0.0 0.13896675562069197
-0.105411194 0.006344905 0.13534832 -0.0058701686 0.20737071 -0.017844561 0.14756455 -0.018434891 0.0 0.5904135 -0.16719334 0.6113889 0.019129716 -0.38233402 0.1309987 -0.40330946 -0.055324357 -0.34438685 0.02563362 -0.1134683 -0.06191019 0.11423563 -0.013306957 -0.07921496 0.004950005 0.496177 -0.03751675 -0.06293312 0.019064482 0.1502402 -0.00043827493 0.004836499 0.019505346 0.2328474 -0.0869048 -0.26551208 -0.01938146 -0.006644772 0.0 0.14053774377935177
-0.10082509 0.006613383 0.1350403 -0.007935029 0.21208797 -0.01816626 0.14043702 -0.015430688 0.0 0.58600664 -0.16631246 0.60678023 0.020033205 -0.38706332 0.13082579 -0.4078369 -0.055519886 -0.3492557 0.025865313 -0.16364168 0.075036585 0.1115973 -0.012987566 -0.077247985 0.0064124092 0.49409425 -0.03623034 -0.06276697 0.024003949 0.15042354 0.00014588935 0.0053928997 0.008833669 0.22405872 -0.087224424 -0.26159847 -0.015531645 0.002311792 0.0 0.14240362113282773
-0.09622931 0.0068851695 0.13539916 -0.006631153 0.21651222 -0.018912079 0.1327902 -0.01638846 0.0 0.5812415 -0.16665883 0.6022027 0.019665819 -0.39152873 0.1314592 -0.41248998 -0.05486544 -0.35369214 0.026112964 -0.10806767 -0.059227917 0.10899514 -0.012840796 -0.075421736 0.007819629 0.49183586 -0.036063988 -0.06752834 0.016326949 0.15058242 -3.7154844e-06 0.0042602057 -0.004442494 0.21514863 -0.08796232 -0.2598799 -0.0151700545 0.008450656 0.0 0.14391405209352967
-0.091636986 0.00712318 0.13507995 -0.009407874 0.2206737 -0.019951623 0.12597887 -0.013668261 0.0 0.5762266 -0.16784708 0.5976614 0.018423697 -0.39578277 0.13274246 -0.41721752 -0.053528313 -0.35832727 0.02771224 -0.1603416 0.07763662 0.10643864 -0.012831555 -0.073383145 0.008932696 0.48948607 -0.036579028 -0.066208325 0.025081977 0.15065144 -0.0009970691 0.0005243897 -0.02489439 0.20633239 -0.088800654 -0.24870422 -0.0046223705 0.013778817 0.0 0.1455427974149996
-0.08703636 0.007361056 0.13538218 -0.008497169 0.22456612 -0.021254756 0.11870664 -0.014915653 0.0 0.5710017 -0.16968249 0.5931292 0.016507268 -0.39988282 0.1345204 -0.4220103 -0.051669367 -0.3626918 0.028995378 -0.11100355 -0.058645964 0.103938125 -0.012927201 -0.071347736 0.008498113 0.4870096 -0.0377123 -0.07095432 0.016599918 0.15047461 -0.0029470532 -0.008112164 -0.04929768 0.19790505 -0.089656875 -0.23016739 -0.001692627 0.016513752 0.0 0.1469252541302206
-0.08243854 0.0075622736 0.13501646 -0.011640809 0.2282183 -0.022681063 0.112269185 -0.01223889 0.0 0.56566447 -0.1718212 0.58860797 0.014269755 -0.40387714 0.13663508 -0.42682064 -0.04945588 -0.36732113 0.031333316 -0.16103123 0.079479285 0.10150037 -0.0130672045 -0.0691024 0.009800991 0.48642257 -0.03881047 0.005982376 0.036143772 0.15009701 -0.0054234844 -0.012049529 -0.05525474 0.19261618 -0.09059758 -0.08221618 -0.003370853 0.018419052 0.0 0.1480362198099646
-0.07782434 0.0078032636 0.13576426 -0.008950884 0.23161788 -0.02418674 0.10489236 -0.01538734 0.0 0.56027436 -0.1740306 0.584059 0.011954721 -0.40786278 0.13880593 -0.4316474 -0.047179397 -0.371621 0.03299545 -0.10907821 -0.057338778 0.09913059 -0.013211916 -0.0671552 0.008471226 0.4861519 -0.041047513 -0.0039238813 -0.022772215 0.14960054 -0.008116994 -0.014326762 -0.06129793 0.19114614 -0.093005 -0.012788628 -0.06483971 0.01536297 0.0 0.14852096297004616
-0.07321041 0.008017953 0.13542044 -0.012671852 0.23481624 -0.025510613 0.0987973 -0.011919683 0.0 0.55500287 -0.17578031 0.57949793 0.010112775 -0.41193184 0.14075334 -0.43642694 -0.04513975 -0.37618086 0.035223205 -0.15879226 0.08154673 0.09683912 -0.013273746 -0.06491073 0.009931358 0.48600766 -0.042897347 0.0018271959 0.01390128 0.1486609 -0.011275429 -0.03353699 -0.08396893 0.1902074 -0.09570551 -0.016571764 -0.055851683 0.0130975135 0.0 0.14934058562705177
-0.06859199 0.008223179 0.13562529 -0.01165986 0.23781538 -0.026659094 0.0923399 -0.01299374 0.0 0.54984796 -0.17709494 0.57492226 0.008720901 -0.41609553 0.14245072 -0.4411699 -0.043365125 -0.38055527 0.03645159 -0.112987794 -0.056028206 0.094642445 -0.013235248 -0.062483337 0.009795788 0.48561487 -0.045017306 -0.011578789 -0.03741166 0.14692433 -0.015079232 -0.05898569 -0.106088124 0.18867783 -0.09887527 -0.046958383 -0.08869238 0.009171473 0.0 0.14989299290715893
-0.06397891 0.008366911 0.135005 -0.015644908 0.24064632 -0.027520847 0.08689517 -0.008844582 0.0 0.54486895 -0.17781426 0.57035017 0.007946223 -0.42037237 0.14384621 -0.44585362 -0.041914262 -0.38516557 0.038181588 -0.15629657 0.08518744 0.09254216 -0.013089538 -0.059836965 0.010955974 0.48515412 -0.04691939 -0.008543991 -0.017260753 0.14429817 -0.019229064 -0.08581564 -0.116064206 0.1854812 -0.10288797 -0.113937356 -0.11585032 0.006033546 0.0 0.15059083113131871
-0.0593618 0.008469452 0.13511561 -0.015350749 0.24334706 -0.027741728 0.08093815 -0.008442333 0.0 0.5403222 -0.17716192 0.56575996 0.008604516 -0.42499435 0.14427263 -0.45043212 -0.041493814 -0.38958135 0.038276505 -0.11062404 -0.05183606 0.090568714 -0.012693085 -0.057119828 0.011025228 0.48461375 -0.047715027 -0.018720837 -0.034015846 0.14054671 -0.023335323 -0.124176234 -0.124794684 0.18117975 -0.10688981 -0.13551399 -0.11991128 -0.021588756 0.0 0.15129283105630156
-0.054753818 0.008529795 0.13468952 -0.01650381 0.24605164 -0.026255464 0.075821675 -0.0052058348 0.0 0.5369577 -0.1728856 0.56110954 0.013052395 -0.43055975 0.14186244 -0.45471162 -0.04407555 -0.39434955 0.0365739 -0.14938365 0.08794616 0.08876457 -0.011712256 -0.054466672 0.010501633 0.48399487 -0.04500783 -0.034045607 -0.008522524 0.13553435 -0.026393747 -0.16894607 -0.11620909 0.17686385 -0.10955798 -0.15767846 -0.11391995 -0.043631177 0.0 0.15169022893233414
-0.050142903 0.0086229965 0.13526332 -0.012075475 0.24868046 -0.023431787 0.06993906 -0.0065575014 0.0 0.53443825 -0.16587095 0.55631804 0.020348083 -0.43685007 0.13704021 -0.45872986 -0.049178816 -0.39924026 0.031846315 -0.11816984 -0.057136018 0.08710306 -0.010327555 -0.051839013 0.008108687 0.48348713 -0.039944068 -0.027783751 -0.036133815 0.12904729 -0.028311966 -0.21873671 -0.09694358 0.17286107 -0.11130546 -0.15742615 -0.116183184 -0.060060304 0.0 0.15217914493288723
-0.04553974 0.008737785 0.13515472 -0.01077139 0.25114122 -0.02003986 0.064874485 -0.004518497 0.0 0.53215927 -0.15787303 0.5513805 0.028639141 -0.4433511 0.13115266 -0.46257237 -0.05535952 -0.40429303 0.026932122 -0.15060997 0.08190533 0.085529335 -0.008867465 -0.04918098 0.005951737 0.4814977 -0.03274717 -0.10798341 0.041260395 0.12119286 -0.029033098 -0.2556356 -0.060203597 0.16924368 -0.11288038 -0.15096855 -0.11920362 -0.043954827 0.0 0.15190542276368618
-0.04092665 0.008920245 0.13582043 -0.0058945836 0.2532898 -0.017696317 0.05907384 -0.007026914 0.0 0.52911437 -0.15225242 0.5464534 0.034444153 -0.4492616 0.126919 -0.46660066 -0.05977757 -0.40906033 0.022731967 -0.1194403 -0.063639544 0.0839962 -0.007855969 -0.04638476 0.003560363 0.48035944 -0.027910028 0.0038980516 -0.02952249 0.11234915 -0.028657313 -0.275296 -0.0035854478 0.16510798 -0.115200564 -0.15879719 -0.119389705 -0.026548998 0.0 0.15200373423816171
-0.036317997 0.009108061 0.13563982 -0.006946306 0.25517827 -0.01641449 0.05418387 -0.0045433394 0.0 0.52537334 -0.14899538 0.5416388 0.03779777 -0.4545914 0.12454683 -0.47085685 -0.062246326 -0.41386873 0.02100699 -0.15159489 0.077827476 0.08252208 -0.0072585647 -0.043273464 0.0035185744 0.477582 -0.027507475 -0.13829583 -0.101250805 0.106015004 -0.030041283 -0.14132017 -0.100047216 0.16050158 -0.11688065 -0.15348153 -0.047645118 -0.011123466 0.0 0.15160891657907763
-0.031698734 0.0093293935 0.13611542 -0.004056758 0.2568195 -0.016101038 0.04872407 -0.0067625977 0.0 0.521047 -0.14778006 0.53694123 0.03904505 -0.4594594 0.12381428 -0.47535363 -0.063010834 -0.41838664 0.019999169 -0.11724429 -0.064914644 0.08112759 -0.007008261 -0.039994527 0.0019164176 0.4752524 -0.028508246 -0.021413986 -0.025104756 0.10295255 -0.03396037 -0.06496158 -0.118065424 0.15659407 -0.11839225 -0.0994713 -0.05740693 0.0018560619 0.0 0.1510805568355726
-0.027076455 0.009555567 0.13615465 -0.0055495133 0.2582425 -0.016578088 0.043798346 -0.00518551 0.0 0.516257 -0.14819029 0.53235984 0.038616948 -0.46394545 0.12449901 -0.48004833 -0.062308237 -0.42309698 0.021042196 -0.15514632 0.07559251 0.07982847 -0.0070113563 -0.036355186 0.0029440625 0.47168556 -0.030695282 -0.16367209 -0.065616585 0.10129343 -0.037592147 -0.03807308 -0.09546312 0.15368012 -0.119731694 -0.07008033 -0.017491093 0.011341953 0.0 0.15063446602572383
-0.022451228 0.009815883 0.13636114 -0.0036457176 0.25945887 -0.017679567 0.038809374 -0.007405069 0.0 0.5111174 -0.14980051 0.52785873 0.0369506 -0.46814716 0.12623793 -0.48488852 -0.060513172 -0.4274896 0.022291137 -0.11464152 -0.06451727 0.0786411 -0.0072003882 -0.032430787 0.0020254732 0.46862042 -0.033652715 -0.031984553 -0.020848274 0.09919825 -0.041708823 -0.068712234 -0.119532935 0.15253624 -0.12052508 0.0006475077 -0.00030029542 0.019195246 0.0 0.14938036347452693
-0.017822756 0.010067539 0.13634986 -0.0061718402 0.26047805 -0.019244447 0.03414233 -0.0054808245 0.0 0.5056941 -0.15228915 0.52341354 0.034371696 -0.47211096 0.12887554 -0.4898304 -0.0577853 -0.43214524 0.025109049 -0.159129 0.07508138 0.077581756 -0.0075191166 -0.02793836 0.003083175 0.4645288 -0.03714078 -0.17490382 -0.03740044 0.09580434 -0.046543892 -0.10695828 -0.13110554 0.15161693 -0.12166318 -0.009529544 -0.017014725 0.02390804 0.0 0.1484365130784279
-0.013191867 0.010294906 0.13633573 -0.007116493 0.26131293 -0.021078235 0.02958469 -0.0052845455 0.0 0.50008494 -0.15526207 0.5189914 0.031282287 -0.47591183 0.13211681 -0.4948183 -0.05442755 -0.43635094 0.027783237 -0.10733697 -0.058470767 0.07669039 -0.007900996 -0.0222802 0.0032678428 0.46108094 -0.041069094 -0.036335696 -0.023012979 0.091540486 -0.051564205 -0.121692896 -0.13061859 0.15062302 -0.12326516 -0.006817001 -0.020111196 0.027407 0.0 0.14684526086700683
-0.00855983 0.010483603 0.13615212 -0.009825793 0.26197642 -0.023034299 0.025304459 -0.003375034 0.0 0.49436405 -0.15843585 0.5145716 0.02797205 -0.47960383 0.13574572 -0.49981138 -0.05066218 -0.44072965 0.031595733 -0.15455942 0.08023518 0.07600337 -0.008302991 -0.015164234 0.0041667116 0.4567343 -0.044869125 -0.17886975 -0.013188881 0.0867932 -0.056678087 -0.13288589 -0.13138042 0.14946713 -0.124144785 -0.007906003 0.020442255 0.026485674 0.0 0.14515720001856405
-0.003925412 0.010677743 0.13625325 -0.009468225 0.2624847 -0.024931733 0.020855123 -0.0044442625 0.0 0.48865822 -0.16142838 0.51012236 0.02483901 -0.4833037 0.13931456 -0.50476784 -0.046952832 -0.44494683 0.034565378 -0.113966666 -0.05841761 0.0756725 -0.008681946 0.002355923 0.00342821 0.4530672 -0.048755698 -0.04121248 -0.031967912 0.08195532 -0.061697565 -0.12967077 -0.1310325 0.14810574 -0.12335 -0.022228291 0.073235616 0.025742814 0.0 0.14295461279579255
0.00070862734 0.010859766 0.13605776 -0.011658324 0.2628495 -0.026733262 0.016816845 -0.002872827 0.0 0.48298562 -0.16419493 0.5056498 0.021930253 -0.48701784 0.14280596 -0.50968206 -0.043319218 -0.44937816 0.03823853 -0.15386389 0.08215097 0.07564111 -0.009042018 0.0007912706 0.0039077145 0.4484889 -0.05205864 -0.18571824 0.0033893513 0.07704193 -0.066648714 -0.13428319 -0.12982899 0.14643617 -0.12165682 -0.027111474 0.08070619 0.023138568 0.0 0.14041443223686392
0.005347522 0.011042272 0.13619874 -0.01168368 0.26307803 -0.028372142 0.012558817 -0.0033359053 0.0 0.47739086 -0.1666147 0.50114495 0.019374533 -0.49079758 0.14606303 -0.5145517 -0.03992619 -0.45356232 0.040940896 -0.11314619 -0.056076776 0.07561481 -0.009349081 0.0008177704 0.004054236 0.44449148 -0.05542601 -0.0530008 -0.0404936 0.07226686 -0.07149046 -0.12575974 -0.129457 0.14497991 -0.119844675 -0.020203386 0.07551456 0.021818077 0.0 0.13767521331806096
0.009984639 0.011186484 0.13582376 -0.014635725 0.2631867 -0.029824864 0.008930689 -0.0007600772 0.0 0.47187978 -0.16868961 0.49662557 0.017170278 -0.49462712 0.14914784 -0.51937294 -0.036712047 -0.4579665 0.044260014 -0.15283063 0.08525883 0.075598136 -0.009593891 0.0010616182 0.0050320826 0.4397516 -0.057910293 -0.18654191 0.023067191 0.06663967 -0.07401542 -0.17374657 -0.027335458 0.14194411 -0.11638777 -0.10587731 0.14940712 0.017406696 0.0 0.13415901835791694
0.014611773 0.011365328 0.13580033 -0.012278986 0.263191 -0.031071635 0.005068329 -0.0033396322 0.0 0.46651396 -0.1703399 0.49208897 0.0154076945 -0.49856484 0.15180779 -0.5241399 -0.033939812 -0.46218964 0.046409592 -0.11455012 -0.05615024 0.07558272 -0.009776218 0.0007732275 0.004282727 0.43425635 -0.060125466 -0.13085228 -0.029632907 0.06007981 -0.0752424 -0.19015063 -0.027481033 0.13773857 -0.11229402 -0.1089074 0.138123 0.01723789 0.0 0.12981591833987255
0.01924186 0.011511018 0.13544808 -0.016157724 0.263067 -0.03226355 0.0016368148 0.0003431186 0.0 0.46114975 -0.17189875 0.48754796 0.013733637 -0.5024914 0.15452418 -0.52888966 -0.031108215 -0.4666625 0.0493745 -0.15449072 0.08609635 0.0755678 -0.009952886 0.00091736333 0.0048903115 0.4278575 -0.06084432 -0.21578567 0.0815646 0.05278159 -0.076149754 -0.21528703 -0.013413038 0.13331786 -0.1081352 -0.11961333 0.14238776 0.016834415 0.0 0.12535605693252394
0.02387334 0.011659142 0.13565163 -0.014712624 0.26281822 -0.033409894 -0.0022495415 -0.0012598712 0.0 0.4558008 -0.1733589 0.48299864 0.012158011 -0.5064249 0.15721315 -0.53362274 -0.028303768 -0.4708432 0.05156588 -0.1117586 -0.053046245 0.07555523 -0.010113492 0.00088420784 0.0048331665 0.4205375 -0.061948262 -0.20172961 -0.021799162 0.044865668 -0.076200604 -0.22867505 0.01807577 0.12894006 -0.10413999 -0.11175146 0.13034447 0.016403299 0.0 0.11983968983094957
0.028503247 0.011771965 0.13516839 -0.018095216 0.26245856 -0.0344612 -0.0053499066 0.0020062644 0.0 0.45048413 -0.17466578 0.4784499 0.010736924 -0.51036453 0.15988778 -0.5383303 -0.025514936 -0.4752833 0.054503195 -0.15532616 0.08757419 0.07554584 -0.010254324 0.001027811 0.0052062194 0.41373602 -0.0631802 -0.18575265 0.040641703 0.036641024 -0.07534991 -0.23550828 0.03836938 0.12377951 -0.10049291 -0.15921257 0.11689486 0.014737678 0.0 0.11433958084257079
0.03313586 0.011876215 0.13535213 -0.017224321 0.26202422 -0.03514331 -0.009002097 0.0012018912 0.0 0.44539315 -0.17533958 0.47388372 0.009983209 -0.5145045 0.16193293 -0.5429951 -0.023389861 -0.47947577 0.056115076 -0.10857342 -0.049690798 0.07555389 -0.010282371 0.0010954571 0.005624806 0.40706757 -0.06358895 -0.19457465 0.009060996 0.028797124 -0.07410036 -0.21646419 0.040267643 0.11769827 -0.0974694 -0.17873167 0.086273305 -0.00015620049 0.0 0.1077825685130458
0.037770383 0.011953219 0.13512444 -0.01922844 0.26158023 -0.035027727 -0.012105723 0.0036348156 0.0 0.44080964 -0.17468904 0.46929076 0.010635195 -0.5191052 0.16253462 -0.5475863 -0.022789624 -0.48404092 0.05715394 -0.15287523 0.089354135 0.075593576 -0.010099876 0.001163241 0.005054427 0.39972916 -0.06269693 -0.23126708 0.037401963 0.02165085 -0.073200665 -0.20592055 0.016180523 0.11164149 -0.09582929 -0.17798713 0.020635352 -0.0012078317 0.0 0.10112146834767369
0.04241536 0.012009001 0.13547167 -0.018885167 0.2610681 -0.034512103 -0.015675422 0.003875753 0.0 0.43646094 -0.17340854 0.46467444 0.011956643 -0.52393985 0.16242865 -0.55215335 -0.022936534 -0.48852238 0.056746595 -0.11247913 -0.04933084 0.07564644 -0.009809436 0.0011421127 0.0054902355 0.3910403 -0.06031471 -0.26343292 0.060456973 0.014824724 -0.0733615 -0.20225789 -0.02110243 0.10558283 -0.09663566 -0.18522476 -0.06301086 -0.019264437 0.0 0.09331343780260198
0.047067244 0.012015077 0.13543153 -0.020531433 0.2605949 -0.03279631 -0.01871157 0.006596163 0.0 0.43285787 -0.17020102 0.45999327 0.015325037 -0.529479 0.1600472 -0.55661446 -0.025478862 -0.49347863 0.054984555 -0.15381776 0.09030259 0.07574014 -0.009194571 0.0011317006 0.004950481 0.38229045 -0.055641245 -0.26602075 0.07584173 0.0079162065 -0.07421353 -0.22538558 -0.03151322 0.10016231 -0.099448755 -0.16538338 -0.11171389 -0.03377109 0.0 0.08515931606769855
0.051722493 0.012026379 0.13593824 -0.017625485 0.26011232 -0.03014895 -0.022174 0.005125866 0.0 0.42982376 -0.16550803 0.45521513 0.020264752 -0.53557307 0.15568544 -0.56096447 -0.030087348 -0.49844152 0.050591893 -0.11488038 -0.051317982 0.07586012 -0.008336054 0.0010303142 0.0039434037 0.37379518 -0.049448848 -0.26409733 0.07820786 0.0006885716 -0.075283006 -0.23864493 -0.03346219 0.09619051 -0.10247437 -0.13276416 -0.118240066 -0.046038855 0.0 0.0758094581251649
0.056377433 0.012071198 0.13619296 -0.015496354 0.25955015 -0.027039768 -0.025298385 0.0045797466 0.0 0.42704347 -0.16010302 0.4503324 0.025945032 -0.5419239 0.15015258 -0.5652128 -0.03589547 -0.50369275 0.045876075 -0.15627389 0.084638335 0.07597729 -0.0073771304 0.000758427 0.0023792742 0.3672274 -0.04544543 -0.17951106 -0.060413327 -0.0044349455 -0.07822507 -0.13067025 -0.12128271 0.09294333 -0.10191444 -0.12841356 0.051740073 -0.039686356 0.0 0.06686339880661107
0.061032627 0.012207167 0.13675164 -0.010335641 0.25879622 -0.024515232 -0.028686142 0.0007256218 0.0 0.42389435 -0.15566908 0.4454277 0.030590331 -0.5479558 0.1454348 -0.5694891 -0.04082461 -0.50845087 0.041199 -0.10708826 -0.055657506 0.07606703 -0.006591416 0.000655401 0.0018101621 0.3636058 -0.045510124 -0.079916105 -0.11861794 -0.00630145 -0.08194797 -0.047101177 -0.096846744 0.08902729 -0.09713368 -0.15273306 0.1522441 -0.029101156 0.0 0.05715079563165182
0.065680854 0.012399417 0.13668548 -0.009051125 0.25786045 -0.022772579 -0.03140997 0.00039481095 0.0 0.420279 -0.15253323 0.44057256 0.033865318 -0.55355304 0.14209767 -0.57384664 -0.04430089 -0.51325566 0.038586903 -0.15331057 0.07960665 0.07612937 -0.006029555 0.00058616576 0.0015335317 0.36245874 -0.04621085 -0.023265613 -0.07542191 -0.006963859 -0.08496633 -0.02998256 -0.08209895 0.0841374 -0.09193361 -0.16998716 0.13406199 -0.017526971 0.0 0.04743053047658641
0.07033644 0.0126371905 0.13710302 -0.006677485 0.25674382 -0.021842048 -0.034573466 -0.0013723136 0.0 0.41618398 -0.15073124 0.43578967 0.035740923 -0.5587285 0.1403047 -0.5783342 -0.046167467 -0.5177674 0.036621485 -0.11071793 -0.06029361 0.07616816 -0.0057010995 0.00049133 0.0013134455 0.36166835 -0.047278605 -0.027661482 -0.07060599 -0.007523005 -0.08763201 -0.023449952 -0.07540922 0.07799828 -0.08766386 -0.20576793 0.10756326 -0.0057062246 0.0 0.03660028042824193
0.074995615 0.012854125 0.1370692 -0.008648432 0.25546876 -0.021642288 -0.037237674 0.000886151 0.0 0.4116409 -0.15014964 0.43110612 0.036337234 -0.56349057 0.14015155 -0.5829558 -0.046335343 -0.52242374 0.036936007 -0.1546984 0.07887119 0.07618588 -0.005606157 0.0003965908 0.0009870286 0.36102593 -0.048967186 -0.015768271 -0.049678996 -0.008037033 -0.08982148 -0.013807536 -0.05816959 0.07034704 -0.08456958 -0.2419905 0.07564999 0.0045508426 0.0 0.025122175462807872
0.079661265 0.01307838 0.13734333 -0.0073687164 0.25404418 -0.02206814 -0.040157586 -0.00035427985 0.0 0.4067215 -0.1505808 0.42650405 0.035872687 -0.5679145 0.14137967 -0.5876971 -0.04507382 -0.5267949 0.03775325 -0.11321196 -0.060403295 0.07618846 -0.0056978296 0.00035920134 0.0011905936 0.3603744 -0.051023535 -0.015006132 -0.038832027 -0.00845773 -0.09133957 -0.0047554346 -0.03804148 0.06176177 -0.08243588 -0.25223657 0.0591792 0.012486433 0.0 0.01287639199793339
0.08432768 0.013279279 0.13718134 -0.009829796 0.25249088 -0.022941435 -0.042586382 0.0019686483 0.0 0.40151432 -0.1517399 0.4219704 0.034640897 -0.57206047 0.14374001 -0.59251654 -0.04264077 -0.5313186 0.040388662 -0.1545231 0.08000738 0.076180115 -0.0059282174 0.00038642305 0.0013993626 0.35987255 -0.052941926 -0.0063660587 -0.004861261 -0.0088859815 -0.09235069 -0.001970705 -0.026869206 0.052952886 -0.080432415 -0.2492367 0.06894926 0.018374419 0.0 0.0
