120
-0.13003244 -0.015565802 -0.12884256 0.059390843 -0.20836948 -0.023180587 0.12884256 -0.059390843 0.0 0.32556272 -0.54503447 0.4734659 -0.42979166 -0.14116237 0.35902524 -0.28906554 0.24378246 0.046766922 0.21123704 0.12884256 -0.059390843 0.0 0.0 -2.106509401748431
-0.1343707 -0.0151378615 -0.032664962 0.13527955 -0.20582259 -0.028488055 0.032664962 -0.13527955 0.0 0.3322042 -0.54611945 0.47919488 -0.42971504 -0.14162856 0.35423538 -0.28861928 0.23783098 0.04745916 0.20793226 0.032664962 -0.13527955 -0.043974977 0.0 -2.1137592389858972
-0.13574123 -0.011987504 0.101921 0.066860944 -0.20699686 -0.034317087 -0.101921 -0.066860944 0.0 0.33797187 -0.54463476 0.48337704 -0.42625576 -0.14797767 0.34923843 -0.29338282 0.23085943 0.043068748 0.20550244 -0.101921 -0.066860944 -0.05318228 0.0 -2.134614275491573
-0.13662243 -0.008561897 0.031401586 0.0959288 -0.20859586 -0.039880443 -0.031401586 -0.0959288 0.0 0.34296602 -0.54306483 0.48681876 -0.42280415 -0.15457174 0.34441045 -0.29842448 0.22414975 0.03832852 0.20317215 -0.031401586 -0.0959288 -0.04192616 0.0 -2.1502711846173375
-0.13822472 -0.0042083752 0.08087516 0.11687115 -0.2103267 -0.046608508 -0.08087516 -0.11687115 0.0 0.34765533 -0.54266405 0.4899509 -0.42056483 -0.16124502 0.33834484 -0.3035406 0.21624562 0.033454165 0.19959688 -0.08087516 -0.11687115 -0.04694549 0.0 -2.165385966069943
-0.13833499 0.00020954566 0.10838279 0.07534988 -0.21257451 -0.053827763 -0.10838279 -0.07534988 0.0 0.3552088 -0.53863406 0.49503604 -0.4137157 -0.17119518 0.33202952 -0.3110224 0.20711118 0.026237741 0.19719997 -0.10838279 -0.07534988 -0.08852971 0.0 -2.1868149648543205
-0.14022167 0.0029087286 -0.037204172 0.10990841 -0.21253768 -0.059919767 0.037204172 -0.10990841 0.0 0.36176565 -0.53698444 0.4998866 -0.41018203 -0.17639296 0.326463 -0.3145139 0.1996606 0.022849616 0.1943223 0.037204172 -0.10990841 -0.021532964 0.0 -2.200500150104787
-0.1436752 0.005510154 0.0050935177 0.13056959 -0.21177036 -0.065361775 -0.0050935177 -0.13056959 0.0 0.36508778 -0.53933406 0.50252545 -0.4117914 -0.17770204 0.32120964 -0.31513974 0.19366698 0.022247596 0.19014128 -0.0050935177 -0.13056959 -0.016639732 0.0 -2.2125139104384473
-0.14604582 0.0095984 0.06077114 0.12742719 -0.21354637 -0.06867349 -0.06077114 -0.12742719 0.0 0.36062136 -0.5459014 0.49877834 -0.41913822 -0.17729183 0.31769902 -0.31544882 0.19093585 0.021913175 0.18550166 -0.06077114 -0.12742719 0.04721749 0.0 -2.2269937322911946
-0.1486084 0.013593476 0.022374362 0.13902374 -0.21509698 -0.072260186 -0.022374362 -0.13902374 0.0 0.35683864 -0.5521609 0.49558538 -0.4260435 -0.17704074 0.313939 -0.31578746 0.18782161 0.021545509 0.180814 -0.022374362 -0.13902374 -0.0003576556 0.0 -2.23827467583049
-0.1507329 0.01589814 -0.00025818287 0.06875184 -0.21546629 -0.07511651 0.00025818287 -0.06875184 0.0 0.35587642 -0.55572295 0.49477872 -0.42977697 -0.17693329 0.31103542 -0.3158356 0.18508941 0.02148846 0.17766532 0.00025818287 -0.06875184 0.0061883964 0.0 -2.2586918970135637
-0.15345976 0.019154806 0.027765749 0.13984202 -0.21708673 -0.0764334 -0.027765749 -0.13984202 0.0 0.3477902 -0.564623 0.4883612 -0.4405422 -0.17340302 0.3091698 -0.31397402 0.18508902 0.023220893 0.17316318 -0.027765749 -0.13984202 0.07887093 0.0 -2.271005366754257
-0.15725619 0.021922434 -0.031050526 0.1374259 -0.2190555 -0.07436819 0.031050526 -0.1374259 0.0 0.33044413 -0.5798038 0.4747874 -0.46013236 -0.16346042 0.30969858 -0.30780372 0.19002712 0.028860684 0.16767265 0.031050526 -0.1374259 0.13568205 0.0 -2.282328816468817
-0.16131997 0.024468547 -0.006046468 0.14130908 -0.22146422 -0.07015667 0.006046468 -0.14130908 0.0 0.30698586 -0.59756124 0.45608515 -0.48387018 -0.15026702 0.31132603 -0.29936633 0.19763501 0.036107734 0.16158219 0.006046468 -0.14130908 0.15715788 0.0 -2.2936333207466446
-0.16392335 0.028301569 0.07696789 0.117628686 -0.22654301 -0.062733844 -0.07696789 -0.117628686 0.0 0.2734642 -0.61717755 0.4283315 -0.5114781 -0.13539891 0.31448075 -0.2902662 0.2087813 0.04284998 0.15515058 -0.07696789 -0.117628686 0.212428 0.0 -2.3109257447748988
-0.16405144 0.03294794 0.13122073 0.05149255 -0.23329408 -0.05385868 -0.13122073 -0.05149255 0.0 0.23835821 -0.63261527 0.398318 -0.5347934 -0.12339853 0.31832552 -0.28335834 0.22050366 0.04665877 0.15028003 -0.13122073 -0.05149255 0.1588112 0.0 -2.3385167353565515
-0.16375339 0.037733015 0.12401298 0.06825114 -0.23980992 -0.0453858 -0.12401298 -0.06825114 0.0 0.20539725 -0.6447235 0.3695854 -0.5541779 -0.11332437 0.32149225 -0.27751252 0.23094667 0.04902108 0.1459852 -0.12401298 -0.06825114 0.16538951 0.0 -2.364441505015611
-0.16544415 0.042038463 0.07139815 0.12107232 -0.24488914 -0.036866363 -0.07139815 -0.12107232 0.0 0.17009914 -0.657511 0.3385688 -0.5752053 -0.10039476 0.32329953 -0.26886442 0.24099387 0.05306233 0.13997008 -0.07139815 -0.12107232 0.19016859 0.0 -2.3838279861870966
-0.16939898 0.044060677 -0.030617919 0.13590416 -0.24691206 -0.027405903 0.030617919 -0.13590416 0.0 0.1323605 -0.67049795 0.3052098 -0.59783864 -0.082306564 0.3240242 -0.25515583 0.2513649 0.06055134 0.1323203 0.030617919 -0.13590416 0.21454637 0.0 -2.3976351117623302
-0.17416541 0.044695366 -0.032827176 0.13777997 -0.24705078 -0.018352581 0.032827176 -0.13777997 0.0 0.09591797 -0.6815173 0.27253604 -0.6185705 -0.063180365 0.3233926 -0.23979844 0.26044577 0.06880947 0.12405005 0.032827176 -0.13777997 0.19349995 0.0 -2.4096984490493893
-0.1784773 0.043203592 -0.107973635 0.08981445 -0.24495463 -0.010492588 0.107973635 -0.08981445 0.0 0.066689886 -0.68894136 0.2460533 -0.6343061 -0.045335017 0.3222988 -0.22469842 0.26766348 0.07720749 0.11701339 0.107973635 -0.08981445 0.15192834 0.0 -2.421732426681898
-0.18196104 0.039931316 -0.12689945 0.062904745 -0.24110498 -0.004812404 0.12689945 -0.062904745 0.0 0.047679674 -0.6933024 0.22876965 -0.6446951 -0.030469283 0.32111812 -0.21155927 0.27251083 0.08514048 0.111849986 0.12689945 -0.062904745 0.10039312 0.0 -2.433972959164408
-0.18579093 0.0371372 -0.094358996 0.10481366 -0.23753586 0.0015909944 0.094358996 -0.10481366 0.0 0.023845445 -0.6977622 0.20671305 -0.6563413 -0.014198197 0.3189526 -0.1970658 0.27753174 0.09306056 0.105283864 0.094358996 -0.10481366 0.17256707 0.0 -2.442718980673975
-0.19011182 0.035016928 -0.08122294 0.11623844 -0.23441353 0.0071759103 0.08122294 -0.11623844 0.0 -0.0010594259 -0.7020215 0.18331116 -0.6679079 0.001372015 0.3154019 -0.18299857 0.28128833 0.10004612 0.09763556 0.08122294 -0.11623844 0.12652028 0.0 -2.4491661464556382
-0.19362092 0.031888474 -0.12191063 0.071223035 -0.23040763 0.012358315 0.12191063 -0.071223035 0.0 -0.021993272 -0.70456463 0.16345736 -0.6769184 0.01601086 0.31215164 -0.16943978 0.2845054 0.10701044 0.091068275 0.12191063 -0.071223035 0.12614489 0.0 -2.4556102095045143
-0.19596165 0.027836632 -0.13163581 0.043127276 -0.22566818 0.016968552 0.13163581 -0.043127276 0.0 -0.037417673 -0.7055111 0.1487346 -0.6830704 0.029051272 0.30974168 -0.157101 0.28730106 0.11382227 0.08619605 0.13163581 -0.043127276 0.08440928 0.0 -2.461973209492773
-0.19744398 0.02327512 -0.14009035 0.021148145 -0.22055134 0.020945188 0.14009035 -0.021148145 0.0 -0.04838944 -0.7055363 0.13821521 -0.6872346 0.040606134 0.30799025 -0.14599852 0.28968856 0.120392546 0.08261746 0.14009035 -0.021148145 0.077060096 0.0 -2.4687797493017545
-0.20017469 0.019731725 -0.094649516 0.09933668 -0.21657337 0.020618344 0.094649516 -0.09933668 0.0 -0.05127573 -0.70745564 0.13549335 -0.69091594 0.047281627 0.3051858 -0.13948745 0.2886461 0.1249374 0.07907001 0.094649516 -0.09933668 0.008294618 0.0 -2.468232541256051
-0.20419869 0.01751952 -0.06378847 0.12028434 -0.2139695 0.01737288 0.06378847 -0.12028434 0.0 -0.050603975 -0.71113706 0.13620833 -0.6950929 0.050639525 0.30123934 -0.13617277 0.2851952 0.12769514 0.07491833 0.06378847 -0.12028434 0.012621292 0.0 -2.4668549177772676
-0.2083369 0.015104066 -0.090447865 0.10889953 -0.21133456 0.011310944 0.090447865 -0.10889953 0.0 -0.04057924 -0.71550244 0.1460605 -0.697562 0.05037807 0.29784995 -0.13626167 0.2799095 0.12972808 0.07232313 0.090447865 -0.10889953 -0.067069195 0.0 -2.461499921461818
-0.21222745 0.012253471 -0.099417984 0.10145207 -0.20825936 0.0018515737 0.099417984 -0.10145207 0.0 -0.017119994 -0.71986914 0.168941 -0.69668394 0.04528678 0.2956414 -0.14077422 0.27245623 0.13095142 0.07243669 0.099417984 -0.10145207 -0.121880814 0.0 -2.4549118221663835
-0.21662004 0.01157054 -0.0023884007 0.13885874 -0.20689918 -0.007971385 0.0023884007 -0.13885874 0.0 0.003516275 -0.72430956 0.18888898 -0.6961456 0.03868122 0.29250884 -0.14669149 0.2643449 0.13029778 0.071680464 0.0023884007 -0.13885874 -0.07706952 0.0 -2.453337810779898
-0.22139144 0.011304298 -0.04641714 0.13396814 -0.2055558 -0.01759384 0.04641714 -0.13396814 0.0 0.02201458 -0.7286682 0.20665689 -0.6960573 0.032732252 0.28870162 -0.15191005 0.25609076 0.12962951 0.070138834 0.04641714 -0.13396814 -0.09012327 0.0 -2.4470975815505054
-0.22608761 0.010238547 -0.0630168 0.12715207 -0.20301433 -0.027569108 0.0630168 -0.12715207 0.0 0.043826353 -0.73218584 0.22751261 -0.6945613 0.02684843 0.2850988 -0.15683784 0.24747425 0.12965882 0.06925441 0.0630168 -0.12715207 -0.10058067 0.0 -2.4388401485770985
-0.22801924 0.011199471 0.067538746 0.025568336 -0.20313641 -0.03247985 -0.067538746 -0.025568336 0.0 0.05347061 -0.7335989 0.23661637 -0.6934258 0.022359835 0.28335166 -0.16078593 0.24317856 0.1281593 0.0689566 -0.067538746 -0.025568336 -0.018835645 0.0 -2.4563575397447552
-0.22793502 0.015064457 0.1345622 0.016926594 -0.2071693 -0.031697422 -0.1345622 -0.016926594 0.0 0.044255752 -0.7346914 0.22769305 -0.6958712 0.02065198 0.28246108 -0.16278532 0.24364088 0.124866106 0.067290954 -0.1345622 -0.016926594 0.056507394 0.0 -2.4806861472248345
-0.22673933 0.016434766 -0.009936078 -0.055797998 -0.20919643 -0.027674405 0.009936078 0.055797998 0.0 0.031648252 -0.7343631 0.21564758 -0.69830066 0.02331474 0.28302908 -0.16068459 0.24696667 0.1242874 0.06631892 0.009936078 0.055797998 0.050585676 0.0 -2.5039790329380924
-0.2248491 0.015797326 -0.007063994 -0.05953091 -0.20933431 -0.02220537 0.007063994 0.05953091 0.0 0.019679455 -0.7328162 0.20425516 -0.6998305 0.0283313 0.28457332 -0.15624441 0.2515876 0.12567216 0.06620773 0.007063994 0.05953091 0.06633989 0.0 -2.529298400390156
-0.22239138 0.012861175 -0.10964916 -0.09185985 -0.20723481 -0.014928354 0.10964916 0.09185985 0.0 0.0068317647 -0.73018396 0.1920584 -0.7010748 0.036809705 0.28680062 -0.14841694 0.25769147 0.12955147 0.06644242 0.10964916 0.09185985 0.08024413 0.0 -2.550683511497297
-0.2229565 0.0091199195 -0.120197505 0.060335282 -0.20381202 -0.008673705 0.120197505 -0.060335282 0.0 -0.011730702 -0.7301443 0.17429988 -0.70671624 0.0493504 0.28544682 -0.13668019 0.2620188 0.13530633 0.062354147 0.120197505 -0.060335282 0.13367493 0.0 -2.553597125498894
-0.22636852 0.005794445 -0.09673984 0.10338944 -0.20035799 -0.005173339 0.09673984 -0.10338944 0.0 -0.031685032 -0.7324728 0.15500532 -0.71506697 0.062174246 0.2806149 -0.12451611 0.2632091 0.14087799 0.054861758 0.09673984 -0.10338944 0.10759111 0.0 -2.5503545211242917
-0.22955313 0.004129821 -0.032732192 0.08826317 -0.19856696 0.0016567209 0.032732192 -0.08826317 0.0 -0.06615874 -0.73311067 0.12116497 -0.7249818 0.07781096 0.27407798 -0.10951275 0.2659491 0.14522576 0.044700537 0.032732192 -0.08826317 0.22550634 0.0 -2.5574470992400453
-0.23322597 0.0021881126 -0.07067219 0.1124728 -0.19628254 0.008746324 0.07067219 -0.1124728 0.0 -0.103981726 -0.73212856 0.08350698 -0.73418695 0.09448503 0.2657528 -0.093003675 0.26781118 0.14934072 0.033052072 0.07067219 -0.1124728 0.17701489 0.0 -2.553406316559782
-0.23767534 0.0019780516 0.040893037 0.13383389 -0.19587001 0.0108148735 -0.040893037 -0.13383389 0.0 -0.12825927 -0.73271984 0.059057258 -0.74101233 0.10328389 0.25800923 -0.08403265 0.26630172 0.15037039 0.023612903 -0.040893037 -0.13383389 0.0840845 0.0 -2.552311154929739
-0.23900306 0.0019431756 -0.025365202 -0.018634401 -0.19572908 0.012431754 0.025365202 0.018634401 0.0 -0.1393075 -0.7320356 0.047863156 -0.7431441 0.107108384 0.2550994 -0.08006226 0.26620784 0.15066464 0.020021463 0.025365202 0.018634401 0.030709624 0.0 -2.5612139650281573
-0.23925595 0.0036620384 0.10596906 0.019117957 -0.19720876 0.015809497 -0.10596906 -0.019117957 0.0 -0.15410627 -0.7295476 0.032835852 -0.7440007 0.109918855 0.253024 -0.077023275 0.26747707 0.14926527 0.017204942 -0.10596906 -0.019117957 0.08771519 0.0 -2.5795927378551378
-0.23831981 0.004921863 -0.018515114 -0.06521807 -0.19778001 0.022941422 0.018515114 0.06521807 0.0 -0.17765106 -0.7233895 0.008757325 -0.74359256 0.11650692 0.2505855 -0.06990147 0.27078855 0.14857268 0.013666617 0.018515114 0.06521807 0.124112114 0.0 -2.595644033970681
-0.23496462 0.0029478518 -0.099983424 -0.096648425 -0.19411916 0.03464308 0.099983424 0.096648425 0.0 -0.20686315 -0.71185046 -0.02152479 -0.7402396 0.129884 0.2482316 -0.05545436 0.27662075 0.15148953 0.010130848 0.099983424 0.096648425 0.18013628 0.0 -2.6066151272208735
-0.23461013 0.00046678542 -0.060354535 0.06517817 -0.19077913 0.038952064 0.060354535 -0.06517817 0.0 -0.22043996 -0.7070609 -0.035792693 -0.73964363 0.137982 0.24514182 -0.046665274 0.2777246 0.15418515 0.0066125244 0.060354535 -0.06517817 0.020354899 0.0 -2.600247121065669
-0.23509528 0.00032441737 0.04039971 -0.02194477 -0.19033565 0.040324472 -0.04039971 0.02194477 0.0 -0.2273361 -0.7053605 -0.043018386 -0.7397586 0.14043854 0.24326912 -0.043879155 0.27766728 0.1542937 0.0045919213 -0.04039971 0.02194477 0.04313312 0.0 -2.61547266382246
-0.23542055 0.0040565417 0.14363602 -0.0035459287 -0.19359332 0.042873453 -0.14363602 0.0035459287 0.0 -0.2389935 -0.7023472 -0.055075075 -0.73882 0.13944659 0.24207819 -0.04447183 0.27855098 0.15061153 0.00326002 -0.14363602 0.0035459287 0.03936774 0.0 -2.6385920288686244
-0.23756011 0.007436545 0.09880633 0.07441257 -0.19709665 0.042505052 -0.09880633 -0.07441257 0.0 -0.24654996 -0.70245767 -0.06283267 -0.7399304 0.13702196 0.23989518 -0.046695337 0.27736792 0.14688763 0.0010198135 -0.09880633 -0.07441257 0.008551474 0.0 -2.6491785364599036
-0.24062072 0.010508046 0.11063378 0.06445029 -0.20018703 0.04268994 -0.11063378 -0.06445029 0.0 -0.25918669 -0.70157754 -0.075964905 -0.74140245 0.13643466 0.23578045 -0.04678713 0.27560535 0.14323714 -0.0032017622 -0.11063378 -0.06445029 0.07126836 0.0 -2.6636616848990373
-0.24460308 0.011195777 0.00095523027 0.13596918 -0.20068151 0.043914486 -0.00095523027 -0.13596918 0.0 -0.27804562 -0.6986687 -0.09586335 -0.7430068 0.14060658 0.22863197 -0.0415757 0.27297008 0.14150444 -0.010445352 -0.00095523027 -0.13596918 0.1029603 0.0 -2.658544347817426
-0.24739775 0.011072445 0.028604701 0.04744936 -0.19942409 0.049147744 -0.028604701 -0.04744936 0.0 -0.30628836 -0.68976706 -0.12601556 -0.7413225 0.14894688 0.22013246 -0.03132593 0.27168792 0.14032659 -0.018791083 -0.028604701 -0.04744936 0.16816814 0.0 -2.670465803264174
-0.2512518 0.010514255 0.011154133 0.14266694 -0.19761172 0.05458509 -0.011154133 -0.14266694 0.0 -0.33889714 -0.6785271 -0.16123113 -0.73845243 0.15837054 0.20909958 -0.019295458 0.26902488 0.13859206 -0.029159904 -0.011154133 -0.14266694 0.1718192 0.0 -2.665784734609087
-0.25242344 0.009818266 -0.022391263 -0.021427358 -0.19468312 0.062226452 0.022391263 0.021427358 0.0 -0.3693682 -0.6636524 -0.19463052 -0.7316451 0.1679969 0.20028912 -0.0067407624 0.26828176 0.13733624 -0.036815703 0.022391263 0.021427358 0.15640219 0.0 -2.672291339833849
-0.24911636 0.008556338 -0.10099155 -0.10345677 -0.18895608 0.074050926 0.10099155 0.10345677 0.0 -0.39844912 -0.64255756 -0.22719432 -0.7188992 0.179961 0.19445975 0.0087062 0.27080137 0.13789976 -0.040890243 0.10099155 0.10345677 0.18273187 0.0 -2.67054619080286
-0.24628004 0.0054003997 -0.13322917 0.004574489 -0.18180308 0.08259054 0.13322917 -0.004574489 0.0 -0.41939396 -0.6251987 -0.25128305 -0.70823467 0.19157557 0.18835676 0.023464669 0.27139276 0.14026557 -0.045151383 0.13322917 -0.004574489 0.11732379 0.0 -2.653501242352131
-0.24388212 0.0012344344 -0.14141981 -0.010564256 -0.17336741 0.09025811 0.14141981 0.010564256 0.0 -0.44048154 -0.60692555 -0.27600724 -0.6969503 0.20412469 0.18024598 0.03965038 0.27027074 0.14305072 -0.050900593 0.14141981 0.010564256 0.1732439 0.0 -2.636053942416331
-0.24035697 -0.0019310514 -0.12864776 -0.05916638 -0.16395688 0.10038704 0.12864776 0.05916638 0.0 -0.46653885 -0.5821518 -0.30690715 -0.68050814 0.21766011 0.17086089 0.05802843 0.26921725 0.14479072 -0.056842484 0.12864776 0.05916638 0.19083947 0.0 -2.621198638314447
-0.23976313 -0.003706695 -0.007828561 0.059452888 -0.1578308 0.10662547 0.007828561 -0.059452888 0.0 -0.48857018 -0.5627224 -0.33317232 -0.6676402 0.22638965 0.16114827 0.07099181 0.26606613 0.14410225 -0.06332345 0.007828561 -0.059452888 0.12581213 0.0 -2.6168923101793284
-0.23938784 -0.006895972 -0.1372032 0.036269497 -0.15130985 0.1103644 0.1372032 -0.036269497 0.0 -0.5046335 -0.5473418 -0.35289565 -0.6574866 0.23454335 0.15178183 0.08280552 0.26192665 0.14466554 -0.06975992 0.1372032 -0.036269497 0.11975306 0.0 -2.590059830371627
-0.23835427 -0.011003283 -0.109484315 0.060919583 -0.14289585 0.1146129 0.109484315 -0.060919583 0.0 -0.5223204 -0.52838945 -0.3751234 -0.6445329 0.2443083 0.14051762 0.097111315 0.25666106 0.14561519 -0.07724014 0.109484315 -0.060919583 0.16168457 0.0 -2.5684760538826854
-0.23614007 -0.012799303 -0.06374604 -0.073660955 -0.13702556 0.118894786 0.06374604 0.073660955 0.0 -0.5332806 -0.51387453 -0.38919875 -0.63386065 0.2507272 0.13457596 0.10664534 0.25456208 0.14632395 -0.080502465 0.06374604 0.073660955 0.047254175 0.0 -2.5499155002730434
-0.23174545 -0.011570053 -0.043090787 -0.13553648 -0.13293816 0.1254531 0.043090787 0.13553648 0.0 -0.54043317 -0.5001369 -0.39851764 -0.6226776 0.25503284 0.13420531 0.11311729 0.25674602 0.14680429 -0.07897383 0.043090787 0.13553648 0.07238902 0.0 -2.53834065400395
-0.22865948 -0.010179293 -0.022675905 -0.0776532 -0.12985869 0.13083181 0.022675905 0.0776532 0.0 -0.54749656 -0.488033 -0.40759727 -0.61287063 0.25820345 0.13325901 0.118304126 0.25809664 0.14651448 -0.07812772 0.022675905 0.0776532 0.050720405 0.0 -2.5287727514067155
-0.22851828 -0.007540855 0.110553995 -0.039145328 -0.13045602 0.13394977 -0.110553995 0.039145328 0.0 -0.55400354 -0.48088562 -0.4153066 -0.60705775 0.25761154 0.13265918 0.11891461 0.25883132 0.1439026 -0.07764785 -0.110553995 0.039145328 0.02478176 0.0 -2.5392527671928833
-0.22735175 -0.0047113495 -0.014008969 -0.111402445 -0.13119078 0.13726692 0.014008969 0.111402445 0.0 -0.55730766 -0.47579056 -0.41913995 -0.60254204 0.25686797 0.1343523 0.118700296 0.26110378 0.14227992 -0.07547703 0.014008969 0.111402445 0.006745347 0.0 -2.5316892861245544
-0.22523649 -0.004538374 -0.055684168 -0.003937377 -0.12875056 0.13999751 0.055684168 0.003937377 0.0 -0.5598542 -0.46956354 -0.42272508 -0.5974379 0.2592715 0.13391744 0.12214238 0.2617918 0.1429756 -0.07497017 0.055684168 0.003937377 0.047191817 0.0 -2.517236754438857
-0.22222155 -0.0072673643 -0.14301963 -0.010282396 -0.12236255 0.14238267 0.14301963 0.010282396 0.0 -0.56347954 -0.45997176 -0.4284821 -0.59009457 0.2655061 0.12989184 0.13050865 0.26001462 0.14577445 -0.0770456 0.14301963 0.010282396 0.067385525 0.0 -2.48711378074575
-0.21829778 -0.008065288 -0.07910227 -0.104092225 -0.113917306 0.14874169 0.07910227 0.104092225 0.0 -0.57589316 -0.43776774 -0.4455435 -0.5725461 0.27327442 0.122652285 0.14292473 0.25743064 0.1463572 -0.07995765 0.07910227 0.104092225 0.16277288 0.0 -2.4757251440297576
-0.21434271 -0.007198044 -0.061545692 -0.097123705 -0.107364014 0.15518905 0.061545692 0.097123705 0.0 -0.58561885 -0.41812357 -0.45910317 -0.55650723 0.27894297 0.11824302 0.1524273 0.25662667 0.1463893 -0.08072505 0.061545692 0.097123705 0.06023377 0.0 -2.462143231149244
-0.21043742 -0.008698423 -0.13854374 -0.0025273077 -0.10156438 0.15795802 0.13854374 0.0025273077 0.0 -0.5867253 -0.40952232 -0.4618943 -0.54942757 0.28426698 0.11633764 0.15943602 0.2562429 0.1493141 -0.081011005 0.13854374 0.0025273077 0.034872435 0.0 -2.4316722235060633
-0.2086752 -0.012868917 -0.10527565 0.092308134 -0.09491853 0.15758646 0.10527565 -0.092308134 0.0 -0.58925897 -0.40191564 -0.4667235 -0.54383576 0.2901837 0.10968666 0.16764824 0.25160676 0.15203403 -0.085437514 0.10527565 -0.092308134 0.07755595 0.0 -2.4086754623464977
-0.20587225 -0.015583302 -0.1275341 -0.043592565 -0.0861632 0.16007634 0.1275341 0.043592565 0.0 -0.5973993 -0.38403094 -0.4792657 -0.52963555 0.29729223 0.100410335 0.17915863 0.24601495 0.15323423 -0.09039339 0.1275341 0.043592565 0.12849593 0.0 -2.3853580263663123
-0.20116395 -0.016353952 -0.11731724 -0.079234846 -0.07727775 0.16475381 0.11731724 0.079234846 0.0 -0.60407233 -0.36430433 -0.49020937 -0.51327235 0.30428684 0.093996726 0.19042389 0.24296477 0.15475808 -0.09255064 0.11731724 0.079234846 0.08621075 0.0 -2.3618783516006925
-0.1974335 -0.014169572 -0.009621954 -0.13838279 -0.07116664 0.17068955 0.009621954 0.13838279 0.0 -0.6117215 -0.34430122 -0.50182414 -0.49621835 0.30840063 0.08990096 0.19850324 0.2418181 0.15400738 -0.0926408 0.009621954 0.13838279 0.097880796 0.0 -2.360720873201784
-0.19349532 -0.0133640645 -0.12503771 -0.054324135 -0.06701295 0.17420925 0.12503771 0.054324135 0.0 -0.6117983 -0.33630425 -0.503158 -0.4891229 0.31187487 0.09029186 0.2032346 0.24311051 0.15598084 -0.0909699 0.12503771 0.054324135 -0.013759468 0.0 -2.329744584117171
-0.18948968 -0.015786383 -0.14060855 0.013736467 -0.06470045 0.1736965 0.14060855 -0.013736467 0.0 -0.6025295 -0.3441403 -0.4918318 -0.49547523 0.31528795 0.094912514 0.20459025 0.24624747 0.16186036 -0.08844164 0.14060855 -0.013736467 -0.070414454 0.0 -2.286745437513474
-0.1852656 -0.017928429 -0.13449766 -0.043959867 -0.062038973 0.17375599 0.13449766 0.043959867 0.0 -0.5938467 -0.3502627 -0.4814072 -0.50030804 0.31883466 0.09936935 0.20639515 0.2494147 0.16753662 -0.085745946 0.13449766 0.043959867 -0.02433271 0.0 -2.247044609382391
-0.18054225 -0.018448904 -0.111289315 -0.08714769 -0.060035974 0.1754711 0.111289315 0.08714769 0.0 -0.58558047 -0.35482883 -0.47136626 -0.50352776 0.32169455 0.10561474 0.20748033 0.25431365 0.17260647 -0.081285015 0.111289315 0.08714769 -0.057437867 0.0 -2.2072057438448
-0.1768336 -0.016190134 -0.0054372437 -0.13739549 -0.060123414 0.17897479 0.0054372437 0.13739549 0.0 -0.5807562 -0.35614812 -0.46517584 -0.50378764 0.32223496 0.11264096 0.2066546 0.2602805 0.17487644 -0.075625435 0.0054372437 0.13739549 -0.019723793 0.0 -2.1903908568454153
-0.17397708 -0.01585483 -0.099453814 -0.01287042 -0.0591195 0.18066308 0.099453814 0.01287042 0.0 -0.5766701 -0.35744137 -0.46024367 -0.5044146 0.32361355 0.11652649 0.2071871 0.26349974 0.17733882 -0.07258318 0.099453814 0.01287042 -0.018364277 0.0 -2.154245881309884
-0.17220923 -0.01717873 -0.03997336 0.0052920594 -0.061169222 0.17932677 0.03997336 -0.0052920594 0.0 -0.5658509 -0.3708654 -0.44598165 -0.51504445 0.32297343 0.124258354 0.20310414 0.26843745 0.18121134 -0.0682573 0.03997336 -0.0052920594 -0.12889297 0.0 -2.1160692335595
-0.17012443 -0.02025416 -0.1376887 0.041379876 -0.06075225 0.1772454 0.1376887 -0.041379876 0.0 -0.55559915 -0.3818088 -0.43319228 -0.5238398 0.32430643 0.12899686 0.20189954 0.27102786 0.18598011 -0.06600211 0.1376887 -0.041379876 -0.01964535 0.0 -2.0623827564952446
-0.16793737 -0.023859654 -0.117228374 0.040984634 -0.055640187 0.17629349 0.117228374 -0.040984634 0.0 -0.55397415 -0.37965462 -0.43245804 -0.5224485 0.32910916 0.12563747 0.20759305 0.2684313 0.1895659 -0.0684925 0.117228374 -0.040984634 0.0506475 0.0 -2.015756020404499
-0.16516736 -0.027787836 -0.13883568 0.029227424 -0.050676957 0.17518647 0.13883568 -0.029227424 0.0 -0.54998744 -0.37988475 -0.42872256 -0.522892 0.33398277 0.123854175 0.21271785 0.2668614 0.19409844 -0.0700302 0.13883568 -0.029227424 -0.02265258 0.0 -1.9543141418332457
-0.16241793 -0.028850589 -0.051792115 -0.067901626 -0.04971734 0.17564781 0.051792115 0.067901626 0.0 -0.54324305 -0.38457304 -0.42050123 -0.5263147 0.33545417 0.12830845 0.21271232 0.27005008 0.1975886 -0.06701654 0.051792115 0.067901626 -0.049542323 0.0 -1.9072524572894483
-0.1582415 -0.027177852 -0.05509241 -0.13149454 -0.04934046 0.17919077 0.05509241 0.13149454 0.0 -0.5375823 -0.38564104 -0.4135145 -0.52622354 0.3362587 0.1354714 0.21219091 0.27605388 0.20023389 -0.06113994 0.05509241 0.13149454 -0.02653719 0.0 -1.8605711995825867
-0.15423128 -0.028016007 -0.13541849 -0.018069446 -0.048287418 0.18056369 0.13541849 0.018069446 0.0 -0.5286504 -0.39098373 -0.40264523 -0.52983236 0.33788088 0.14219521 0.21187572 0.28104386 0.20459534 -0.056283336 0.13541849 0.018069446 -0.06298645 0.0 -1.7899394848260852
-0.14980367 -0.028490558 -0.0808311 -0.11318991 -0.05076528 0.18159795 0.0808311 0.11318991 0.0 -0.5118288 -0.405629 -0.38126972 -0.5402045 0.33646655 0.1561105 0.20590748 0.29068604 0.20986445 -0.0466965 0.0808311 0.11318991 -0.16097736 0.0 -1.725086918191847
-0.14573339 -0.026554491 -0.019503966 -0.13361481 -0.058806907 0.18300632 0.019503966 0.13361481 0.0 -0.48864836 -0.42744544 -0.35125494 -0.55503577 0.3292269 0.17772913 0.1918335 0.3053195 0.21336347 -0.031398658 0.019503966 0.13361481 -0.20760408 0.0 -1.6694081567467491
-0.1412169 -0.025575139 -0.090547405 -0.107794255 -0.06636078 0.18369907 0.090547405 0.107794255 0.0 -0.46297255 -0.4488467 -0.31895834 -0.56891406 0.32140076 0.19916162 0.17738657 0.31922895 0.21687625 -0.01585791 0.090547405 0.107794255 -0.1838255 0.0 -1.5989136904351937
-0.1388229 -0.023403531 0.067899704 -0.09177533 -0.07297471 0.18449558 -0.067899704 0.09177533 0.0 -0.44728404 -0.46149787 -0.29916993 -0.5764694 0.31401163 0.21347257 0.1658975 0.32844412 0.2170499 -0.005061613 -0.067899704 0.09177533 -0.08695829 0.0 -1.5605066992850012
-0.1378365 -0.018869285 0.0964326 -0.09945108 -0.08363083 0.18476813 -0.0964326 0.09945108 0.0 -0.43102252 -0.47609046 -0.2782998 -0.58486557 0.3018341 0.22965553 0.1491114 0.33843064 0.21395324 0.0073140888 -0.0964326 0.09945108 -0.19071805 0.0 -1.5234932256294633
-0.13671209 -0.014196576 0.09527419 -0.10475594 -0.09640207 0.18365945 -0.09527419 0.10475594 0.0 -0.40918648 -0.49426457 -0.25104785 -0.59500396 0.28622895 0.248402 0.12809034 0.34914142 0.20995274 0.021817122 -0.09527419 0.10475594 -0.1855453 0.0 -1.4875834727070967
-0.13503158 -0.010009068 0.07778706 -0.108287364 -0.11228836 0.1796934 -0.07778706 0.108287364 0.0 -0.37534574 -0.51903105 -0.21035098 -0.60809827 0.2646743 0.27187386 0.099679545 0.3609411 0.20494486 0.040376205 -0.07778706 0.108287364 -0.31112257 0.0 -1.4466585649201444
-0.13237393 -0.006526937 0.04851933 -0.121038415 -0.12947823 0.17318356 -0.04851933 0.121038415 0.0 -0.33141336 -0.54559124 -0.15936415 -0.62012523 0.23815042 0.29747063 0.0661012 0.3720046 0.19856988 0.061690744 -0.04851933 0.121038415 -0.31140393 0.0 -1.404499005455486
-0.12878902 -0.004253165 0.011621214 -0.12638931 -0.1454575 0.16504845 -0.011621214 0.12638931 0.0 -0.2824077 -0.5688859 -0.104390636 -0.6277602 0.20960534 0.32166412 0.031588286 0.38053837 0.19123533 0.08329192 -0.011621214 0.12638931 -0.32978013 0.0 -1.3595096466573051
-0.12633595 -0.0051186807 -0.08698991 -0.021866081 -0.15780671 0.15400858 0.08698991 0.021866081 0.0 -0.2306339 -0.5890333 -0.048184223 -0.6322579 0.1823468 0.3408071 -0.000102875136 0.38403165 0.18470487 0.10173972 0.08698991 0.021866081 -0.29831448 0.0 -1.300185846894335
-0.12657036 -0.009225299 -0.12730058 0.056499165 -0.16803636 0.13709962 0.12730058 -0.056499165 0.0 -0.16805142 -0.60950273 0.017744005 -0.6347279 0.1522782 0.3561811 -0.033517223 0.38140625 0.17794 0.11848328 0.12730058 -0.056499165 -0.3846197 0.0 -1.2300853103145473
-0.12724543 -0.013967968 -0.14091758 0.014386095 -0.17588024 0.11922403 0.14091758 -0.014386095 0.0 -0.103154585 -0.6238278 0.08421458 -0.6308311 0.12156554 0.3684711 -0.06580362 0.3754744 0.1702639 0.13440436 0.14091758 -0.014386095 -0.32949358 0.0 -1.1666202586558052
-0.12842374 -0.016784769 -0.05539166 0.05052181 -0.18361127 0.100816324 0.05539166 -0.05052181 0.0 -0.040041048 -0.63185185 0.14713733 -0.62087435 0.088590585 0.37741035 -0.09858779 0.36643282 0.15948689 0.14908496 0.05539166 -0.05052181 -0.35489574 0.0 -1.1142464357592372
-0.12985842 -0.01803625 -0.030527038 0.029250411 -0.1914962 0.08028836 0.030527038 -0.029250411 0.0 0.026273418 -0.6338485 0.21134675 -0.60378003 0.050981723 0.38327774 -0.13409162 0.3532093 0.14486398 0.163403 0.030527038 -0.029250411 -0.3789013 0.0 -1.0659951499378306
-0.13222726 -0.01884016 -0.04612795 0.08623419 -0.19721204 0.058536567 0.04612795 -0.08623419 0.0 0.09129483 -0.63006985 0.2724044 -0.58153564 0.01355512 0.3843821 -0.16755445 0.33584785 0.12908044 0.17506734 0.04612795 -0.08623419 -0.3507294 0.0 -1.0126591119218091
-0.13331388 -0.020245304 -0.04625732 -0.03251232 -0.20058654 0.03688821 0.04625732 0.03251232 0.0 0.15897988 -0.617426 0.33395615 -0.5500497 -0.025383767 0.383157 -0.20036003 0.3157808 0.11158604 0.18720283 0.04625732 0.03251232 -0.4036696 0.0 -0.9655111101772296
-0.1354819 -0.022637006 -0.12650608 0.0680466 -0.20033543 0.0133434 0.12650608 -0.0680466 0.0 0.23033653 -0.59652275 0.3966537 -0.50995 -0.06506759 0.37707505 -0.23138478 0.2905023 0.0930122 0.19771633 0.12650608 -0.0680466 -0.40249825 0.0 -0.9037743767408726
-0.13900705 -0.02566334 -0.133533 0.03159256 -0.1963074 -0.004841258 0.133533 -0.03159256 0.0 0.28392002 -0.57650256 0.4424038 -0.47630706 -0.09197224 0.3689398 -0.25045604 0.2687443 0.08057123 0.20344803 0.133533 -0.03159256 -0.23510483 0.0 -0.8474619804958234
-0.14227104 -0.028701058 -0.12854041 0.02678355 -0.19114329 -0.019033466 0.12854041 -0.02678355 0.0 0.326887 -0.55667615 0.47818214 -0.44592398 -0.11249605 0.36098325 -0.26379114 0.25023112 0.07091331 0.20762166 0.12854041 -0.02678355 -0.2517228 0.0 -0.7892776291106094
-0.14511596 -0.032238167 -0.133005 -0.019720528 -0.18392318 -0.036949303 0.133005 0.019720528 0.0 0.38302183 -0.52273566 0.5230647 -0.39805904 -0.1418774 0.34883595 -0.2819202 0.2241593 0.055322327 0.21366553 0.133005 0.019720528 -0.40594444 0.0 -0.7287897967600365
-0.1484186 -0.03311111 -0.06521723 0.1024284 -0.17633608 -0.056586105 0.06521723 -0.1024284 0.0 0.43595266 -0.48380682 0.5629529 -0.34586772 -0.1727223 0.3314668 -0.29972252 0.19352768 0.036900233 0.21650085 0.06521723 -0.1024284 -0.3218536 0.0 -0.6557362459241962
-0.15232942 -0.034586485 -0.13664542 -0.0106900595 -0.16599363 -0.074631326 0.13664542 0.0106900595 0.0 0.4849084 -0.4403383 0.59790504 -0.29071206 -0.20010163 0.3119366 -0.31309825 0.16231033 0.019699575 0.21788234 0.13664542 0.0106900595 -0.37203136 0.0 -0.5875037239476355
-0.15272643 -0.037855912 -0.0141625935 -0.114596725 -0.15553397 -0.08849144 0.0141625935 0.114596725 0.0 0.5291006 -0.38630104 0.62634015 -0.22598659 -0.22867025 0.29262426 -0.3259098 0.13230982 -0.000463727 0.2213463 0.0141625935 0.114596725 -0.36433637 0.0 -0.5324331010723893
-0.15135878 -0.038444113 0.051461127 0.026561933 -0.14691167 -0.10244535 -0.051461127 -0.026561933 0.0 0.56401587 -0.33047405 0.6447783 -0.16125913 -0.25770122 0.2694737 -0.3384636 0.10025879 -0.023522647 0.22131592 -0.051461127 -0.026561933 -0.35321608 0.0 -0.46163701473312346
-0.15220723 -0.037644412 -0.0613355 0.030180119 -0.13624953 -0.11668115 0.0613355 -0.030180119 0.0 0.59277254 -0.27774593 0.6574819 -0.10176596 -0.28107795 0.24335055 -0.34578732 0.06737058 -0.043440677 0.21713425 0.0613355 -0.030180119 -0.32239014 0.0 -0.3841897296968948
-0.15615764 -0.036141034 -0.10807527 0.093726814 -0.12263718 -0.13013409 0.10807527 -0.093726814 0.0 0.61727583 -0.22985253 0.6670867 -0.049089905 -0.29698056 0.21656822 -0.34679148 0.035805594 -0.05798487 0.21025729 0.10807527 -0.093726814 -0.2836117 0.0 -0.29316939602458136
-0.1602757 -0.034993432 -0.11927995 0.043659583 -0.10929637 -0.14043161 0.11927995 -0.043659583 0.0 0.63582253 -0.1874728 0.6727003 -0.0036351506 -0.30776718 0.19304617 -0.34464493 0.009208523 -0.06892502 0.20368518 0.11927995 -0.043659583 -0.23724055 0.0 -0.20391496738863313
-0.16507217 -0.034865838 -0.14121039 0.01234578 -0.09465952 -0.14834729 0.14121039 -0.01234578 0.0 0.6519309 -0.14413333 0.6761033 0.041802004 -0.31555185 0.17072117 -0.33972418 -0.015214166 -0.07800321 0.19772896 0.14121039 -0.01234578 -0.2541697 0.0 -0.111552446305752
-0.16879904 -0.03263595 -0.08189592 0.11227162 -0.08087726 -0.15683892 0.08189592 -0.11227162 0.0 0.66373616 -0.10237873 0.6753377 0.084762 -0.32274625 0.14663677 -0.33434775 -0.040503968 -0.08755442 0.18957359 0.08189592 -0.11227162 -0.23142405 0.0 0.0
