120
-0.06790451 0.12505776 -0.1298847 -0.02835705 -0.27965522 0.055845715 0.1298847 0.02835705 0.0 0.28743705 -0.5364441 0.40981856 -0.39439124 -0.3477968 0.25831005 -0.47017828 0.116257176 0.2728229 -0.13459805 0.12996466 0.028237727 0.0 0.0 -2.173231450100694
-0.07193185 0.12297393 -0.12243775 0.06762845 -0.27430576 0.059313953 0.12243775 -0.06762845 0.0 0.28297144 -0.54221994 0.40767202 -0.40219846 -0.3391092 0.2628713 -0.4638098 0.12284982 0.2749688 -0.14019164 0.1225039 -0.06773071 0.10121597 0.0 -2.173633080474061
-0.074404426 0.121482275 -0.06502813 -0.014546283 -0.26933932 0.06786958 0.06502813 0.014546283 0.0 0.26741624 -0.5520452 0.39675012 -0.4162918 -0.32726818 0.27348897 -0.45660207 0.13773553 0.27292526 -0.14997824 0.06508129 0.014457761 0.13205433 0.0 -2.1853751525212033
-0.077603936 0.12139839 -0.06868988 0.12133744 -0.26441586 0.07532669 0.06868988 -0.12133744 0.0 0.24958982 -0.5635779 0.38374442 -0.43258634 -0.3148772 0.28290495 -0.44903183 0.15191339 0.26962468 -0.16197534 0.06873223 -0.121414065 0.13241754 0.0 -2.1830603876443373
-0.08221645 0.121936105 -0.0890639 0.10459668 -0.25893596 0.080679365 0.0890639 -0.10459668 0.0 0.232603 -0.57566684 0.37121978 -0.44940665 -0.30216804 0.28988278 -0.4407848 0.16362256 0.26655483 -0.17500313 0.089097545 -0.10466285 0.12139255 0.0 -2.1802577291348273
-0.084403455 0.12409001 0.06758753 0.083796054 -0.25593212 0.08736247 -0.06758753 -0.083796054 0.0 0.21041007 -0.58711946 0.35370678 -0.46619678 -0.29121432 0.2980524 -0.43451104 0.1771297 0.25950474 -0.18803014 -0.06756113 -0.083853185 0.1459524 0.0 -2.185423902488117
-0.083973125 0.12871087 0.1292022 0.057979427 -0.25569665 0.09623242 -0.1292022 -0.057979427 0.0 0.18004252 -0.598413 0.3285992 -0.4840139 -0.28152952 0.30828843 -0.4300862 0.19388928 0.24692105 -0.20191774 -0.129182 -0.058028813 0.17142037 0.0 -2.1951585462908603
-0.0828411 0.13251683 0.10672349 0.02941921 -0.25395072 0.108569086 -0.10672349 -0.02941921 0.0 0.14394552 -0.6084243 0.298418 -0.5021487 -0.26838517 0.32170457 -0.42285764 0.21542896 0.23197159 -0.2160832 -0.10670861 -0.029461939 0.20695676 0.0 -2.207409425022179
-0.08365649 0.13684303 0.075074226 0.11847003 -0.25128227 0.11854114 -0.075074226 -0.11847003 0.0 0.10916773 -0.617989 0.2689075 -0.5198083 -0.2547231 0.3321371 -0.41446286 0.23395638 0.2172793 -0.23070227 -0.07506349 -0.118506856 0.17471306 0.0 -2.2084515966113805
-0.08274361 0.14051081 0.13290274 -0.023233192 -0.25037763 0.12672727 -0.13290274 0.023233192 0.0 0.08263798 -0.62260675 0.24589318 -0.53038967 -0.24593128 0.34030467 -0.40918648 0.2480876 0.2049727 -0.23957603 -0.13289478 0.023201656 0.10203052 0.0 -2.2239327517754237
-0.08291175 0.14339589 0.03656769 0.09352019 -0.24928592 0.13203554 -0.03656769 -0.09352019 0.0 0.063092045 -0.6261339 0.22881047 -0.53842044 -0.23899461 0.3454112 -0.40471303 0.25769773 0.19586653 -0.24659657 -0.03656168 -0.0935471 0.099423215 0.0 -2.224320923622604
-0.08593125 0.14696543 0.057263598 0.13004553 -0.24727848 0.13481487 -0.057263598 -0.13004553 0.0 0.043316767 -0.63196754 0.21147291 -0.5490232 -0.23089683 0.34780952 -0.39905298 0.26486522 0.18687779 -0.2563783 -0.057259146 -0.1300685 0.10803093 0.0 -2.220750670591876
-0.08989773 0.14945714 -0.0049867467 0.14081733 -0.24309784 0.1386655 0.0049867467 -0.14081733 0.0 0.02074279 -0.6377294 0.19167309 -0.56066394 -0.21934271 0.35096428 -0.390273 0.27389884 0.17723718 -0.267343 0.00498985 -0.14083691 0.13891423 0.0 -2.2136331642821743
-0.09263129 0.15295506 0.103023894 0.09391499 -0.23832089 0.14649859 -0.103023894 -0.09391499 0.0 -0.012548202 -0.6418082 0.16192752 -0.57314616 -0.20426987 0.357391 -0.3787456 0.28872898 0.16177286 -0.2794709 -0.10302207 -0.0939317 0.19973537 0.0 -2.217591210435974
-0.09445441 0.1574065 0.10608325 0.09387615 -0.23396209 0.15564391 -0.10608325 -0.09387615 0.0 -0.0498018 -0.6434092 0.12803175 -0.58398294 -0.1889084 0.3644626 -0.36674196 0.30503634 0.14326406 -0.29070342 -0.10608245 -0.093890384 0.18365793 0.0 -2.2223005426567375
-0.0934996 0.16051759 0.09364618 -0.060789123 -0.22831205 0.168359 -0.09364618 0.060789123 0.0 -0.0883223 -0.63960373 0.092507064 -0.5900357 -0.17185584 0.37438756 -0.35268518 0.32481954 0.12382641 -0.29803616 -0.09364616 0.06077704 0.20373651 0.0 -2.241585570609948
-0.092845246 0.1644947 0.12665063 0.055797033 -0.22427261 0.17854434 -0.12665063 -0.055797033 0.0 -0.12194805 -0.63504684 0.06098777 -0.5939283 -0.15831125 0.38172942 -0.34124705 0.34061086 0.10583104 -0.30369818 -0.12665108 -0.055807266 0.14645402 0.0 -2.253817488209543
-0.095817976 0.16692056 0.009326496 0.13512203 -0.21883498 0.18397228 -0.009326496 -0.13512203 0.0 -0.14899017 -0.6330483 0.03543796 -0.59924716 -0.14483477 0.38436952 -0.3292629 0.35056838 0.09180308 -0.31103334 -0.009327224 -0.13513069 0.1438288 0.0 -2.253624910543114
-0.10048478 0.1665355 -0.056951683 0.12926483 -0.21177748 0.18630445 0.056951683 -0.12926483 0.0 -0.16804086 -0.6325289 0.017371988 -0.6046304 -0.13141991 0.38423812 -0.31683278 0.35633966 0.08290581 -0.31836236 0.056950834 -0.12927215 0.09808964 0.0 -2.2480203021689995
-0.103057854 0.16596942 -0.010407006 0.04206527 -0.20684876 0.18831791 0.010407006 -0.04206527 0.0 -0.18066064 -0.6312643 0.0053072306 -0.6073436 -0.12227011 0.384485 -0.30823797 0.36056426 0.07695752 -0.3225451 0.010406155 -0.042071454 0.061346658 0.0 -2.2515567735310027
-0.10683226 0.16610894 -0.0056951987 0.14353648 -0.2026545 0.18877722 0.0056951987 -0.14353648 0.0 -0.19337885 -0.63117087 -0.0069571063 -0.6110915 -0.114047185 0.38315785 -0.30046892 0.36307845 0.07055292 -0.32783183 0.00569437 -0.14354171 0.086184345 0.0 -2.24712678541943
-0.11130155 0.16682695 0.016202874 0.13257588 -0.20042467 0.18693516 -0.016202874 -0.13257588 0.0 -0.20203997 -0.6330638 -0.015367985 -0.6154621 -0.10924351 0.3801218 -0.2959155 0.36252013 0.065897286 -0.3332571 -0.016203634 -0.13258031 0.02413234 0.0 -2.2420876012665936
-0.11608022 0.16718565 -0.012577742 0.14113162 -0.19909532 0.18349618 0.012577742 -0.14113162 0.0 -0.2062627 -0.63647306 -0.019475805 -0.6201357 -0.106608205 0.37606102 -0.2933951 0.3597237 0.06369835 -0.33848754 0.012577074 -0.14113536 0.027562134 0.0 -2.232731424123561
-0.1194927 0.16472988 -0.12197792 0.0627508 -0.19791947 0.1785882 0.12197792 -0.0627508 0.0 -0.19792232 -0.6414124 -0.011285307 -0.62344366 -0.10711837 0.37195376 -0.29375538 0.35398507 0.06942483 -0.34107962 0.12197738 -0.06275398 -0.071708575 0.0 -2.214393425628966
-0.122862704 0.16136138 -0.10020903 0.10016078 -0.19795209 0.17136396 0.10020903 -0.10016078 0.0 -0.1804254 -0.64844924 0.005784832 -0.6264948 -0.1113054 0.36662644 -0.29751563 0.34467202 0.08044028 -0.34247005 0.10020863 -0.10016348 -0.07780185 0.0 -2.1936993379031744
-0.12519217 0.16136862 0.04954405 0.05382418 -0.19979568 0.16655162 -0.04954405 -0.05382418 0.0 -0.1719662 -0.6529766 0.013953396 -0.6286834 -0.115610085 0.3628877 -0.30152968 0.33859456 0.085033044 -0.3437428 -0.04954436 -0.053826477 -0.024613447 0.0 -2.1912989470935518
-0.12647778 0.16369332 0.07207813 0.041140154 -0.20271742 0.1640123 -0.07207813 -0.041140154 0.0 -0.17098622 -0.65537405 0.014815587 -0.630196 -0.119467594 0.360747 -0.30526942 0.33556893 0.08453774 -0.34492025 -0.072078384 -0.041142102 -0.012544268 0.0 -2.1912513101667352
-0.12788017 0.16348757 -0.071393296 0.03961493 -0.20121701 0.16401923 0.071393296 -0.03961493 0.0 -0.17504588 -0.6555636 0.010922488 -0.6316467 -0.11663431 0.36018458 -0.30260268 0.33626768 0.08257855 -0.3468506 0.07139307 -0.03961658 0.048881646 0.0 -2.1816304290942403
-0.12864222 0.15931268 -0.14123529 -0.015186757 -0.19522041 0.16588804 0.14123529 0.015186757 0.0 -0.17779426 -0.6539273 0.008418669 -0.63199574 -0.10854977 0.3611399 -0.2947627 0.3392083 0.08310892 -0.34798038 0.1412351 0.015185358 0.030025251 0.0 -2.165256563129778
-0.13113008 0.15628843 -0.07242743 0.114514194 -0.18949342 0.16657953 0.07242743 -0.114514194 0.0 -0.18414176 -0.6534036 0.0023739494 -0.63421655 -0.099956915 0.3605339 -0.28647262 0.34134686 0.08123849 -0.3513319 0.07242724 -0.11451538 0.07171786 0.0 -2.147278868071925
-0.13528088 0.15558518 -0.007462787 0.12703855 -0.18674034 0.16439138 0.007462787 -0.12703855 0.0 -0.18955946 -0.6556043 -0.0028618374 -0.63827676 -0.09527566 0.35744396 -0.2819733 0.34011635 0.078817524 -0.356192 0.0074626156 -0.12703955 0.013027337 0.0 -2.1291551884781597
-0.14007828 0.15560271 -0.012159864 0.1407554 -0.18321916 0.16315661 0.012159864 -0.1407554 0.0 -0.20176342 -0.6566342 -0.01476782 -0.6428903 -0.08806901 0.3544196 -0.2750646 0.34067562 0.07230625 -0.36242384 0.012159703 -0.14075623 0.10916151 0.0 -2.1107796771368377
-0.1439819 0.15339744 -0.106006384 0.09145534 -0.17848676 0.16193679 0.106006384 -0.09145534 0.0 -0.20849247 -0.6575146 -0.021322971 -0.64638674 -0.08067144 0.35185057 -0.26784092 0.34072274 0.0696644 -0.3671654 0.106006235 -0.09145606 0.011872217 0.0 -2.0831770813802417
-0.14789489 0.15086211 -0.06380194 0.12333776 -0.17106184 0.1632113 0.06380194 -0.12333776 0.0 -0.22482231 -0.65502506 -0.0374088 -0.64933056 -0.06777941 0.35020816 -0.2551929 0.34451365 0.06163882 -0.37286565 0.063801795 -0.123338364 0.16848932 0.0 -2.060734277765463
-0.15134212 0.14808346 -0.09598062 0.090963714 -0.1612209 0.16686612 0.09598062 -0.090963714 0.0 -0.24977285 -0.64833903 -0.06228684 -0.6506297 -0.050069857 0.34929565 -0.23755586 0.35158634 0.048442736 -0.378633 0.09598048 -0.09096422 0.14370525 0.0 -2.0356259311947262
-0.15423395 0.14612015 -0.028432447 0.08650701 -0.15235887 0.17041369 0.028432447 -0.08650701 0.0 -0.27463225 -0.6404193 -0.087402396 -0.650481 -0.033740073 0.34807816 -0.22096992 0.35813984 0.034508664 -0.38330886 0.02843231 -0.08650743 0.15303819 0.0 -2.0163741014373575
-0.15871255 0.14568771 0.016333189 0.14109477 -0.14526187 0.1719965 -0.016333189 -0.14109477 0.0 -0.3005592 -0.63316417 -0.11389672 -0.65086657 -0.019483747 0.34466654 -0.20614621 0.36236897 0.018827688 -0.3888981 -0.01633332 -0.14109513 0.14631729 0.0 -1.9956101396560757
-0.16328494 0.14682037 0.06909639 0.12201951 -0.13759567 0.17520669 -0.06909639 -0.12201951 0.0 -0.3359793 -0.62043446 -0.15053934 -0.6481522 -0.0027113797 0.3408609 -0.18815133 0.36857864 -0.0039153034 -0.39370257 -0.06909651 -0.1220198 0.22742194 0.0 -1.983841302874029
-0.16438691 0.14743698 -0.006759192 -0.027563468 -0.12920475 0.18110871 0.006759192 0.027563468 0.0 -0.36833668 -0.6032489 -0.18457198 -0.64048845 0.014039003 0.33958995 -0.1697257 0.37682953 -0.025027031 -0.3939349 0.0067590713 0.027563224 0.15456116 0.0 -1.967810197977244
-0.16569597 0.14880672 0.08911271 0.06657529 -0.12185011 0.18627477 -0.08911271 -0.06657529 0.0 -0.39902547 -0.5854601 -0.2173001 -0.6316352 0.028967006 0.3375668 -0.15275837 0.3837419 -0.045897454 -0.3931727 -0.08911282 -0.06657549 0.19282652 0.0 -1.9609183068114469
-0.16743949 0.14851645 -0.054213494 0.044133563 -0.111303374 0.19115523 0.054213494 -0.044133563 0.0 -0.43193474 -0.5635609 -0.25313064 -0.61999977 0.047876656 0.33362207 -0.13092744 0.39006093 -0.0684392 -0.39167482 0.05421339 -0.04413373 0.21251325 0.0 -1.941167644538007
-0.17027499 0.14542846 -0.050500926 0.13379078 -0.10080428 0.19217227 0.050500926 -0.13379078 0.0 -0.4545294 -0.5476111 -0.27839887 -0.61190957 0.064526126 0.32745323 -0.1116044 0.39175168 -0.0837815 -0.3919839 0.050500832 -0.13379091 0.12764545 0.0 -1.9120824223872497
-0.17054908 0.14306495 -0.07657144 -0.027526364 -0.0917365 0.19453181 0.07657144 0.027526364 0.0 -0.47185647 -0.53204215 -0.29815406 -0.6026377 0.0783554 0.32377508 -0.095346995 0.39437062 -0.09574789 -0.38985857 0.07657135 0.027526252 0.12709859 0.0 -1.8846722811870564
-0.16665891 0.14111528 -0.0983568 -0.10363299 -0.078655384 0.20151156 0.0983568 0.10363299 0.0 -0.49403065 -0.50549924 -0.32400838 -0.5845478 0.097583875 0.32223773 -0.07243841 0.40128627 -0.1113877 -0.3819752 0.09835672 0.1036329 0.20719023 0.0 -1.8586982830463241
-0.1622168 0.14184393 -0.00644349 -0.13989465 -0.06712305 0.20943941 0.00644349 0.13989465 0.0 -0.5171039 -0.47606635 -0.35121796 -0.56346256 0.11489532 0.32126248 -0.05099063 0.4086587 -0.12879764 -0.37170124 0.006443422 0.13989457 0.15736209 0.0 -1.8438394207550717
-0.16110373 0.14379458 0.06485546 -0.00754977 -0.062352393 0.2131736 -0.06485546 0.00754977 0.0 -0.53145665 -0.45939022 -0.3680973 -0.55142266 0.122742414 0.31982723 -0.040616944 0.41185966 -0.14036575 -0.36600006 -0.064855516 0.0075497087 0.06747045 0.0 -1.8344727915331749
-0.16357362 0.14367081 0.011807546 0.11684992 -0.058510493 0.21238603 -0.011807546 -0.11684992 0.0 -0.543201 -0.44903365 -0.3820366 -0.54485786 0.12902573 0.31468582 -0.032138705 0.41051 -0.15003486 -0.36480677 -0.011807598 -0.116849974 0.09850681 0.0 -1.8157660420373438
-0.16703883 0.14327559 0.06516527 0.07519187 -0.05597365 0.21030197 -0.06516527 -0.07519187 0.0 -0.5530889 -0.44183093 -0.39376596 -0.54068655 0.13346413 0.309036 -0.025858855 0.40789163 -0.15839985 -0.36505628 -0.06516531 -0.075191915 0.04692747 0.0 -1.8024528896485537
-0.16962574 0.14120224 -0.06356603 0.11394201 -0.049341038 0.20858464 0.06356603 -0.11394201 0.0 -0.5657947 -0.42834276 -0.40950882 -0.5319331 0.14297323 0.30159166 -0.013312675 0.40518203 -0.16898024 -0.36344218 0.06356599 -0.11394205 0.14954871 0.0 -1.7746640421246287
-0.16984954 0.1366261 -0.12784947 0.058520205 -0.038493827 0.20732722 0.12784947 -0.058520205 0.0 -0.5766942 -0.41133368 -0.42408928 -0.52027404 0.15692587 0.2936187 0.00432098 0.40255907 -0.17787023 -0.3602135 0.12784944 -0.058520235 0.10809753 0.0 -1.7366481768242288
-0.17165682 0.13350059 0.009842697 0.128213 -0.031520907 0.20495826 -0.009842697 -0.128213 0.0 -0.5861009 -0.39906323 -0.43646908 -0.5120525 0.16614024 0.28598386 0.016508436 0.3989731 -0.18605065 -0.35864514 -0.009842726 -0.12821303 0.090758495 0.0 -1.7137476241876364
-0.17558248 0.13392724 0.12610228 0.050288595 -0.03045455 0.20268539 -0.12610228 -0.050288595 0.0 -0.59619635 -0.39089453 -0.4486965 -0.50665313 0.16868249 0.2800128 0.021182628 0.39577132 -0.19546227 -0.35793987 -0.12610231 -0.050288614 0.049648304 0.0 -1.7063262806772173
-0.17930654 0.13433038 0.051197767 0.100630134 -0.027725546 0.20081545 -0.051197767 -0.100630134 0.0 -0.6090951 -0.37746677 -0.46473464 -0.49711752 0.17340276 0.27280498 0.029042285 0.39245573 -0.20762475 -0.35521019 -0.05119779 -0.10063015 0.12827392 0.0 -1.6957994268465926
-0.1829226 0.13366795 0.05652794 0.0877581 -0.023589164 0.19840448 -0.05652794 -0.0877581 0.0 -0.62202394 -0.3621994 -0.4813132 -0.4861217 0.17960575 0.26433557 0.03889501 0.38825786 -0.22006698 -0.35198146 -0.056527957 -0.08775812 0.09414408 0.0 -1.6860403816533394
-0.18574695 0.1307214 -0.051422235 0.12949578 -0.01845742 0.19485046 0.051422235 -0.12949578 0.0 -0.6305004 -0.35086408 -0.4928803 -0.47820997 0.18629773 0.2557636 0.048677687 0.38310948 -0.22841367 -0.3505362 0.05142222 -0.12949578 0.08664703 0.0 -1.658333553034729
-0.18535554 0.12631194 -0.12835187 0.054698598 -0.004929231 0.19266102 0.12835187 -0.054698598 0.0 -0.64455926 -0.32044166 -0.51375735 -0.45478117 0.2027201 0.2428291 0.071918175 0.37716863 -0.24300103 -0.34105244 0.12835185 -0.054698605 0.25365365 0.0 -1.6320575308430403
-0.18475178 0.12182846 -0.08560532 0.105009116 0.010905258 0.1895614 0.08560532 -0.105009116 0.0 -0.6605494 -0.28112915 -0.5387033 -0.42364153 0.22136283 0.2262042 0.09951674 0.3687166 -0.26116276 -0.3276496 0.08560531 -0.10500912 0.22144908 0.0 -1.6189484620405397
-0.18419969 0.11706739 -0.10605906 0.093980834 0.024217382 0.18528262 0.10605906 -0.093980834 0.0 -0.67111075 -0.24936634 -0.5569448 -0.39810228 0.23631364 0.21078281 0.12214768 0.35951877 -0.27473095 -0.31687087 0.106059045 -0.09398084 0.17062311 0.0 -1.6041504190621665
-0.18506645 0.11336639 -0.008607603 0.11540248 0.030675586 0.18105784 0.008607603 -0.11540248 0.0 -0.6761175 -0.23468785 -0.5660028 -0.38644752 0.24338222 0.20083089 0.1332675 0.3525906 -0.2817016 -0.3128538 0.008607593 -0.11540248 0.049215514 0.0 -1.5995498618811559
-0.18492398 0.110260345 -0.09054282 0.042107224 0.037521996 0.17766155 0.09054282 -0.042107224 0.0 -0.6804525 -0.21846151 -0.57455903 -0.37319618 0.2506925 0.19156922 0.14479898 0.34630388 -0.28833893 -0.30745998 0.090542816 -0.04210723 0.13032877 0.0 -1.5890882810072442
-0.18146206 0.10731479 -0.14175919 -0.002206257 0.047850598 0.17570639 0.14175919 0.002206257 0.0 -0.6827707 -0.1965749 -0.5820266 -0.35471052 0.2613633 0.18259147 0.16061918 0.3407271 -0.2937983 -0.2984289 0.14175917 0.0022062548 0.10965117 0.0 -1.567314902846606
-0.17897725 0.10351033 -0.10557781 0.09180893 0.05908872 0.17154995 0.10557781 -0.09180893 0.0 -0.6862115 -0.17039815 -0.5920497 -0.33253947 0.27270404 0.16965666 0.17854224 0.331798 -0.30175233 -0.28814775 0.10557781 -0.09180893 0.176458 0.0 -1.5626491669481637
-0.17592922 0.10004031 -0.13936245 0.01974234 0.06942433 0.16773647 0.13936245 -0.01974234 0.0 -0.6874688 -0.14772134 -0.59908235 -0.3130818 0.28284007 0.15831277 0.19445358 0.32367322 -0.30740032 -0.27895293 0.13936244 -0.019742342 0.09325699 0.0 -1.54744036423768
-0.17332792 0.096166335 -0.10769389 0.09117986 0.07711406 0.1639139 0.10769389 -0.09117986 0.0 -0.68643606 -0.13507122 -0.601653 -0.3023078 0.29027554 0.14986861 0.20549245 0.3171052 -0.30929998 -0.27450645 0.10769389 -0.09117986 0.0707898 0.0 -1.5385695771415244
-0.17009687 0.094669305 -0.11282741 -0.061104495 0.08557323 0.16153745 0.11282741 0.061104495 0.0 -0.68662924 -0.114332505 -0.60691774 -0.28404498 0.29821542 0.14108321 0.21850389 0.3107957 -0.31386045 -0.26505482 0.112827405 0.061104495 0.12949601 0.0 -1.531311642771343
-0.16551615 0.093579285 -0.14118868 -0.003334712 0.09369346 0.16049966 0.14118868 0.003334712 0.0 -0.6843228 -0.09852094 -0.60831887 -0.2699259 0.30584085 0.13542838 0.22983691 0.30683333 -0.31491804 -0.25730997 0.14118868 0.0033347113 0.045269288 0.0 -1.5157858979536272
-0.1613071 0.09127756 -0.1397504 0.022789042 0.10173495 0.15804975 0.1397504 -0.022789042 0.0 -0.68142664 -0.0849704 -0.6089518 -0.2578971 0.31332392 0.12863562 0.24084903 0.3015623 -0.31535405 -0.2512973 0.1397504 -0.022789042 0.09353811 0.0 -1.5055348990265953
-0.15743701 0.08842824 -0.13519202 0.042389464 0.11024856 0.15424202 0.13519202 -0.042389464 0.0 -0.67867607 -0.06936214 -0.6104941 -0.244026 0.32104653 0.11961122 0.25286457 0.2942751 -0.31682292 -0.24467926 0.13519202 -0.042389464 0.08704363 0.0 -1.4977461451788483
-0.15317327 0.086316265 -0.14151144 -0.0009894492 0.11855481 0.15109351 0.14151144 0.0009894492 0.0 -0.6753839 -0.053997073 -0.6113059 -0.23020789 0.32848513 0.111541755 0.26440707 0.28775257 -0.31773034 -0.23772973 0.14151143 0.000989449 0.08160713 0.0 -1.488694890875471
-0.15189745 0.086170584 0.02663614 -0.014996628 0.1227777 0.14899081 -0.02663614 0.014996628 0.0 -0.67506623 -0.040339477 -0.61448973 -0.21778451 0.33188373 0.10529015 0.27130723 0.28273517 -0.32112065 -0.23111771 -0.026636142 0.014996628 0.06408943 0.0 -1.5170070856074402
-0.15046896 0.08524338 -0.101914085 0.033649627 0.12711865 0.14628036 0.101914085 -0.033649627 0.0 -0.67404616 -0.028464679 -0.6167166 -0.20698518 0.3353927 0.0987726 0.27806315 0.27729312 -0.32363954 -0.22566761 0.101914085 -0.033649627 0.06803161 0.0 -1.523067848623533
-0.14662023 0.08263423 -0.13406497 0.039823502 0.13459086 0.14218287 0.13406497 -0.039823502 0.0 -0.67006093 -0.015729627 -0.61648613 -0.19541265 0.3418233 0.09031968 0.2882485 0.2700027 -0.32386512 -0.2202345 0.13406496 -0.039823502 0.08109924 0.0 -1.525471571959728
-0.14240615 0.08032534 -0.13887139 0.027982775 0.14338116 0.13701625 0.13887139 -0.027982775 0.0 -0.6655673 0.0028398319 -0.6173008 -0.17834128 0.34899846 0.079080045 0.30073196 0.26026115 -0.32553646 -0.21175945 0.13887139 -0.027982775 0.12271087 0.0 -1.5335086078650786
-0.13776268 0.07977012 -0.13523266 -0.040741995 0.15291627 0.13220558 0.13523266 0.040741995 0.0 -0.66037375 0.027514102 -0.61872303 -0.1553013 0.35629243 0.06683572 0.31464174 0.24965112 -0.3283658 -0.1992998 0.13523266 0.040741995 0.13429143 0.0 -1.5463894866805643
-0.13381404 0.07776873 -0.116732165 0.07665935 0.16071181 0.12681636 0.116732165 -0.07665935 0.0 -0.6551199 0.044235956 -0.6184461 -0.13964249 0.36223894 0.05595099 0.32556516 0.23982944 -0.32938993 -0.19150501 0.116732165 -0.07665935 0.07677343 0.0 -1.56806593625647
-0.12963893 0.07559337 -0.1396185 0.021796321 0.16952394 0.11963833 0.1396185 -0.021796321 0.0 -0.6486986 0.06566894 -0.6184845 -0.11938067 0.3684467 0.041761402 0.33823258 0.226811 -0.3314211 -0.18133059 0.1396185 -0.021796321 0.15817986 0.0 -1.5958642796489526
-0.12541059 0.07335706 -0.12760901 0.061632704 0.17785123 0.11231875 0.12760901 -0.061632704 0.0 -0.64170456 0.08531393 -0.6175985 -0.10063001 0.37410253 0.02793562 0.34999648 0.21387956 -0.33273 -0.17199628 0.12760901 -0.061632704 0.0941613 0.0 -1.6273624331103518
-0.12091948 0.07186327 -0.1410148 0.010177783 0.18482406 0.10751052 0.1410148 -0.010177783 0.0 -0.6351206 0.09793187 -0.61497223 -0.08848245 0.3792374 0.018975046 0.35908914 0.20538937 -0.33168507 -0.16588762 0.1410148 -0.010177783 0.064214155 0.0 -1.6562772955780138
-0.11641874 0.07285191 -0.12072413 -0.071980014 0.19001916 0.107529186 0.12072413 0.071980014 0.0 -0.62997466 0.10421206 -0.6112505 -0.08235067 0.38375077 0.017511712 0.36502656 0.20407444 -0.32856265 -0.16191682 0.12072413 0.071980014 0.0004857496 0.0 -1.6832787897500978
-0.11389976 0.073378354 -0.04655593 0.007074819 0.19278818 0.10774248 0.04655593 -0.007074819 0.0 -0.62721187 0.106818005 -0.6090321 -0.07979857 0.3862563 0.017160108 0.36807656 0.20377669 -0.3265776 -0.16018923 0.04655593 -0.007074819 0.019013824 0.0 -1.7335149188272754
-0.11012958 0.07380394 -0.13826406 -0.039272074 0.1976385 0.10644303 0.13826406 0.039272074 0.0 -0.6223253 0.11420891 -0.6061243 -0.07258986 0.39013577 0.01381539 0.3739348 0.20061415 -0.32453763 -0.15596944 0.13826406 0.039272074 0.04944449 0.0 -1.7682809475027725
-0.105466284 0.07498871 -0.1331667 -0.048646122 0.20397128 0.10460857 0.1331667 0.048646122 0.0 -0.6157457 0.12617213 -0.6026906 -0.06087282 0.3948825 0.008754602 0.38182735 0.19579954 -0.32254693 -0.14897928 0.1331667 0.048646122 0.06674418 0.0 -1.8102391960778255
-0.10075539 0.07488832 -0.14061429 0.015885033 0.20818788 0.10580586 0.14061429 -0.015885033 0.0 -0.61162055 0.12355671 -0.5976956 -0.0634255 0.39954287 0.0108408425 0.3856179 0.19782305 -0.31714523 -0.15022807 0.14061429 -0.015885033 -0.07066891 0.0 -1.841310977039914
-0.09609426 0.07545606 -0.13079165 -0.05309973 0.21058564 0.11101233 0.13079165 0.05309973 0.0 -0.60941416 0.1121314 -0.59169954 -0.0745299 0.40382743 0.019948097 0.3861128 0.2066094 -0.30944625 -0.15562423 0.13079165 0.05309973 -0.076716125 0.0 -1.869987479396129
-0.09241671 0.07829963 -0.07926635 -0.11663689 0.21192878 0.117950454 0.07926635 0.11663689 0.0 -0.60796297 0.10459286 -0.5869557 -0.08172661 0.40674812 0.03031195 0.3857409 0.21663143 -0.3033148 -0.15782532 0.07926635 0.11663689 -0.058066525 0.0 -1.908095179042148
-0.08845145 0.080814525 -0.11987044 -0.07411184 0.21057555 0.12942617 0.11987044 0.07411184 0.0 -0.6081245 0.08326162 -0.57967633 -0.10206769 0.40874666 0.049655903 0.38029847 0.2349852 -0.2932167 -0.16675216 0.11987044 0.07411184 -0.20185381 0.0 -1.9230035682674793
-0.08386096 0.08071633 -0.14058197 0.006764173 0.20734923 0.1421018 0.14058197 -0.006764173 0.0 -0.60737705 0.049246956 -0.56838894 -0.13415474 0.40975338 0.07378167 0.3707653 0.25718334 -0.27870217 -0.1823705 0.14058197 -0.006764173 -0.2067555 0.0 -1.9253647584553593
-0.07940659 0.07893994 -0.13915049 0.026505027 0.20503488 0.15132666 0.13915049 -0.026505027 0.0 -0.60428274 0.01939528 -0.55651915 -0.16191906 0.41049066 0.09282016 0.36272705 0.2741345 -0.26484865 -0.19614662 0.13915049 -0.026505027 -0.15007317 0.0 -1.92451438199952
-0.07736812 0.07527229 -0.055165228 0.12521482 0.2041639 0.1534568 0.055165228 -0.12521482 0.0 -0.6015985 0.0013125574 -0.54931223 -0.17874965 0.4110195 0.10011043 0.35873324 0.28017262 -0.25687653 -0.20566708 0.055165228 -0.12521482 -0.047203768 0.0 -1.94612750434239
-0.07453302 0.07200795 -0.13519622 0.030302025 0.20632973 0.15310965 0.13519622 -0.030302025 0.0 -0.5979278 -0.0067988187 -0.54390734 -0.18634836 0.41369024 0.1017608 0.35966977 0.28131035 -0.25122562 -0.21044411 0.13519622 -0.030302025 -0.028124215 0.0 -1.9481451792489433
-0.06996358 0.07156918 -0.12719363 -0.059869725 0.20928553 0.15610084 0.12719363 0.059869725 0.0 -0.59333736 -0.011820081 -0.537529 -0.19082198 0.4171478 0.10682242 0.36133948 0.28582433 -0.24462156 -0.21199778 0.12719363 0.059869725 -0.0436519 0.0 -1.9442732882650877
-0.06639809 0.069569595 -0.112277605 0.077055454 0.2127799 0.1559441 0.112277605 -0.077055454 0.0 -0.5892941 -0.014579243 -0.53290546 -0.19339919 0.4208009 0.10734014 0.36441228 0.28616008 -0.23993087 -0.21362482 0.112277605 -0.077055454 0.013087236 0.0 -1.9512233080253554
-0.0623127 0.06764107 -0.1387011 -0.018264027 0.21697173 0.15573053 0.1387011 0.018264027 0.0 -0.5847891 -0.016259296 -0.52807355 -0.19497582 0.42508125 0.107507065 0.3683657 0.2862236 -0.23506245 -0.21466567 0.1387011 0.018264027 -0.021672174 0.0 -1.9445179323819526
-0.05765878 0.066438854 -0.14169526 -0.0019794127 0.22161253 0.15621783 0.14169526 0.0019794127 0.0 -0.579973 -0.016587306 -0.5230757 -0.19524606 0.429771 0.10820603 0.37287372 0.2868648 -0.23004472 -0.21463789 0.14169526 0.0019794127 0.0084748715 0.0 -1.9387369316133478
-0.054035615 0.063531905 -0.11894957 0.07617282 0.2245035 0.15663686 0.11894957 -0.07617282 0.0 -0.5754444 -0.023597121 -0.51689214 -0.20172036 0.43309844 0.11055822 0.3745462 0.28868145 -0.22369389 -0.21839291 0.11894957 -0.07617282 -0.058396086 0.0 -1.931196395597731
-0.05177806 0.059328206 -0.09344304 0.10637907 0.22573747 0.15660295 0.09344304 -0.10637907 0.0 -0.57154244 -0.035088662 -0.5104408 -0.21235357 0.43497196 0.11352159 0.37387037 0.2907865 -0.21703357 -0.22481814 0.09344304 -0.10637907 -0.044487666 0.0 -1.9254703674123952
-0.049919084 0.055192634 -0.09357732 0.095273905 0.22864236 0.15359749 0.09357732 -0.095273905 0.0 -0.5683867 -0.039134618 -0.50705373 -0.21631962 0.4379329 0.11078927 0.3766 0.28797427 -0.21363044 -0.2284012 0.09357732 -0.095273905 0.022799147 0.0 -1.9225376256872364
-0.046838026 0.05192492 -0.13009557 0.03789633 0.23113756 0.1537736 0.13009557 -0.03789633 0.0 -0.5639785 -0.046704363 -0.50092447 -0.22328421 0.44083473 0.113003775 0.37778074 0.28958362 -0.20739752 -0.23251025 0.13009557 -0.03789633 -0.07395394 0.0 -1.899273989595035
-0.04247709 0.050672356 -0.13161686 -0.0397665 0.23135795 0.1604571 0.13161686 0.0397665 0.0 -0.55796915 -0.061722185 -0.49010268 -0.23650888 0.44209304 0.12544574 0.37422657 0.30023244 -0.19643314 -0.23769239 0.13161686 0.0397665 -0.116944075 0.0 -1.8644072005760235
-0.0389537 0.049022656 -0.11110494 0.035337072 0.22939323 0.16845976 0.11110494 -0.035337072 0.0 -0.55153245 -0.0816522 -0.47749242 -0.25391456 0.44124022 0.14096555 0.3672002 0.31322792 -0.18396659 -0.24465267 0.11110494 -0.035337072 -0.13352042 0.0 -1.8285076471452728
-0.035800252 0.045456152 -0.12667145 0.0642869 0.22684702 0.17565285 0.12667145 -0.0642869 0.0 -0.54343706 -0.10552912 -0.46255854 -0.27468854 0.43962505 0.15666367 0.35874653 0.3258231 -0.169639 -0.2536804 0.12667145 -0.0642869 -0.14951792 0.0 -1.781108936714988
-0.03176175 0.0432908 -0.13679306 -0.032148264 0.22429842 0.18446459 0.13679306 0.032148264 0.0 -0.5342516 -0.12698816 -0.44674036 -0.29281348 0.43766135 0.17391297 0.35015017 0.3397383 -0.154882 -0.26022682 0.13679306 0.032148264 -0.14010587 0.0 -1.7200435742916114
-0.027056783 0.04233781 -0.13186488 -0.051114157 0.21853462 0.19790909 0.13186488 0.051114157 0.0 -0.52208745 -0.15405662 -0.4257481 -0.31491366 0.43215603 0.19889611 0.3358167 0.35975313 -0.13607565 -0.26661193 0.13186488 0.051114157 -0.2318788 0.0 -1.6473622009885711
-0.022801906 0.041460376 -0.11926268 -0.046374496 0.21089046 0.21172938 0.11926268 0.046374496 0.0 -0.5084268 -0.18195018 -0.40306002 -0.337044 0.42410702 0.22491215 0.31874022 0.38000596 -0.11661806 -0.27228138 0.11926268 0.046374496 -0.18857229 0.0 -1.5719191163770863
-0.018093025 0.040503543 -0.12581027 -0.0647334 0.20100023 0.22711484 0.12581027 0.0647334 0.0 -0.49123642 -0.21244098 -0.3760214 -0.36036578 0.41291082 0.25411445 0.2976958 0.40203926 -0.09438911 -0.2771404 0.12581027 0.0647334 -0.2654879 0.0 -1.4886258210429728
-0.013315115 0.04005727 -0.10920354 -0.09006749 0.18843205 0.2435115 0.10920354 0.09006749 0.0 -0.4712777 -0.24350382 -0.3459734 -0.3829853 0.39792773 0.28530443 0.27262342 0.42478588 -0.070870385 -0.28021598 0.10920354 0.09006749 -0.24641924 0.0 -1.406435250292967
-0.008591649 0.039265774 -0.11916803 -0.0762443 0.17458871 0.259076 0.11916803 0.0762443 0.0 -0.4490246 -0.2733781 -0.31416914 -0.40364805 0.38060394 0.31558096 0.24574849 0.4458509 -0.047023468 -0.28167927 0.11916803 0.0762443 -0.26175377 0.0 -1.3205088685534148
-0.007278511 0.037224356 -0.049908474 0.068665504 0.15598127 0.27177754 0.049908474 -0.068665504 0.0 -0.42360768 -0.3082893 -0.27888006 -0.4274957 0.35688728 0.3443851 0.21215965 0.46359146 -0.02220765 -0.28479853 0.049908474 -0.068665504 -0.29644522 0.0 -1.2373942886730378
-0.0055391667 0.03388149 -0.13862514 -0.022779409 0.13457544 0.2842909 0.13862514 0.022779409 0.0 -0.39033476 -0.34568542 -0.23544565 -0.4513529 0.32811415 0.3747224 0.17322503 0.48038983 0.0073107253 -0.28608784 0.13862514 0.022779409 -0.3465371 0.0 -1.1385799555086713
-0.0016779023 0.031113593 -0.11910641 -0.07530785 0.10673954 0.29948103 0.11910641 0.07530785 0.0 -0.3456801 -0.38441762 -0.18010648 -0.47240415 0.28915504 0.41065508 0.12358144 0.4986416 0.042995416 -0.28143626 0.11910641 0.07530785 -0.43242234 0.0 -1.0423576511526038
0.00062692346 0.02726554 -0.13954224 0.014762244 0.07032907 0.31184927 0.13954224 -0.014762244 0.0 -0.28701687 -0.42619193 -0.11120352 -0.49135265 0.23632038 0.44631848 0.060507044 0.5114792 0.08448917 -0.27238333 0.13954224 -0.014762244 -0.5106432 0.0 -0.9334378183111358
0.0007988652 0.025946595 0.02309551 0.008810409 0.027905852 0.31845912 -0.02309551 -0.008810409 0.0 -0.22407284 -0.46186623 -0.040944386 -0.5021182 0.17373253 0.47456697 -0.009395923 0.5148189 0.12262739 -0.2582176 -0.02309551 -0.008810409 -0.4912412 0.0 -0.8475650820338347
0.0013265071 0.024408255 -0.09504515 -0.028879056 -0.014057662 0.31969994 0.09504515 0.028879056 0.0 -0.15764832 -0.48763064 0.029251488 -0.502621 0.10920018 0.49417797 -0.07769963 0.5091683 0.15815832 -0.2387532 0.09504515 0.028879056 -0.49168321 0.0 -0.7480481025944807
0.000957708 0.022219881 -0.046544664 0.04195063 -0.057285696 0.3141998 0.046544664 -0.04195063 0.0 -0.084310316 -0.5053553 0.10281747 -0.4935467 0.03983814 0.50446814 -0.14728965 0.4926595 0.19278848 -0.21399632 0.046544664 -0.04195063 -0.528635 0.0 -0.651454773749806
-0.00092259154 0.020616004 -0.06173303 0.050389133 -0.1036098 0.29993594 0.06173303 -0.050389133 0.0 -0.002492737 -0.5138062 0.1805039 -0.47295916 -0.03734699 0.5030229 -0.22034362 0.46217588 0.22577773 -0.18279804 0.06173303 -0.050389133 -0.5868929 0.0 -0.5494521861425259
-0.0045651547 0.021173468 0.006083392 0.14232242 -0.15343305 0.27369928 -0.006083392 -0.14232242 0.0 0.08801975 -0.509947 0.26109108 -0.4378182 -0.12359566 0.48522896 -0.296667 0.4131002 0.2550787 -0.14420785 -0.006083392 -0.14232242 -0.65756047 0.0 -0.44485512888780576
-0.009178619 0.021274129 -0.09998503 0.09960767 -0.19860144 0.23698819 0.09998503 -0.09960767 0.0 0.18252508 -0.4890583 0.3394256 -0.3864012 -0.2080789 0.45040154 -0.36497942 0.34774444 0.2796479 -0.098877594 0.09998503 -0.09960767 -0.6677474 0.0 -0.3336818626561282
-0.013407165 0.019143892 -0.13865004 0.027595775 -0.23468396 0.19442174 0.13865004 -0.027595775 0.0 0.2746243 -0.4482337 0.40973556 -0.3182291 -0.28362226 0.40236434 -0.41873354 0.27235976 0.29761118 -0.046804495 0.13865004 -0.027595775 -0.6758164 0.0 -0.2255234454180819
-0.017669793 0.016925005 -0.13892761 0.028973298 -0.26223233 0.14628674 0.13892761 -0.028973298 0.0 0.35860562 -0.38940078 0.46692634 -0.23635545 -0.3493155 0.34135494 -0.45763618 0.18830961 0.3058688 0.009212603 0.13892761 -0.028973298 -0.68101245 0.0 -0.11164468708038378
-0.02171998 0.014380815 -0.1385904 -0.02850081 -0.27901027 0.09879298 0.1385904 0.02850081 0.0 0.42587587 -0.32017767 0.50578934 -0.15056019 -0.3988373 0.2756448 -0.47875074 0.10602732 0.30430225 0.063089415 0.1385904 0.02850081 -0.60126525 0.0 0.0
