98
-0.36222512 -0.115335375 0.15227087 -0.08527585 -0.014774751 -0.3891953 -0.15227087 0.08527585 0.0 -0.28682065 -0.81340766 -0.111607805 -0.88016623 0.24443786 0.05430235 0.069225 0.12106091 0.09371456 -0.04630518 -0.36562446 0.042953286 -0.028618176 -0.16873817 -0.06548221 0.034472562 -0.0707724 -0.71778524 -0.105174735 0.1384119 0.020644598 -0.58627117 -0.18868522 0.22117189 -0.23847525 -0.64753985 0.064607 0.15907544 0.0 0.0 0.033053801523149816
-0.36396906 -0.111439094 0.12491475 0.055420946 -0.0124825165 -0.3897028 -0.12491475 -0.055420946 0.0 -0.2773535 -0.8184317 -0.10104238 -0.88223326 0.23923256 0.058092732 0.062921435 0.121894285 0.08710593 -0.047961462 -0.18848085 -0.17560796 -0.028913109 -0.17313738 -0.1320735 -0.19487002 -0.06418496 -0.71808916 -0.22085203 -0.03873108 0.025683 -0.5814299 -0.12922847 0.085409276 -0.22911566 -0.648311 -0.079251714 0.076404154 -0.24798599 0.0 0.03563052344028404
-0.36699778 -0.1077246 0.13181339 0.050823595 0.012396045 -0.39146 -0.13181339 -0.050823595 0.0 -0.21956562 -0.8388512 -0.03896497 -0.8892463 0.2298085 0.07395716 0.049207848 0.12435219 0.084281534 -0.047268745 -0.1845512 -0.1702007 -0.019355997 -0.18089859 -0.09025042 -0.17031673 -0.01917098 -0.7230658 -0.27375352 -0.06881308 0.06423124 -0.5750271 -0.1512359 0.089040525 -0.18275061 -0.66101253 -0.08445272 0.08276073 -0.423896 0.0 0.03824379700623719
-0.36987823 -0.10389375 0.12429488 0.066711366 0.05380893 -0.3895864 -0.12429488 -0.066711366 0.0 -0.12430379 -0.8610108 0.06094723 -0.8899644 0.2153664 0.09804103 0.030115372 0.12699462 0.08364844 -0.04356281 -0.16494562 -0.19037354 -0.0010251126 -0.18830054 -0.0982307 -0.19216485 0.05646573 -0.7236309 -0.26412308 -0.09442438 0.1254246 -0.5612261 -0.16432537 0.06877438 -0.10739765 -0.6754073 -0.09061493 0.07096034 -0.55302185 0.0 0.04060259553061481
-0.3726493 -0.0999847 0.11702681 0.07873897 0.10638581 -0.38023573 -0.11702681 -0.07873897 0.0 -0.0007231852 -0.8726713 0.18677086 -0.87416625 0.19474392 0.12580197 0.007249878 0.12729692 0.084387355 -0.037982807 -0.14199637 -0.20843835 0.024303794 -0.19312753 -0.064964205 -0.19424734 0.15328021 -0.7114364 -0.2570072 -0.10499116 0.20032242 -0.53519195 -0.17818497 0.04868081 -0.010725136 -0.68180376 -0.10271149 0.06226967 -0.63580704 0.0 0.04279647616829034
-0.37541506 -0.09607638 0.09987087 0.09943101 0.16435227 -0.3607654 -0.09987087 -0.09943101 0.0 0.14011797 -0.86413187 0.32527974 -0.8346129 0.16784516 0.15291652 -0.017316613 0.12339754 0.08577985 -0.031397797 -0.11243705 -0.23303199 0.05504553 -0.19326662 -0.020743547 -0.19905584 0.26065996 -0.68074584 -0.2403626 -0.122159675 0.279703 -0.494243 -0.18778165 0.011307459 0.098415025 -0.6727387 -0.10794626 0.0420718 -0.68423367 0.0 0.044773812059315424
-0.37829658 -0.09225804 0.07671036 0.118087515 0.22282264 -0.3300498 -0.07671036 -0.118087515 0.0 0.28786165 -0.8297848 0.46490037 -0.76803094 0.13554654 0.17617562 -0.0414922 0.114421785 0.087932736 -0.023931388 -0.053677134 -0.24107394 0.08865623 -0.18780462 0.00466193 -0.22223812 0.36943513 -0.6291052 -0.21682869 -0.14288977 0.35620633 -0.43803066 -0.1883441 -0.031255838 0.21192093 -0.64407676 -0.108527444 0.020026863 -0.71764535 0.0 0.046704749286040396
-0.3811352 -0.08840603 0.05847444 0.12816077 0.27762622 -0.2879789 -0.05847444 -0.12816077 0.0 0.43318686 -0.767318 0.59590226 -0.6741517 0.099015445 0.19366364 -0.06369994 0.10049736 0.0904282 -0.015816482 -0.014290175 -0.24736291 0.12302256 -0.17559414 0.041739367 -0.210811 0.47188404 -0.5560376 -0.1995949 -0.14419766 0.42420372 -0.3676231 -0.18752517 -0.07021432 0.32260782 -0.5942492 -0.11301468 0.0026548414 -0.7251028 0.0 0.04868278614548918
-0.38369495 -0.084362194 0.04614533 0.13322985 0.3242872 -0.23677683 -0.04614533 -0.13322985 0.0 0.5650793 -0.67947793 0.70795923 -0.5580631 0.060413346 0.20396335 -0.08246661 0.08254849 0.092870325 -0.006946559 0.033891063 -0.2288212 0.15540136 -0.15697002 0.0601061 -0.20614214 0.5596607 -0.46509352 -0.18729392 -0.12898715 0.47828272 -0.28719372 -0.18490271 -0.105471626 0.4220492 -0.52556103 -0.12212145 -0.013584612 -0.70274776 0.0 0.04988195893633377
-0.385924 -0.08012106 0.032396745 0.13736239 0.35997853 -0.18057926 -0.032396745 -0.13736239 0.0 0.67505544 -0.5738878 0.79428893 -0.42918253 0.022527188 0.2067293 -0.09670628 0.06202398 0.09458754 0.0015606043 0.044454798 -0.2426194 0.1836718 -0.13347092 0.08643034 -0.1842734 0.6273895 -0.36338827 -0.164541 -0.10523148 0.51564485 -0.20310657 -0.17389621 -0.14130409 0.5038981 -0.4440324 -0.12705535 -0.03187714 -0.65886706 0.0 0.05073908687353725
-0.38834986 -0.07602041 -0.0074045816 0.14026648 0.38478345 -0.12380788 0.0074045816 -0.14026648 0.0 0.7601443 -0.46006575 0.85400885 -0.2977522 -0.011663482 0.20285884 -0.10552805 0.040545274 0.096206106 0.009303859 0.09935979 -0.22806284 0.20731078 -0.10735225 0.12943737 -0.17537025 0.6742188 -0.25897855 -0.11646619 -0.08652063 0.53734547 -0.12153391 -0.1302442 -0.17346391 0.5662501 -0.35703993 -0.10258914 -0.050885845 -0.5973819 0.0 0.051197616215080774
-0.39092457 -0.07199103 -0.026290335 0.13831799 0.39974573 -0.07041804 0.026290335 -0.13831799 0.0 0.82058066 -0.34765998 0.88948876 -0.1732813 -0.04053079 0.19422871 -0.10943892 0.019850042 0.09804039 0.015973423 0.12093469 -0.22306094 0.22606961 -0.080518894 0.15279825 -0.13735166 0.70290476 -0.16301262 -0.04037389 -0.24095976 0.545691 -0.046842143 -0.11237686 -0.16235846 0.6103919 -0.27098203 -0.053678133 -0.023980234 -0.517704 0.0 0.0512247978960847
-0.39339027 -0.06796063 -0.03997827 0.1332547 0.40684488 -0.023655126 0.03997827 -0.1332547 0.0 0.85944855 -0.24527428 0.90568 -0.063563235 -0.0634456 0.18300442 -0.10967704 0.0012933726 0.10041062 0.021957502 0.15775199 -0.17408109 0.2401162 -0.054913502 0.16474883 -0.10581179 0.71862155 -0.08169249 0.0427182 -0.27466798 0.54417187 0.01678211 -0.090577364 -0.17767465 0.6376906 -0.19286667 -0.07101289 -0.052274194 -0.43257874 0.0 0.05185953729654007
-0.39585432 -0.0640035 -0.05636766 0.12515464 0.40894112 0.015183476 0.05636766 -0.12515464 0.0 0.8824222 -0.15738763 0.90920097 0.028190237 -0.080547675 0.17101042 -0.107326455 -0.014567455 0.10363084 0.027685909 0.18211122 -0.12968862 0.25053874 -0.031849444 0.17486934 -0.07124057 0.7248965 -0.014371384 0.037262253 -0.26544043 0.53695333 0.06797212 -0.06985837 -0.18119547 0.65247566 -0.12608562 -0.0553843 -0.043872308 -0.35457325 0.0 0.05317043482949618
-0.39829174 -0.06008984 -0.06440352 0.11950647 0.40832743 0.046271827 0.06440352 -0.11950647 0.0 0.8949026 -0.084914014 0.9056123 0.10227988 -0.09275516 0.15939808 -0.10346482 -0.027795814 0.10743225 0.033046987 0.19182582 -0.09493031 0.25845477 -0.012034329 0.17918059 -0.05536983 0.72505414 0.039248712 0.040932946 -0.25919285 0.5271864 0.10771451 -0.058179278 -0.18177357 0.6590405 -0.07122494 -0.056777705 -0.054155607 -0.28143266 0.0 0.05489101378904703
-0.40067872 -0.056193884 -0.071409054 0.11401255 0.40666717 0.07004948 0.071409054 -0.11401255 0.0 0.9010339 -0.027759964 0.898995 0.15972894 -0.100945875 0.148855 -0.09890701 -0.03863391 0.111514285 0.03810234 0.18960395 -0.053956266 0.26483157 0.004195634 0.18051934 -0.039302465 0.7224366 0.07981462 0.04707312 -0.25353315 0.516998 0.13715944 -0.049812287 -0.17875516 0.6605569 -0.02811377 -0.052494317 -0.053154543 -0.21748964 0.0 0.05675936651464404
-0.40306512 -0.05234031 -0.07765516 0.10853951 0.4050926 0.08743187 0.07765516 -0.10853951 0.0 0.90388125 0.015494368 0.8920835 0.20262283 -0.105935 0.13970156 -0.09413726 -0.0474269 0.11600171 0.042401116 0.1958723 -0.043408226 0.27041304 0.017121313 0.18051527 -0.023413153 0.71919495 0.108928934 0.05355779 -0.24639654 0.50775945 0.15782544 -0.041126672 -0.17763282 0.659412 0.004397082 -0.050517343 -0.057382338 -0.16041355 0.0 0.05851512931907392
-0.4054625 -0.048531618 -0.08177291 0.1042682 0.4042539 0.09918533 0.08177291 -0.1042682 0.0 0.9054121 0.04621746 0.88652545 0.23276383 -0.108388476 0.13203534 -0.08950189 -0.054511018 0.1210976 0.04550753 0.20109329 -0.038705137 0.27575448 0.026830798 0.18272674 -0.015935345 0.71658075 0.12793812 0.058464743 -0.24068047 0.5002635 0.17087758 -0.032950304 -0.17997733 0.65711117 0.027414938 -0.04871436 -0.058617905 -0.110463865 0.0 0.06014134703940451
-0.4078501 -0.044742417 -0.083701916 0.101899974 0.40442288 0.1060667 0.083701916 -0.101899974 0.0 0.90677506 0.06597398 0.8831086 0.25197437 -0.108893536 0.12575354 -0.085227124 -0.060246866 0.12677193 0.047416463 0.2030937 -0.035964813 0.28121743 0.033480216 0.18444656 -0.013216051 0.7152304 0.13822235 0.06348938 -0.23732808 0.49473342 0.17752938 -0.029020833 -0.1804883 0.65455306 0.042213596 -0.04853367 -0.061021786 -0.06823987 0.0 0.0619265863007561
-0.41023064 -0.040966775 -0.08520653 0.100057445 0.40563858 0.10885792 0.08520653 -0.100057445 0.0 0.9085467 0.07647711 0.8820294 0.26209253 -0.107919484 0.12066705 -0.081402205 -0.06494837 0.13295807 0.048204586 0.20454706 -0.034630366 0.28700036 0.037369374 0.18771702 -0.013758502 0.71529263 0.14116816 0.06671996 -0.23577745 0.4910634 0.17895967 -0.025921218 -0.18086787 0.6521995 0.050148193 -0.047972098 -0.062189534 -0.03352031 0.0 0.06379501920101523
-0.41266766 -0.03723939 -0.088212974 0.097028755 0.40783903 0.10833475 0.088212974 -0.097028755 0.0 0.910959 0.07943146 0.88315916 0.2648591 -0.10578837 0.11659323 -0.07798851 -0.06883444 0.13963024 0.048003357 0.20768547 -0.03274454 0.2932214 0.038890433 0.1932265 -0.014287675 0.7167182 0.13824354 0.072938375 -0.23083302 0.48902968 0.17624606 -0.022012683 -0.17902744 0.65026873 0.052562967 -0.04530661 -0.061107907 -0.00587939 0.0 0.0657034327808582
-0.41521853 -0.033593487 -0.09152687 0.093768775 0.41087994 0.10519464 0.09152687 -0.093768775 0.0 0.91400605 0.07639822 0.8861668 0.26182 -0.1027492 0.113344006 -0.074909955 -0.07207775 0.14675634 0.046885252 0.21223067 -0.034135617 0.29990247 0.03844094 0.19949982 -0.015454831 0.7195108 0.13400762 0.089488335 -0.062997445 0.49111885 0.16928315 0.11621485 -0.22782053 0.6491672 0.049180567 -0.029677564 -0.13148803 0.016024336 0.0 0.06730786218426259
-0.41793993 -0.030089004 -0.09620958 0.08845418 0.41460964 0.10000898 0.09620958 -0.08845418 0.0 0.9175815 0.06863378 0.8906931 0.2541958 -0.098970994 0.110791236 -0.07208263 -0.07477079 0.15435582 0.0448933 0.22010694 -0.03714323 0.3070126 0.03640639 0.20652631 -0.013521545 0.72390825 0.12905931 0.12399886 -0.018763946 0.49639374 0.15925883 0.13920148 -0.21690199 0.6484841 0.04194915 -0.026989644 -0.10414306 0.033588946 0.0 0.06904493577190207
-0.42087606 -0.026766937 -0.10102456 0.08277286 0.41888154 0.0932312 0.10102456 -0.08277286 0.0 0.9215382 0.057156235 0.8963854 0.24296148 -0.09457589 0.108813286 -0.06942311 -0.07699195 0.16239004 0.042103212 0.22760238 -0.039688107 0.31447557 0.033131972 0.21253459 -0.009587971 0.7293989 0.12184857 0.12903185 -0.008628707 0.5024624 0.14737663 0.13501881 -0.21128277 0.6480369 0.032664344 -0.021475412 -0.08874213 0.0468224 0.0 0.07079848628994115
-0.4240204 -0.023662752 -0.105207644 0.0766417 0.42350864 0.08531179 0.105207644 -0.0766417 0.0 0.9256773 0.04298271 0.9028393 0.22908665 -0.08971504 0.107284024 -0.06687705 -0.078819916 0.17077738 0.038542986 0.23528665 -0.04685456 0.32219595 0.02893766 0.21830226 -0.005712487 0.7353463 0.11231407 0.13424756 -0.016078379 0.5088779 0.13418694 0.13925844 -0.2008006 0.64785683 0.021932704 -0.010279267 -0.07164699 0.055473037 0.0 0.07237199745403301
-0.4270164 -0.020804854 -0.09471768 0.073747806 0.42797878 0.07668676 0.09471768 -0.073747806 0.0 0.92948604 0.027132744 0.9093296 0.21354617 -0.084875405 0.1060452 -0.06471897 -0.080368236 0.17902848 0.03438789 0.22550501 -0.05152703 0.329734 0.024126427 0.20864168 -0.0045704665 0.7412253 0.1009331 0.12629965 -0.029412467 0.51523036 0.12030791 0.1324201 -0.19086981 0.6476892 0.010433336 -0.0090897195 -0.060932677 0.05877847 0.0 0.07372832666738668
-0.42967087 -0.018844033 -0.075193666 0.032037 0.43190536 0.06855285 0.075193666 -0.032037 0.0 0.932613 0.011483029 0.9152546 0.1981778 -0.08045084 0.10559954 -0.06309242 -0.081095226 0.18678023 0.030617857 0.20583874 -0.014692392 0.3368 0.019718917 0.19092399 0.033425253 0.746649 0.089313194 0.11096692 -0.0023001225 0.5210847 0.107223384 0.11406704 -0.13095163 0.6472614 -0.00038040607 -0.018616943 -0.01170497 0.0554495 0.0 0.07483870021485176
-0.43202272 -0.0157683 -0.07214264 0.11498784 0.43536082 0.059970032 0.07214264 -0.11498784 0.0 0.93527204 -0.0037001255 0.92037797 0.18320738 -0.07646207 0.103772454 -0.061568014 -0.08313505 0.19416443 0.02581313 0.2018987 -0.09877006 0.34358162 0.014533293 0.18906884 -0.05250937 0.7517468 0.07738536 0.11655781 -0.095227376 0.52624 0.09483645 0.10551292 -0.17592669 0.64681935 -0.010991091 -0.01040312 -0.08977966 0.046572275 0.0 0.07614888877761727
-0.4343599 -0.014909248 -0.07375674 -0.041408762 0.4384855 0.053662937 0.07375674 0.041408762 0.0 0.93753624 -0.016433008 0.92504793 0.17065063 -0.07273154 0.10404603 -0.06024318 -0.083037615 0.20128156 0.023124827 0.20362371 0.056880172 0.35012785 0.011500974 0.19134614 0.1032405 0.7566796 0.067613475 0.12287858 0.0582201 0.5311012 0.086139016 0.115670264 0.0240335 0.64641416 -0.019026639 0.0017352502 0.072260685 0.05122057 0.0 0.077333064420781
-0.43607026 -0.013472609 -0.036667712 0.0968561 0.44090965 0.046816785 0.036667712 -0.0968561 0.0 0.939042 -0.029533215 0.92890114 0.15769236 -0.06963522 0.10360808 -0.05949442 -0.083617486 0.20774297 0.019714208 0.16629231 -0.083569415 0.35604507 0.007777936 0.15515104 -0.038150366 0.76108134 0.057309013 0.093404084 -0.08156849 0.53591794 0.078194715 0.107186824 -0.08076311 0.64563113 -0.0273348 -0.026802365 -0.06216209 0.052027088 0.0 0.07888715660693714
-0.43800977 -0.012864176 -0.07359971 -0.0433523 0.4434607 0.04036842 0.07359971 0.0433523 0.0 0.94052386 -0.042657517 0.9328958 0.14468725 -0.066276334 0.10400394 -0.058648217 -0.08334082 0.21436664 0.016927715 0.2033012 0.061581235 0.36213148 0.004459233 0.19255061 0.102582715 0.7657345 0.04708037 0.13306327 0.058938608 0.54085433 0.071837276 0.12224263 0.10128313 0.6451276 -0.035302565 0.015911734 0.07936142 0.04433996 0.0 0.0802739003550052
-0.4395781 -0.011581305 -0.027751751 0.092969075 0.44547698 0.034338493 0.027751751 -0.092969075 0.0 0.941614 -0.054053973 0.9360108 0.13336228 -0.06354263 0.10347863 -0.05793944 -0.08393762 0.22055565 0.013914439 0.15775236 -0.07767102 0.36782086 0.0012490613 0.14738193 -0.036277525 0.77192855 0.037572384 0.17057814 -0.102738366 0.5418625 0.0669303 -0.075418144 -0.024835693 0.6455086 -0.04068247 0.028303534 0.023225503 0.045365345 0.0 0.08217540774941565
-0.44094834 -0.011242749 -0.050266337 -0.051308148 0.4472248 0.0288049 0.050266337 0.051308148 0.0 0.94229245 -0.0653925 0.93888474 0.12207653 -0.06095009 0.10390218 -0.0575424 -0.08356685 0.22653495 0.011593765 0.18120506 0.07022686 0.37326476 -0.001423825 0.16982295 0.10980661 0.7784933 0.02790564 0.19172004 0.04340344 0.539549 0.06123231 -0.088249266 0.05103221 0.64621377 -0.045522984 0.0412144 0.12064863 0.03742069 0.0 0.08411113567599707
-0.4422208 -0.010180379 -0.028229102 0.089609474 0.4487419 0.023844989 0.028229102 -0.089609474 0.0 0.9429674 -0.07467543 0.9411982 0.11281622 -0.058757257 0.10338057 -0.05698807 -0.08411109 0.23236682 0.00909501 0.15961736 -0.07526587 0.37861714 -0.0038771026 0.14955112 -0.036393683 0.7847944 0.019794028 0.16973834 -0.09630273 0.5367158 0.05540043 -0.108082235 -0.09310826 0.646949 -0.04995529 0.027874075 -0.025304968 0.034239758 0.0 0.08596667396471189
-0.4433795 -0.010013458 -0.03874182 -0.05627072 0.4500961 0.019661471 0.03874182 0.05627072 0.0 0.94342005 -0.083278276 0.943329 0.1042217 -0.05667092 0.10373594 -0.05657984 -0.08376404 0.23808059 0.007388789 0.17054798 0.07382476 0.38384774 -0.0055702515 0.1594367 0.11257689 0.7909007 0.012299233 0.18009163 0.04679249 0.5337491 0.050422687 -0.09668204 0.05727435 0.647572 -0.05407799 0.035251163 0.10248045 0.0274401 0.0 0.0880952393144788
-0.4444294 -0.009120558 -0.024603978 0.085681446 0.45125324 0.015997063 0.024603978 -0.085681446 0.0 0.94393545 -0.089971535 0.9449963 0.09752547 -0.054987684 0.10318332 -0.05604853 -0.084313676 0.2436463 0.0055614174 0.1565913 -0.070568696 0.38897628 -0.0070142443 0.14661276 -0.03352921 0.79680395 0.0061795935 0.16585441 -0.09648965 0.5304911 0.046370845 -0.110866554 -0.08097246 0.6480933 -0.05813315 0.017775698 -0.077470146 0.023666875 0.0 0.09030620563739014
-0.44533375 -0.009103697 -0.028313937 -0.060371984 0.45224997 0.013098698 0.028313937 0.060371984 0.0 0.9442482 -0.09600158 0.9465016 0.091484874 -0.053426154 0.10350327 -0.055679604 -0.08398319 0.24908254 0.0044961236 0.16081505 0.07592081 0.39398363 -0.007716623 0.15032056 0.114189036 0.8025206 0.0006238727 0.16923828 0.04584925 0.5271687 0.042967193 -0.1045103 0.056734353 0.6482435 -0.062771365 0.014379875 0.029799975 0.018595994 0.0 0.09271749827166385
-0.44617802 -0.008346766 -0.021456137 0.08223599 0.4531288 0.0106027005 0.021456137 -0.08223599 0.0 0.94470716 -0.100374155 0.947676 0.08710234 -0.052198663 0.10293618 -0.055167507 -0.084540315 0.25443327 0.0032414661 0.15413947 -0.06932137 0.39894065 -0.008248602 0.14434128 -0.032089718 0.8081269 -0.0037799953 0.16201784 -0.10001809 0.5237371 0.040179744 -0.1088244 -0.08072724 0.64824694 -0.06714478 0.0021580334 -0.11737923 0.013859743 0.0 0.09527250297566708
-0.44683313 -0.008446067 -0.017950693 -0.06359663 0.45382437 0.008886818 0.017950693 0.06359663 0.0 0.94495744 -0.10404418 0.9486719 0.083419025 -0.051131897 0.10322926 -0.054846317 -0.08423395 0.25962195 0.0027614043 0.1510253 0.077138446 0.40375012 -0.008026088 0.14106947 0.11483653 0.813523 -0.0076092756 0.1579379 0.04167569 0.52020746 0.038517334 -0.10957651 0.07848164 0.647805 -0.07079354 -0.009780556 0.030417215 0.010688807 0.0 0.09807807343228056
-0.44758505 -0.007800666 -0.024231764 0.079126425 0.45457765 0.0073935688 0.024231764 -0.079126425 0.0 0.94550294 -0.106437325 0.94956094 0.08101876 -0.050204862 0.102661274 -0.05426283 -0.08479481 0.2648796 0.0020446945 0.15723628 -0.06728828 0.4086498 -0.007740715 0.1475046 -0.03012817 0.8189912 -0.01056096 0.16384512 -0.10339812 0.51682717 0.03725893 -0.099205166 -0.0717436 0.6473739 -0.073569775 -0.008211428 -0.10203973 0.006549273 0.0 0.10099258067642475
-0.44802573 -0.007977962 -0.005133488 -0.0653954 0.45503744 0.0065724966 0.005133488 0.0653954 0.0 0.94571424 -0.108324915 0.9501795 0.0791219 -0.049536865 0.10293687 -0.054002173 -0.08450995 0.26986045 0.002039113 0.13857037 0.07744388 0.41328493 -0.0067961477 0.12901907 0.114504635 0.82414424 -0.013046314 0.14438936 0.039098684 0.51336 0.03670474 -0.107586384 0.080089115 0.64656866 -0.07537877 -0.026507031 0.05317795 0.004457975 0.0 0.10424187324121437
-0.44867125 -0.007426119 -0.028188888 0.07568543 0.45567128 0.00587807 0.028188888 -0.07568543 0.0 0.9463159 -0.10915649 0.9508336 0.07828908 -0.048876077 0.10238348 -0.05339378 -0.08506209 0.2750204 0.0017710004 0.16154665 -0.06524664 0.4181111 -0.005847672 0.15193237 -0.028142435 0.8281858 -0.011876535 0.10763604 0.035819758 0.5119309 0.034127362 0.0046486733 -0.1805609 0.64445764 -0.0744977 -0.08516205 0.014399378 0.00081708975 0.0 0.10782091092066998
-0.44885874 -0.007633948 0.010529349 -0.06473061 0.45586777 0.005768696 -0.010529349 0.06473061 0.0 0.9464334 -0.10960232 0.95107967 0.07784011 -0.04861328 0.102620095 -0.053259525 -0.08482233 0.27975768 0.0021653501 0.12321615 0.07640054 0.42253414 -0.004301222 0.11411952 0.1128301 0.82992107 -0.0077544074 0.014524455 0.20477343 0.5112716 0.029491307 -0.034745287 -0.07065046 0.64077306 -0.072132036 -0.12659083 0.13650873 -0.0013276788 0.0 0.11145660918756196
-0.44937417 -0.0071519706 -0.033065706 0.07150268 0.4563644 0.0058260444 0.033065706 -0.07150268 0.0 0.9470692 -0.10895157 0.95148873 0.07849634 -0.048233427 0.10206723 -0.05265297 -0.08538067 0.2848004 0.0023544615 0.16687286 -0.0623675 0.42724448 -0.002628053 0.15659939 -0.022278009 0.83094865 -0.0028308083 0.043200087 0.059083313 0.51025695 0.025207853 -0.021810578 -0.19770303 0.63748354 -0.0691078 -0.078394085 0.013285492 -0.0054403916 0.0 0.11521549722475441
-0.4493176 -0.007342865 0.026477346 -0.061130278 0.45630667 0.0064327763 -0.026477346 0.061130278 0.0 0.94711554 -0.10789899 0.9513648 0.07955286 -0.04837836 0.1022155 -0.05262761 -0.08523635 0.28929594 0.003152798 0.107454896 0.07194257 0.43162134 -0.0008833463 0.10653053 0.085829034 0.8309306 0.0024114337 -0.031599768 0.18769126 0.50816685 0.02165575 -0.08847849 -0.061491176 0.63357526 -0.06564499 -0.14397337 0.137334 -0.006978847 0.0 0.11940663189593331
-0.4496963 -0.0068959314 -0.037821695 0.066876896 0.4566584 0.0071457536 0.037821695 -0.066876896 0.0 0.9477582 -0.1059299 0.95152783 0.081532195 -0.048270065 0.10163693 -0.052039705 -0.085825175 0.29420176 0.0037709381 0.17171557 -0.057909727 0.43644753 0.0005071901 0.16931151 -0.046805512 0.8308042 0.008130387 0.017018646 0.047929496 0.5062196 0.018448612 -0.031744886 -0.18453783 0.63012236 -0.061893824 -0.07952642 0.009357931 -0.010186306 0.0 0.12362422067967593
-0.44944945 -0.0070423456 0.039639752 -0.055683453 0.4563985 0.008237911 -0.039639752 0.055683453 0.0 0.94773036 -0.10382518 0.9511135 0.08364429 -0.048723653 0.10168806 -0.05210686 -0.08578142 0.2985004 0.0048719156 0.094332226 0.06632746 0.44065484 0.0021634386 0.09169885 0.07201655 0.8294676 0.01319153 -0.07874479 0.13447519 0.50351876 0.015774623 -0.11268514 -0.05706284 0.62598675 -0.05790565 -0.15838163 0.12972043 -0.010129802 0.0 0.12846779093050922
-0.44961205 -0.006528562 -0.036473755 0.066027656 0.45652485 0.00917782 0.036473755 -0.066027656 0.0 0.9482117 -0.10131716 0.9509968 0.08616215 -0.04889287 0.101015955 -0.05167796 -0.08646336 0.30318627 0.005641911 0.17044505 -0.056945957 0.44524446 0.003228883 0.16767223 -0.06814925 0.82824236 0.016970908 -0.0025573531 -0.03940973 0.501184 0.013087684 -0.03538491 -0.17718057 0.62227386 -0.053934 -0.0828856 0.0070977327 -0.0111192465 0.0 0.1332673217574177
-0.44939792 -0.006748135 0.037014473 -0.05867629 0.46801353 0.010394848 0.3145983 0.06349715 0.0 0.94821703 -0.09904634 0.95059717 0.088438556 -0.04932229 0.10113237 -0.05170238 -0.08635252 0.3075133 0.0068557854 0.09697377 0.06891551 0.44682997 0.0044138255 -0.00030903696 0.059259016 0.82682633 0.019090053 -0.067758776 0.0450171 0.4985125 0.010763215 -0.109909765 -0.047312643 0.6180816 -0.04994811 -0.1581776 0.1289673 -0.009081884 0.0 0.13507120484024623
-0.44950056 -0.0062473686 -0.031705245 0.06746168 0.4796155 0.011549789 0.3740289 -0.06169823 0.0 0.9486197 -0.0965846 0.950414 0.090906814 -0.04954024 0.100476034 -0.051334467 -0.08701538 0.31215206 0.0075822454 0.16619167 -0.06128609 0.44752464 0.006073073 0.041700162 -0.035530966 0.82616353 0.020493396 0.018609492 -0.091807365 0.49579674 0.009005928 -0.05773371 -0.1351613 0.61433405 -0.046009097 -0.08446209 0.008939151 -0.01285163 0.0 0.1362496009318664
-0.44968414 -0.006671375 0.013511627 -0.0698241 0.49100763 0.013320603 0.31977004 0.07622253 0.0 0.9490318 -0.09392171 0.9503833 0.093573414 -0.04959072 0.10078145 -0.05094223 -0.08671369 0.31689373 0.008978759 0.12115055 0.07707992 0.44909865 0.0082051605 0.033455264 0.082346365 0.82599187 0.021769276 -0.01966706 0.031976163 0.49333316 0.009014215 -0.08186764 0.038702518 0.6106472 -0.041590113 -0.13115971 0.14408295 -0.007977538 0.0 0.13791879456968975
-0.45013353 -0.0063493354 -0.032465473 0.06657557 0.5023551 0.014560408 0.35693982 -0.05947063 0.0 0.9497296 -0.091685556 0.9505754 0.09581254 -0.04941444 0.10032325 -0.050260197 -0.08717484 0.3218795 0.009756589 0.16683984 -0.059493054 0.45102814 0.009357187 0.07772353 -0.05978313 0.8282604 0.02338122 0.13183393 -0.05405307 0.49070814 0.011470574 -0.07180678 0.028842665 0.60694456 -0.04055174 -0.09336908 -0.12524623 -0.008851625 0.0 0.1392588297712145
-0.45014423 -0.0067288913 0.022844346 -0.06702559 0.5129914 0.015992414 0.29306147 0.07444771 0.0 0.9498866 -0.089789085 0.95043296 0.09771012 -0.049562816 0.10062373 -0.05010912 -0.086875476 0.3264529 0.010924947 0.11191575 0.07557897 0.45266023 0.010674258 0.026090536 0.07327269 0.83144253 0.025761789 0.0676043 0.09213398 0.48772663 0.016200686 -0.102224424 0.1791033 0.6028231 -0.041553225 -0.14374849 -0.0070717586 -0.007663414 0.0 0.1408133351665415
-0.45054638 -0.00641854 -0.036864273 0.063855134 0.5237151 0.017348276 0.3444182 -0.05579263 0.0 0.95052934 -0.08751689 0.95056593 0.09998311 -0.049434062 0.10017818 -0.04947064 -0.08732181 0.33139065 0.011788455 0.17134386 -0.05569696 0.45471612 0.011758142 0.087264106 -0.05943671 0.83471227 0.02854814 0.12023702 -0.039879173 0.48574957 0.020940647 -0.027690329 0.048453595 0.5991144 -0.042528912 -0.089413345 -0.12813132 -0.010450548 0.0 0.14199962713647318
-0.45039123 -0.006733912 0.03447889 -0.06180129 0.53361696 0.01898392 0.26494807 0.070243515 0.0 0.9505449 -0.085321285 0.9502105 0.10217842 -0.049787875 0.10039529 -0.04945354 -0.08710441 0.33578917 0.013075512 0.10029206 0.07164029 0.45628557 0.013146563 0.017780691 0.0671477 0.8372 0.031227391 0.041895844 0.08041183 0.48601183 0.026342997 0.030511381 0.18193458 0.59473205 -0.043073487 -0.1623754 0.003682516 -0.008309268 0.0 0.1432439228346607
-0.45058957 -0.0063404166 -0.035039186 0.06421574 0.5435874 0.020401638 0.32654527 -0.055173647 0.0 0.950982 -0.08303158 0.9501186 0.10446643 -0.049870774 0.09986184 -0.049007412 -0.08763617 0.34052688 0.013949788 0.16980703 -0.055291727 0.4582532 0.01418514 0.08904724 -0.060346704 0.8398478 0.033987243 0.10825416 -0.037873797 0.48978853 0.030032918 0.16431293 -0.01091929 0.59076744 -0.04349271 -0.092631005 -0.110626996 -0.010477673 0.0 0.14410436112487737
-0.45050392 -0.0067085824 0.029733976 -0.064720966 0.5530302 0.022007603 0.2540691 0.07400773 0.0 0.95103395 -0.081045 0.94985145 0.10645127 -0.05012868 0.10014442 -0.048946142 -0.08735185 0.34500352 0.015229676 0.10536005 0.074881144 0.46001124 0.0155110145 0.026115015 0.070438504 0.8421381 0.036591012 0.04061545 0.08637758 0.49424347 0.032542948 0.10785844 0.09482126 0.5864869 -0.04355939 -0.1560032 0.024269387 -0.0042543495 0.0 0.14530602035503146
-0.4507963 -0.0063754823 -0.036371775 0.06322777 0.5625988 0.022979308 0.31267387 -0.0536957 0.0 0.9514713 -0.07968831 0.9499562 0.107805565 -0.05001119 0.0997246 -0.04849601 -0.08776928 0.34985483 0.015816547 0.17139827 -0.055061076 0.46220472 0.016180998 0.093935594 -0.057872713 0.84475374 0.038551234 0.1062238 -0.038685158 0.4991954 0.033834755 0.17570335 -0.0456492 0.5826903 -0.04416727 -0.08650152 -0.10156587 -0.0061312793 0.0 0.1461468997791841
-0.45062357 -0.0067059994 0.035067406 -0.062086266 0.5714754 0.024003949 0.23394175 0.071547106 0.0 0.9513489 -0.07872214 0.94970816 0.10877068 -0.050253578 0.10002008 -0.04861284 -0.087472744 0.3542618 0.016691811 0.10014434 0.071816966 0.46401003 0.017076822 0.024329897 0.070492454 0.8468599 0.040149316 0.031140788 0.079888836 0.50374764 0.034831025 0.104908764 0.067920126 0.5784412 -0.04470757 -0.1560146 0.025445832 -0.0008613991 0.0 0.14738451515286738
-0.45078313 -0.0063097877 -0.03352414 0.06457125 0.5804438 0.024473878 0.29543003 -0.05510983 0.0 0.951587 -0.07820837 0.94976723 0.1092828 -0.05018566 0.099577405 -0.048365902 -0.08791377 0.35899886 0.01691799 0.16872849 -0.05716271 0.46620718 0.01737901 0.09480403 -0.05739512 0.84924406 0.04129538 0.099921726 -0.04048103 0.50861204 0.03460263 0.17233461 -0.08180011 0.57474726 -0.045621853 -0.07748472 -0.0925776 -0.003556793 0.0 0.14811711390349158
-0.45061553 -0.006648577 0.032746315 -0.063483834 0.58886963 0.0250901 0.22225305 0.07268212 0.0 0.95141196 -0.07792201 0.9496022 0.10956925 -0.05035123 0.09991724 -0.048541475 -0.08757403 0.363427 0.01751825 0.102613516 0.07232982 0.468165 0.0179584 0.030764626 0.07165506 0.85126793 0.04225281 0.0301211 0.079740845 0.51304775 0.03379467 0.10085765 0.022400016 0.57115406 -0.04615469 -0.12545669 0.041283466 0.0025152725 0.0 0.14922552980418352
-0.45083344 -0.0062872446 -0.034744557 0.06380943 0.5974571 0.025095128 0.2830181 -0.05482781 0.0 0.9516415 -0.07818189 0.9498122 0.10930919 -0.050140236 0.099552795 -0.04831091 -0.08793828 0.36824223 0.017443063 0.1701159 -0.057520393 0.4705793 0.017892646 0.10032441 -0.056929678 0.8555303 0.043200903 0.17127338 -0.020903165 0.51774114 0.031886265 0.16546786 -0.11388238 0.5711346 -0.04692771 0.089064695 -0.07171777 -0.00033253158 0.0 0.14896624892503094
-0.45062882 -0.0066084065 0.035428178 -0.062058914 0.6054212 0.025142506 0.20630597 0.070577465 0.0 0.95136046 -0.07875305 0.9497066 0.10873966 -0.050254475 0.09991901 -0.048600603 -0.08757369 0.37266287 0.017699484 0.1002959 0.071599744 0.4726694 0.018051267 0.032612275 0.070886776 0.8598907 0.042951163 0.099496074 0.048505787 0.5219824 0.02994264 0.09441319 0.008925297 0.5746547 -0.048527963 0.09641737 0.005624788 0.00676883 0.0 0.14852054731235376
-0.45076892 -0.0062051937 -0.032674853 0.064979576 0.6135243 0.024371713 0.2680426 -0.056934427 0.0 0.95141995 -0.08016058 0.9499642 0.10733377 -0.050005645 0.09956996 -0.048549928 -0.08792439 0.3774367 0.01715401 0.16854626 -0.05879636 0.47518098 0.017404016 0.10288576 -0.05793984 0.86470586 0.04190043 0.16843286 -0.044775967 0.5262281 0.02655183 0.14694746 -0.14659728 0.5790547 -0.051319215 0.15986 -0.1164035 0.005026127 0.0 0.14747178193377136
-0.45060372 -0.0065442347 0.03183597 -0.06387959 0.6211366 0.023548733 0.19734198 0.07118688 0.0 0.9510665 -0.08200469 0.9500409 0.10549251 -0.04994414 0.10002254 -0.04891852 -0.08747466 0.38192526 0.016856786 0.104092345 0.071205236 0.47748864 0.016919665 0.04085381 0.07221125 0.8690799 0.039850086 0.09783199 0.032546364 0.5295185 0.022368575 0.06044252 -0.042058587 0.5825259 -0.05480231 0.06993222 -0.023158498 0.011745356 0.0 0.14710435015420842
-0.45076 -0.006149725 -0.030765016 0.06590151 0.6288648 0.022054106 0.25391373 -0.059262704 0.0 0.9510471 -0.08442632 0.9504213 0.103072636 -0.049573176 0.09973481 -0.048947334 -0.087764144 0.3867305 0.015807562 0.16663338 -0.062600575 0.48019373 0.015727902 0.10585389 -0.06008094 0.87369233 0.036881413 0.16057539 -0.08088264 0.5323005 0.016852906 0.09781014 -0.18948077 0.58472836 -0.060258523 0.06993246 -0.19318369 0.007190476 0.0 0.14635590599070608
-0.45053414 -0.006461701 0.033424594 -0.063219465 0.63601863 0.020906536 0.18385549 0.0691104 0.0 0.95059514 -0.08662146 0.9504636 0.10087849 -0.049536165 0.100176975 -0.04940463 -0.08732298 0.39116174 0.015205564 0.102522165 0.066436894 0.48261532 0.014981277 0.044432458 0.069570094 0.8777553 0.034019683 0.0886147 0.030185958 0.5335777 0.011253603 -0.0034767406 -0.074125126 0.5852249 -0.06597955 -0.015374509 -0.0708334 0.01068444 0.0 0.14637227259956784
-0.45052922 -0.005997173 -0.023703258 0.06897885 0.64317966 0.019522514 0.23526281 -0.06360932 0.0 0.95043844 -0.0887306 0.9506313 0.0987693 -0.049368132 0.09979801 -0.049561016 -0.08770189 0.39579016 0.01411982 0.15939753 -0.0681354 0.48532367 0.0138468 0.10403541 -0.06468016 0.88156843 0.031330623 0.12672013 -0.080938734 0.53358614 0.0052623795 0.0066869375 -0.20498131 0.58520436 -0.071938515 0.017569644 -0.20127106 0.004304129 0.0 0.14571311972594939
-0.4503718 -0.0063364496 0.024847737 -0.06682071 0.65000534 0.018707663 0.1811428 0.071627 0.0 0.95009845 -0.090336196 0.95067513 0.09716292 -0.04932012 0.10023862 -0.049896814 -0.08726049 0.40027303 0.013728392 0.110911615 0.07019436 0.48798546 0.013365855 0.058486953 0.072359696 0.8851674 0.02898504 0.087413974 0.031137351 0.5317017 0.00026435437 -0.09539182 -0.050977807 0.58466274 -0.07721268 -0.032292083 -0.06312565 0.009611439 0.0 0.1456017577821293
-0.45046368 -0.005917481 -0.022350948 0.06927724 0.65688276 0.017476918 0.22291578 -0.06489365 0.0 0.9500541 -0.09215738 0.95090747 0.095340684 -0.049082186 0.0998919 -0.04993554 -0.08760616 0.40498647 0.012812218 0.15791073 -0.06675363 0.4909731 0.012368035 0.10838323 -0.06564955 0.8873759 0.027402285 0.04640404 -0.03627257 0.52844095 -0.004206062 -0.09059566 -0.15171604 0.5844763 -0.082941584 0.019348854 -0.20017631 0.0037897793 0.0 0.14458487805532452
-0.4503363 -0.006272985 0.02230456 -0.067866124 0.66337174 0.016734317 0.1729786 0.07176833 0.0 0.9497547 -0.09358046 0.95095927 0.09391567 -0.049020093 0.10033998 -0.05022465 -0.087156154 0.4094988 0.012562742 0.11351916 0.07368431 0.49385947 0.011966001 0.0670001 0.07323884 0.8904778 0.026103795 0.11994393 0.044606924 0.5238977 -0.0063176276 -0.1604465 0.04641575 0.58391005 -0.0879984 -0.034412056 -0.058930933 0.008362818 0.0 0.1441333613542281
-0.45044884 -0.005866864 -0.021516794 0.069395475 0.66990954 0.015665712 0.21165428 -0.06582035 0.0 0.94975317 -0.09510715 0.9511788 0.09238742 -0.04879231 0.09999074 -0.05021793 -0.08750384 0.41423273 0.011825726 0.15728077 -0.06558111 0.49707046 0.011123377 0.11386458 -0.065499626 0.8924934 0.022215676 0.027435284 -0.17746323 0.5222934 -0.009727846 0.024325147 -0.17650287 0.5834842 -0.091980815 0.008053189 -0.12522809 0.0029644594 0.0 0.14289675792582335
-0.45027474 -0.006209733 0.02401623 -0.067352764 0.6760064 0.014896767 0.16111295 0.07049663 0.0 0.94940764 -0.09649127 0.9511745 0.09100041 -0.048781086 0.10042388 -0.050547987 -0.0870678 0.41870385 0.011593998 0.11201775 0.07356737 0.5001289 0.01072074 0.071992554 0.07246371 0.8947531 0.018989436 0.092556976 0.046919934 0.52392334 -0.014509618 0.05614026 -0.049058717 0.58377635 -0.09465803 0.01715653 0.008826014 0.0099687 0.0 0.14187586428957946
-0.45041737 -0.005816421 -0.024187606 0.06842269 0.68224275 0.013548295 0.20443906 -0.065641 0.0 0.9493953 -0.09835696 0.9514527 0.08913175 -0.04848713 0.10010448 -0.05054452 -0.08738423 0.4234841 0.010725856 0.16037527 -0.06375253 0.50361353 0.009716938 0.12390167 -0.063541375 0.8961436 0.015467231 0.0020810857 -0.14145093 0.52731 -0.019169165 0.1295637 -0.16180055 0.5857053 -0.09715161 0.09180288 -0.08644658 0.003858828 0.0 0.14014476010255192
-0.4502237 -0.0061514196 0.026854916 -0.06630798 0.68799615 0.012536877 0.1486482 0.068649024 0.0 0.9489981 -0.10000614 0.95144784 0.087477855 -0.048466794 0.10054324 -0.050916556 -0.08694076 0.42794457 0.010376927 0.10938711 0.073072664 0.5069058 0.009195193 0.0768963 0.07261886 0.8977667 0.012562274 0.07908574 0.049845763 0.5300349 -0.023644915 0.04999136 -0.051352564 0.5892286 -0.09816371 0.11005563 0.07282263 0.011665982 0.0 0.1380427113061139
-0.45040682 -0.0057751755 -0.028181558 0.06688208 0.69395775 0.01081111 0.19906062 -0.064953424 0.0 0.9489683 -0.102332264 0.9518028 0.08514631 -0.048082955 0.10026351 -0.05091743 -0.08721506 0.43277416 0.009301444 0.16459078 -0.06220231 0.51070803 0.007969459 0.13649578 -0.061348397 0.89878535 0.009181847 -0.006789018 -0.11337951 0.5319733 -0.029484307 0.06838604 -0.20139061 0.5935772 -0.09993223 0.15644306 -0.079920314 0.006428678 0.0 0.1361311310801767
-0.45012033 -0.0060627 0.034355655 -0.06294685 0.6993102 0.009359963 0.13202125 0.064394906 0.0 0.94841945 -0.104490526 0.9517382 0.0829801 -0.048105184 0.10067993 -0.0514239 -0.0867907 0.43714955 0.008621485 0.10209943 0.06719941 0.51423144 0.0071292277 0.079624586 0.068602 0.90004885 0.0060609463 0.067804635 0.041242775 0.53266317 -0.0351469 -0.008302787 -0.07309216 0.597507 -0.101683006 0.09697951 0.04659072 0.012026472 0.0 0.13342580507248397
-0.4501276 -0.005603745 -0.024538 0.06851421 0.70478666 0.0074825715 0.18652977 -0.06744128 0.0 0.94819826 -0.10692197 0.9519069 0.08054134 -0.047897473 0.10032076 -0.05160611 -0.087142564 0.4417996 0.0073502506 0.16102639 -0.066308394 0.5182389 0.005774549 0.14555405 -0.06349367 0.9007108 0.0028885296 -0.015986254 -0.09520235 0.53324807 -0.041462038 0.040230155 -0.2088838 0.6016214 -0.10314562 0.15135038 -0.04664203 0.005697526 0.0 0.13116234067701543
-0.44990408 -0.0059196395 0.028461916 -0.065537 0.7099028 0.0061027003 0.12925987 0.06619609 0.0 0.9477176 -0.10891874 0.95188445 0.07853495 -0.047868557 0.10075832 -0.05203544 -0.086695366 0.44623736 0.006682134 0.1080834 0.068694964 0.5223883 0.0050271736 0.110112585 0.07232613 0.90187114 -1.5306234e-05 0.069999985 0.033056922 0.5335413 -0.047181446 -0.008929528 -0.07375503 0.60510373 -0.10245999 0.07918536 0.13956425 0.011749596 0.0 0.1276989454852469
-0.44999665 -0.005500987 -0.024542807 0.068439186 0.7151724 0.004241572 0.17810613 -0.068111435 0.0 0.94757533 -0.11127689 0.95212543 0.0761679 -0.047580082 0.100435205 -0.052130204 -0.08700958 0.45096958 0.0054185316 0.16109022 -0.06687913 0.52713066 0.003737267 0.16149972 -0.06291319 0.90239114 -0.00300425 -0.024084652 -0.08147405 0.5340984 -0.05346364 0.039998062 -0.20909104 0.60848916 -0.10149975 0.12629756 0.010825379 0.0061256024 0.0 0.12486053248249945
-0.44974697 -0.0058078435 0.029718788 -0.065112926 0.7199792 0.0027619575 0.11979508 0.065057576 0.0 0.9470523 -0.11333633 0.95207185 0.07409647 -0.047569744 0.10086749 -0.05258931 -0.086565316 0.4553825 0.0046607344 0.10696544 0.06711975 0.5315533 0.0029267177 0.10737332 0.07123547 0.9031895 -0.0059987917 0.05828369 0.021524746 0.53444177 -0.05923771 -0.0052057514 -0.074274205 0.61162937 -0.10007144 0.07930542 0.14023301 0.011459579 0.0 0.12079002165437615
-0.44981724 -0.0053819576 -0.024222022 0.068484664 0.72494805 0.0009206006 0.1697925 -0.06882207 0.0 0.94688773 -0.11560834 0.95227236 0.07181432 -0.047315206 0.10053221 -0.05269981 -0.08689045 0.46008804 0.003357067 0.16083111 -0.068990014 0.53627306 0.0016357707 0.16136643 -0.0638751 0.9034711 -0.008747347 -0.027096277 -0.06534556 0.5340275 -0.06336688 -0.009155111 -0.11415399 0.6133115 -0.09772114 0.040064804 0.068661705 0.00546492 0.0 0.11738760617878634
-0.44958845 -0.0057015405 0.028363096 -0.06580019 0.7295069 -0.0003860338 0.113367304 0.06515663 0.0 0.94640964 -0.11738633 0.95221084 0.070023894 -0.047310412 0.10096365 -0.053111617 -0.08644658 0.46450603 0.0026964585 0.10797442 0.06794192 0.54069865 0.00096288935 0.108290695 0.07228238 0.90268475 -0.011198256 -0.019013325 0.024645945 0.5322013 -0.06577508 -0.078207016 0.020518871 0.6133409 -0.094411895 -0.014920496 0.1937816 0.009034905 0.0 0.11368404419974382
-0.44972384 -0.0053079454 -0.026532102 0.067454286 0.73427963 -0.0018330317 0.16452377 -0.06827411 0.0 0.9463669 -0.11910933 0.95243055 0.068292595 -0.047046375 0.100632034 -0.05311002 -0.086769894 0.46926433 0.0016440763 0.16293395 -0.06879312 0.54546624 -3.5648267e-05 0.1633143 -0.06383207 0.90120035 -0.012331796 -0.060439162 -0.011167628 0.53001064 -0.06831713 -0.04961944 -0.10552829 0.6135465 -0.09135879 0.028551877 0.059749037 0.004121937 0.0 0.1101381747632603
-0.4494699 -0.005618586 0.03128006 -0.06468152 0.7385606 -0.0028608327 0.103070825 0.06364327 0.0 0.9459094 -0.12048089 0.9523079 0.06690991 -0.047109697 0.10103506 -0.053508162 -0.08635574 0.47365716 0.001114755 0.10516631 0.06514549 0.5498684 -0.0005337791 0.10550755 0.070047006 0.8984752 -0.013682788 -0.09288783 0.021047913 0.52671856 -0.06962385 -0.12410049 0.057679005 0.61337847 -0.08804033 -0.020387135 0.182254 0.0064245434 0.0 0.10576650588393775
-0.44959295 -0.005223397 -0.02798311 0.066712886 0.7430765 -0.0038790905 0.15879004 -0.06782674 0.0 0.94592345 -0.121624805 0.9524694 0.06576089 -0.046920963 0.10067287 -0.053466957 -0.08671283 0.47839808 0.0002937159 0.16433454 -0.069207035 0.5546213 -0.0012402195 0.16475926 -0.063917354 0.8966478 -0.015082004 -0.02485068 -0.05010862 0.52342844 -0.0703635 -0.07401858 -0.05806492 0.6128733 -0.08536032 -0.0072191847 0.02868256 0.002212493 0.0 0.10114058212775023
-0.449299 -0.0055165146 0.034368884 -0.063352294 0.7470809 -0.0045246813 0.09298697 0.062112298 0.0 0.9454911 -0.122476205 0.95226586 0.06490136 -0.047081154 0.101033635 -0.053855956 -0.08634393 0.4827483 -5.0096744e-05 0.10206774 0.061964024 0.5589851 -0.0014882275 0.10250253 0.06767799 0.8944464 -0.01593282 -0.092242576 0.048366234 0.5199564 -0.070304595 -0.11760826 0.07681951 0.61097 -0.08319071 -0.08547407 0.12689602 0.0034759245 0.0 0.09573800595626815
-0.44933534 -0.005081593 -0.025774183 0.0675899 0.7512813 -0.0049712076 0.14977144 -0.068792224 0.0 0.9455166 -0.122874245 0.95228386 0.06450359 -0.047064602 0.1005958 -0.05383189 -0.08678204 0.48740318 -0.00055700896 0.16221736 -0.07099665 0.5636582 -0.0018100927 0.16278578 -0.06584133 0.89170873 -0.01641038 -0.07182843 -0.060704097 0.51740813 -0.07074817 -0.044188995 -0.07883854 0.60941774 -0.08277336 -0.016961886 -0.071170025 -0.0018849113 0.0 0.08981102588344986
-0.4490836 -0.0053994446 0.030644543 -0.06513826 0.7551092 -0.004917576 0.09008228 0.063930295 0.0 0.94523853 -0.122839995 0.9520638 0.064535744 -0.04727347 0.100937165 -0.054098733 -0.086438574 0.49180692 -0.00049435184 0.106098145 0.061873015 0.56807894 -0.0015865617 0.10660476 0.067457855 0.88717973 -0.01568392 -0.16252111 0.091800325 0.51492584 -0.07167861 -0.0924184 0.017773762 0.6077505 -0.08441861 -0.070703365 -0.02191126 0.0012674069 0.0 0.08273169204974087
-0.4491737 -0.00499652 -0.02590249 0.067343354 0.7591502 -0.0048298314 0.14344628 -0.06843689 0.0 0.94540024 -0.12258179 0.95209384 0.0647987 -0.047268733 0.10049804 -0.05396236 -0.08688244 0.4965319 -0.0007147227 0.16276674 -0.07294823 0.5728232 -0.0015753186 0.16335054 -0.06790371 0.88261366 -0.014235781 -0.10995001 -0.026638709 0.5125127 -0.07361828 -0.057823755 -0.12890872 0.60696447 -0.08861921 0.010585362 -0.2020702 -0.005477963 0.0 0.07546387186946704
-0.44897866 -0.0053470633 0.027883545 -0.066476636 0.762828 -0.0040575024 0.08656098 0.06547959 0.0 0.9452899 -0.12166573 0.95187277 0.06571868 -0.04751072 0.100827254 -0.05409358 -0.08655715 0.50100243 -0.00021617502 0.10913802 0.062609345 0.5773163 -0.0008820914 0.10976659 0.06663637 0.8778753 -0.01182854 -0.16148476 0.11386531 0.5092574 -0.075048395 -0.12493272 0.005320518 0.6070095 -0.09249903 -0.011063996 -0.06838116 -0.0021237135 0.0 0.0666967397323395
-0.449113 -0.0049704215 -0.026276225 0.067032956 0.7667108 -0.003310346 0.13770396 -0.06783497 0.0 0.9455947 -0.12061511 0.9518938 0.066779055 -0.047541723 0.10037425 -0.053840823 -0.087019905 0.50577766 4.9946804e-05 0.16331367 -0.070098646 0.58211094 -0.00039778918 0.16385293 -0.06766034 0.8756145 -0.011862623 -0.009970125 -0.14656244 0.50846404 -0.07825467 0.04419599 -0.2027455 0.6075911 -0.093004 0.030732485 -0.030232575 -0.007960372 0.0 0.05849275962215977
-0.44878554 -0.005259192 0.03499915 -0.063325115 0.77005273 -0.0022839876 0.0734907 0.062650345 0.0 0.94539434 -0.11939101 0.95151013 0.06800922 -0.04795775 0.10062701 -0.054073583 -0.08677322 0.5101166 0.0008279238 0.10213911 0.0642904 0.5864681 0.0005254199 0.10264316 0.0661484 0.87623566 -0.014573158 0.03226656 -0.060507946 0.5105876 -0.081360616 0.06317641 -0.036107413 0.6068433 -0.0886414 -0.06261686 0.20343465 -0.00060499914 0.0 0.04997250803470163
-0.4487361 -0.0047912174 -0.021989897 0.069071844 0.7735509 -0.002009781 0.12761924 -0.06962471 0.0 0.9454473 -0.11892528 0.9513784 0.06848089 -0.048121132 0.10011352 -0.05405225 -0.08729265 0.5147033 0.000909672 0.1589669 -0.06760822 0.5910709 0.0007394042 0.15943366 -0.066034235 0.87963927 -0.017352981 0.1415571 -0.14459297 0.51427954 -0.084340505 0.1353723 -0.15176573 0.60564685 -0.08429692 -0.020805871 0.053015184 -0.004382498 0.0 0.04052436451190142
-0.44842196 -0.005081789 0.03121114 -0.06486267 0.77671283 -0.0016777857 0.071632564 0.06433098 0.0 0.94515014 -0.118564345 0.95106924 0.0688422 -0.048432365 0.100410774 -0.054351475 -0.08699577 0.5190592 0.0013336848 0.10601316 0.0682275 0.5954403 0.0012169662 0.106407136 0.06957335 0.8832163 -0.019374585 0.083588146 -0.0042120167 0.51796365 -0.08661383 0.0881396 -0.008694455 0.6032584 -0.08039261 -0.107068636 0.1604579 0.002720025 0.0 0.03114247398095696
-0.4484398 -0.004644499 -0.022682773 0.06875694 0.7800926 -0.0019269683 0.1228144 -0.06924818 0.0 0.94518554 -0.11875251 0.95105517 0.068655595 -0.048454702 0.09996036 -0.054324344 -0.08744775 0.5237267 0.0011040287 0.1600181 -0.06742749 0.6001185 0.001045891 0.16034195 -0.06641427 0.88735557 -0.021513319 0.14789954 -0.118120514 0.5222344 -0.08906396 0.15047175 -0.12644628 0.60003006 -0.07813306 -0.086827636 -0.009552524 -0.0029271552 0.0 0.02117217646126901
-0.44817662 -0.0049596243 0.029089171 -0.06579657 0.7831253 -0.0017701766 0.06840168 0.06529958 0.0 0.9449096 -0.11861065 0.9508152 0.06879633 -0.04868866 0.10029291 -0.05459427 -0.087114066 0.5281441 0.0014039658 0.1084225 0.06862992 0.60454535 0.0013699582 0.10869245 0.069843866 0.89130944 -0.022763232 0.09633643 0.028792284 0.52648103 -0.090311274 0.10650031 0.03034058 0.59584725 -0.07622644 -0.14750718 0.10894701 0.0023685948 0.0 0.010988519519567502
-0.44822577 -0.0045395344 -0.02277208 0.06860804 0.78636146 -0.0018934022 0.117692076 -0.069053955 0.0 0.944993 -0.118654124 0.95082366 0.068755195 -0.04869271 0.09985201 -0.054523364 -0.08755731 0.53284997 0.001249479 0.16030209 -0.06768909 0.6092604 0.001291731 0.16057798 -0.06626382 0.8957589 -0.02341189 0.15433532 -0.07303291 0.531207 -0.09151319 0.16043684 -0.09463014 0.59192556 -0.07479956 -0.09356001 -0.018424777 -0.003928169 0.0 0.0
