120
-0.13003244 -0.015565802 -0.12884256 0.059390843 -0.20836948 -0.023180587 0.12884256 -0.059390843 0.0 0.32556272 -0.54503447 0.4734659 -0.42979166 -0.14116237 0.35902524 -0.28906554 0.24378246 0.046766922 0.21123704 0.12884256 -0.059390843 0.0 0.0 -1.8170837793831625
-0.13370731 -0.018557873 -0.13998619 0.015458043 -0.20371114 -0.024569768 0.13998619 -0.015458043 0.0 0.33106408 -0.5455597 0.47878072 -0.43007794 -0.13712205 0.35774422 -0.2848387 0.24226245 0.05104593 0.21026005 0.13998619 -0.015458043 -0.010057034 0.0 -1.8196249180109725
-0.13681771 -0.022194413 -0.14103311 -0.0003517235 -0.19866389 -0.026834145 0.14103311 0.0003517235 0.0 0.3414648 -0.54227185 0.4879806 -0.4252703 -0.13602778 0.35614735 -0.2825436 0.23914577 0.05365371 0.21061487 0.14103311 0.0003517235 -0.055397272 0.0 -1.8232344069118904
-0.13972007 -0.02524273 -0.12313671 0.0166112 -0.19398837 -0.030450504 0.12313671 -0.0166112 0.0 0.35469028 -0.53677726 0.4992276 -0.4173402 -0.13777006 0.35352555 -0.2823074 0.23408848 0.054320294 0.21118769 0.12313671 -0.0166112 -0.06298737 0.0 -1.825763902121011
-0.14181557 -0.02938887 -0.12699115 -0.06082891 -0.1886079 -0.034452792 0.12699115 0.06082891 0.0 0.37334195 -0.5260089 0.51465183 -0.40277028 -0.14262092 0.3508825 -0.2839308 0.22764388 0.05318683 0.21370345 0.12699115 0.06082891 -0.11987586 0.0 -1.8358565423105786
-0.14511617 -0.03197155 -0.11804631 0.07037805 -0.18314794 -0.04166776 0.11804631 -0.07037805 0.0 0.39563468 -0.5132881 0.53255206 -0.38518706 -0.15065342 0.3450391 -0.28757083 0.21693808 0.049828064 0.21478572 0.11804631 -0.07037805 -0.12627083 0.0 -1.8311954975000877
-0.14915434 -0.034426935 -0.14087048 0.010770702 -0.17621028 -0.05186757 0.14087048 -0.010770702 0.0 0.425561 -0.49377972 0.555862 -0.35895422 -0.16320723 0.33598423 -0.2935082 0.20115875 0.0435719 0.2159794 0.14087048 -0.010770702 -0.2182039 0.0 -1.8307611954994687
-0.15219828 -0.03492516 -0.043851256 0.07893218 -0.16948451 -0.06567873 0.043851256 -0.07893218 0.0 0.46181116 -0.4642773 0.5823307 -0.32064134 -0.18372782 0.32212952 -0.30424735 0.17849353 0.03096201 0.21692948 0.043851256 -0.07893218 -0.27389923 0.0 -1.823870754045148
-0.15300868 -0.031995766 0.088378385 0.0900776 -0.164737 -0.081857644 -0.088378385 -0.0900776 0.0 0.49636748 -0.4287811 0.6050344 -0.27598137 -0.20989747 0.3035754 -0.31856436 0.15077569 0.012506178 0.21585205 -0.088378385 -0.0900776 -0.29681498 0.0 -1.8183869714123695
-0.150448 -0.029888328 0.10783527 -0.043952312 -0.1609421 -0.09526673 -0.10783527 0.043952312 0.0 0.52578866 -0.38821024 0.62188804 -0.22720976 -0.2367812 0.28532037 -0.3328806 0.12431988 -0.008074571 0.21566369 -0.10783527 0.043952312 -0.28639752 0.0 -1.829826323444168
-0.14575972 -0.030298864 0.11040212 -0.088641144 -0.15751989 -0.1043591 -0.11040212 0.088641144 0.0 0.54886687 -0.34608793 0.6328852 -0.17846583 -0.26109928 0.2696321 -0.34511763 0.102010004 -0.027895398 0.21695648 -0.11040212 0.088641144 -0.25286838 0.0 -1.8486169307622369
-0.14286488 -0.031899177 0.02951578 -0.07959333 -0.15245171 -0.11177119 -0.02951578 0.07959333 0.0 0.56814647 -0.30709994 0.641098 -0.1343738 -0.28010812 0.2547011 -0.35305965 0.08197496 -0.04397485 0.21728653 -0.02951578 0.07959333 -0.22187123 0.0 -1.867062082856967
-0.14087418 -0.035890084 -0.0018141146 -0.14282174 -0.14838606 -0.113254175 0.0018141146 0.14282174 0.0 0.5793481 -0.28004155 0.645438 -0.1045754 -0.29038143 0.24790426 -0.3564714 0.07243811 -0.052957464 0.21982178 0.0018141146 0.14282174 -0.09219369 0.0 -1.8966820570217982
-0.1409238 -0.037326604 -0.02699477 0.022710402 -0.14666198 -0.11345781 0.02699477 -0.022710402 0.0 0.5827664 -0.27267238 0.64702904 -0.096528806 -0.29240343 0.24620527 -0.35666606 0.07006168 -0.054700393 0.22059199 0.02699477 -0.022710402 0.002728965 0.0 -1.9084657454989715
-0.14407678 -0.03563774 -0.09147171 0.11087862 -0.14608295 -0.11384711 0.09147171 -0.11087862 0.0 0.5807577 -0.28448626 0.647776 -0.109372586 -0.28616363 0.24805827 -0.3531819 0.072944604 -0.0488917 0.21871878 0.09147171 -0.11087862 0.094742775 0.0 -1.9070674935607854
-0.14856967 -0.03552237 -0.13871318 0.018611804 -0.14430311 -0.112581015 0.13871318 -0.018611804 0.0 0.5788276 -0.29831472 0.64947695 -0.12463421 -0.2768192 0.25216216 -0.3474685 0.078481644 -0.040209483 0.21788944 0.13871318 -0.018611804 0.06045913 0.0 -1.9149246491800802
-0.1517975 -0.038099367 -0.1095324 -0.06724011 -0.14292344 -0.1080789 0.1095324 0.06724011 0.0 0.5756393 -0.31076738 0.6503536 -0.13879637 -0.26682508 0.25967985 -0.34153935 0.087708846 -0.031086808 0.21985216 0.1095324 0.06724011 0.09842208 0.0 -1.9347726288839138
-0.1550379 -0.040819976 -0.12690508 -0.0085445875 -0.14319532 -0.10100229 0.12690508 0.0085445875 0.0 0.56630844 -0.33342308 0.64811575 -0.16471086 -0.25168276 0.2715948 -0.33349004 0.10288256 -0.01780648 0.22198974 0.12690508 0.0085445875 0.18530591 0.0 -1.948199060122268
-0.15920432 -0.04323803 -0.1417917 -0.0037193429 -0.14343506 -0.09331582 0.1417917 0.0037193429 0.0 0.5530304 -0.3622971 0.6434955 -0.19806461 -0.23241113 0.28441605 -0.32287624 0.12018355 -0.0014290264 0.22272293 0.1417917 0.0037193429 0.18837568 0.0 -1.9601255319849047
-0.16250545 -0.04639248 -0.12865144 -0.044724397 -0.14452599 -0.08324691 0.12865144 0.044724397 0.0 0.5337025 -0.3953705 0.6342878 -0.23713379 -0.20964141 0.29932085 -0.31022665 0.14108412 0.017017698 0.22326548 0.12865144 0.044724397 0.24924429 0.0 -1.976992553482629
-0.16656251 -0.047533825 -0.10294293 0.09125782 -0.14506754 -0.07633032 0.10294293 -0.09125782 0.0 0.51430446 -0.4265354 0.62372947 -0.27427766 -0.18831173 0.30932242 -0.29773673 0.1570647 0.033653166 0.22049475 0.10294293 -0.09125782 0.17931044 0.0 -1.9765188196829995
-0.16984136 -0.04926108 -0.11903536 -0.029821545 -0.14395058 -0.07194377 0.11903536 0.029821545 0.0 0.50301534 -0.4445698 0.6176008 -0.29615682 -0.17393512 0.3149658 -0.2885206 0.16655283 0.044850808 0.21857344 0.11903536 0.029821545 0.08365853 0.0 -1.9913042757235084
-0.17358732 -0.05216519 -0.14033179 0.019641826 -0.13990621 -0.070572145 0.14033179 -0.019641826 0.0 0.503392 -0.44949493 0.6194205 -0.30220738 -0.166113 0.31661168 -0.2821416 0.16932411 0.05172168 0.21808848 0.14033179 -0.019641826 0.004247572 0.0 -1.9983771200572775
-0.17661472 -0.0514943 -0.009949362 0.10866927 -0.13796462 -0.07293217 0.009949362 -0.10866927 0.0 0.5052226 -0.4520433 0.6212943 -0.30478972 -0.16405804 0.3142593 -0.28012973 0.16700573 0.053747784 0.21567234 0.009949362 -0.10866927 0.0013448697 0.0 -1.9975125324874548
-0.17949338 -0.04807926 -0.0019553378 0.13446791 -0.13670322 -0.07934851 0.0019553378 -0.13446791 0.0 0.5118109 -0.4492735 0.6257765 -0.30038399 -0.16830087 0.30743268 -0.2822665 0.15854317 0.050885092 0.21195345 0.0019553378 -0.13446791 -0.084140465 0.0 -1.9920749187324138
-0.18180704 -0.043884765 0.030007245 0.1386381 -0.1352632 -0.08750574 -0.030007245 -0.1386381 0.0 0.5223253 -0.44104835 0.6325206 -0.28934723 -0.17655215 0.29836124 -0.2867475 0.14666009 0.044959668 0.20840965 -0.030007245 -0.1386381 -0.09155263 0.0 -1.9858064972533196
-0.18281047 -0.03921283 0.067032024 0.12512033 -0.1338542 -0.096680865 -0.067032024 -0.12512033 0.0 0.535853 -0.4266919 0.6406018 -0.27118 -0.18879493 0.28748006 -0.2935437 0.13196817 0.035766173 0.2054369 -0.067032024 -0.12512033 -0.14923157 0.0 -1.9807606748045132
-0.18243824 -0.03445274 0.09481041 0.10510789 -0.13326672 -0.105093546 -0.09481041 -0.10510789 0.0 0.54745495 -0.41174164 0.6467618 -0.25269952 -0.20146286 0.27693707 -0.30076972 0.11789493 0.025801765 0.20271064 -0.09481041 -0.10510789 -0.10646163 0.0 -1.9788679837778465
-0.18289427 -0.030323721 0.02694315 0.122612104 -0.13174018 -0.11284123 -0.02694315 -0.122612104 0.0 0.5578762 -0.3989255 0.65236616 -0.2369752 -0.21136883 0.26697105 -0.30585876 0.10502075 0.018020699 0.19959737 -0.02694315 -0.122612104 -0.10831445 0.0 -1.9724002878464058
-0.18622224 -0.027445521 -0.086464286 0.10911733 -0.12742187 -0.120149836 0.086464286 -0.10911733 0.0 0.568971 -0.389319 0.6594804 -0.22511093 -0.21629603 0.25760603 -0.30680546 0.09339794 0.01466942 0.1958506 0.086464286 -0.10911733 -0.07348822 0.0 -1.962257055438895
-0.18778181 -0.024249138 0.06308538 0.109759584 -0.12563823 -0.12569295 -0.06308538 -0.109759584 0.0 0.57490075 -0.38387933 0.6628171 -0.21826845 -0.22044092 0.25061882 -0.30835727 0.08500794 0.011466969 0.19250254 -0.06308538 -0.109759584 -0.045140393 0.0 -1.9559681842492573
-0.18576889 -0.020460492 0.12717801 0.040921275 -0.12880492 -0.1284853 -0.12717801 -0.040921275 0.0 0.5725111 -0.38455346 0.6599266 -0.21867767 -0.2247444 0.24753825 -0.31215987 0.081662446 0.007338065 0.19012307 -0.12717801 -0.040921275 0.010474475 0.0 -1.9604346531581163
-0.18171284 -0.01800135 0.14099008 -0.012923559 -0.1353352 -0.12688145 -0.14099008 0.012923559 0.0 0.5623149 -0.392775 0.6520516 -0.2281434 -0.2259836 0.25045258 -0.31572035 0.08582097 0.005269508 0.18978325 -0.14099008 0.012923559 0.076055914 0.0 -1.9733676749310083
-0.1783372 -0.014790359 0.12775399 0.05967657 -0.14233485 -0.12530242 -0.12775399 -0.05967657 0.0 0.54993546 -0.40490365 0.6429017 -0.2420739 -0.22552365 0.25374603 -0.31848988 0.09091626 0.004487923 0.1885276 -0.12775399 -0.05967657 0.07009679 0.0 -1.9784167968638005
-0.17805205 -0.010460988 0.041023705 0.13154623 -0.15017423 -0.12253478 -0.041023705 -0.13154623 0.0 0.52934355 -0.43184146 0.6292713 -0.27318874 -0.21687649 0.2597595 -0.3168043 0.10110676 0.010096243 0.18464528 -0.041023705 -0.13154623 0.21584678 0.0 -1.9723382088166825
-0.17800456 -0.0057379543 0.09905271 0.10075269 -0.15961976 -0.11769532 -0.09905271 -0.10075269 0.0 0.5013821 -0.46481425 0.6100942 -0.31204665 -0.20466626 0.26775107 -0.31337833 0.114983484 0.017711446 0.17996196 -0.09905271 -0.10075269 0.1962573 0.0 -1.9715459281556709
-0.17791656 -0.0011430088 0.07742991 0.11174856 -0.16831325 -0.11298254 -0.07742991 -0.11174856 0.0 0.474199 -0.49323645 0.5905323 -0.34618947 -0.19371833 0.2742547 -0.31005162 0.12720771 0.0239119 0.1752807 -0.07742991 -0.11174856 0.17639887 0.0 -1.969055215653285
-0.1756032 0.0022574372 0.135503 -0.020628186 -0.17844541 -0.10424858 -0.135503 0.020628186 0.0 0.44143584 -0.5203763 0.565932 -0.38017306 -0.18181877 0.28380647 -0.30631495 0.14360319 0.029839642 0.17263325 -0.135503 0.020628186 0.22028375 0.0 -1.9863061763717402
-0.17194635 0.0024811374 0.049798995 -0.10408242 -0.18769696 -0.0897292 -0.049798995 0.10408242 0.0 0.40320167 -0.5460776 0.53672785 -0.41444552 -0.16530986 0.29769424 -0.29883605 0.16606216 0.03850401 0.17271952 -0.049798995 0.10408242 0.24961694 0.0 -2.013410765941269
-0.16969049 0.0036065474 0.08702227 0.026791025 -0.19661781 -0.07333574 -0.08702227 -0.026791025 0.0 0.3556606 -0.5757336 0.4993418 -0.45526803 -0.1431414 0.31103176 -0.28682262 0.19056617 0.049959943 0.1700685 -0.08702227 -0.026791025 0.32031503 0.0 -2.0277828058762073
-0.16778322 0.0077707204 0.14023805 0.024700103 -0.20639929 -0.058066584 -0.14023805 -0.024700103 0.0 0.30349094 -0.6034353 0.4564337 -0.49496982 -0.12204872 0.32072502 -0.2749915 0.21225956 0.05903466 0.16462384 -0.14023805 -0.024700103 0.2725549 0.0 -2.0447600886663038
-0.16819255 0.009642372 -0.019464161 0.0574127 -0.21137987 -0.04462735 0.019464161 -0.0574127 0.0 0.2586127 -0.62473255 0.41885203 -0.52736926 -0.100418694 0.32724053 -0.26065803 0.22987726 0.06915656 0.15870862 0.019464161 -0.0574127 0.24482164 0.0 -2.0527417846873193
-0.16915962 0.012540546 0.11777117 0.06981909 -0.21565814 -0.034883205 -0.11777117 -0.06981909 0.0 0.22095935 -0.64050704 0.38642168 -0.55231136 -0.08395506 0.33015433 -0.24941738 0.2419587 0.07587178 0.15235063 -0.11777117 -0.06981909 0.17516011 0.0 -2.06262580201225
-0.17127876 0.016176812 0.038774822 0.1265341 -0.21964882 -0.026481843 -0.038774822 -0.1265341 0.0 0.18316804 -0.6550943 0.35320938 -0.5760867 -0.06816438 0.33080035 -0.2382057 0.25179276 0.081691585 0.14451572 -0.038774822 -0.1265341 0.21400145 0.0 -2.063103183104645
-0.17190078 0.020063061 0.13463132 0.017084282 -0.22403002 -0.017962642 -0.13463132 -0.017084282 0.0 0.14818358 -0.6651659 0.32181752 -0.59440213 -0.055589247 0.33164543 -0.22922318 0.26088166 0.08516261 0.13838995 -0.13463132 -0.017084282 0.14286913 0.0 -2.0781237057604307
-0.17329407 0.024081085 0.07078812 0.11757417 -0.22798045 -0.00935464 -0.07078812 -0.11757417 0.0 0.111327365 -0.6743999 0.28828976 -0.6124277 -0.042228937 0.33137175 -0.21919133 0.2693995 0.08866001 0.13130464 -0.07078812 -0.11757417 0.20891097 0.0 -2.0808472387091514
-0.17498975 0.028454466 0.12470848 0.06638129 -0.23185878 -0.0030930347 -0.12470848 -0.06638129 0.0 0.08047145 -0.68122643 0.25977954 -0.6264098 -0.03257569 0.3299 -0.21188377 0.2750834 0.09017429 0.12473855 -0.12470848 -0.06638129 0.102576286 0.0 -2.0900877777167546
-0.17509672 0.031009117 0.042311523 -4.2780037e-05 -0.23430325 -0.00046026125 -0.042311523 4.2780037e-05 0.0 0.067914695 -0.6831603 0.24801761 -0.63101447 -0.030093538 0.32953444 -0.21019645 0.27738857 0.08959396 0.12257145 -0.042311523 4.2780037e-05 0.01952301 0.0 -2.102050681512294
-0.17412591 0.030948201 -0.020603128 -0.047528725 -0.23447016 0.0045978283 0.020603128 0.047528725 0.0 0.055740457 -0.6832923 0.23672932 -0.6343099 -0.02451028 0.33096412 -0.20549916 0.28198168 0.091532856 0.12193597 0.020603128 0.047528725 0.09071505 0.0 -2.11617616325593
-0.17296201 0.032586526 0.109953895 -0.0025305345 -0.23625071 0.008809918 -0.109953895 0.0025305345 0.0 0.043691315 -0.68332267 0.22538905 -0.63703895 -0.021457432 0.33201566 -0.20315517 0.28573194 0.091462314 0.12128383 -0.109953895 0.0025305345 0.030202428 0.0 -2.133429597059827
-0.16964133 0.034990173 0.068409495 -0.12124864 -0.23913832 0.015994249 -0.068409495 0.12124864 0.0 0.027564134 -0.681347 0.21011083 -0.638534 -0.018225282 0.33504838 -0.20077197 0.29223534 0.09065842 0.1222031 -0.068409495 0.12124864 0.090523645 0.0 -2.159378459866387
-0.16489281 0.03560643 0.035443347 -0.1371966 -0.24029543 0.025940415 -0.035443347 0.1371966 0.0 0.010501612 -0.6772778 0.19397351 -0.6386215 -0.012193632 0.3398953 -0.19566552 0.30123895 0.091828264 0.12463218 -0.035443347 0.1371966 0.07291908 0.0 -2.185619182323476
-0.16276917 0.036364935 0.03691931 -0.010362803 -0.24109033 0.0310185 -0.03691931 0.010362803 0.0 0.00048621223 -0.67542034 0.1844481 -0.63916737 -0.0089011025 0.34196264 -0.19286297 0.3057097 0.09229597 0.1253572 -0.03691931 0.010362803 0.032947917 0.0 -2.2038137499538575
-0.16321838 0.034998976 -0.09818634 0.01857027 -0.23891479 0.036186162 0.09818634 -0.01857027 0.0 -0.013174176 -0.67547125 0.1715514 -0.6433354 0.00016032555 0.3418677 -0.18456525 0.30973187 0.09649508 0.12305638 0.09818634 -0.01857027 0.112621374 0.0 -2.212919552119026
-0.16424063 0.034734756 0.049074467 0.03461219 -0.23805873 0.037962552 -0.049074467 -0.03461219 0.0 -0.020511243 -0.676242 0.16457143 -0.6462311 0.004513419 0.3408765 -0.18056926 0.3108656 0.09832728 0.12097258 -0.049074467 -0.03461219 -0.0053929384 0.0 -2.228251805404166
-0.16623195 0.034021754 -0.08861664 0.06628788 -0.23787981 0.030055901 0.08861664 -0.06628788 0.0 -0.002193944 -0.67837 0.18206342 -0.64365005 -0.003109501 0.3390559 -0.18736687 0.30433598 0.09628045 0.12161532 0.08861664 -0.06628788 -0.14822309 0.0 -2.22860360737466
-0.16863723 0.033653565 0.020757511 0.068865925 -0.23786277 0.019883653 -0.020757511 -0.068865925 0.0 0.021185322 -0.68033713 0.20419002 -0.6395262 -0.013468204 0.33649886 -0.1964729 0.2956879 0.093077555 0.12247368 -0.020757511 -0.068865925 -0.10027916 0.0 -2.2378828972289426
-0.17239067 0.03296503 -0.08676577 0.11278628 -0.2367924 0.008360684 0.08676577 -0.11278628 0.0 0.04580608 -0.6826915 0.2273247 -0.63571024 -0.023242153 0.33238906 -0.20476077 0.28540778 0.09048619 0.12209253 0.08676577 -0.11278628 -0.13458811 0.0 -2.2335178356135774
-0.17708462 0.032291237 -0.040897112 0.13563229 -0.23494083 -0.005171435 0.040897112 -0.13563229 0.0 0.07436505 -0.6846896 0.25391558 -0.6306724 -0.034176167 0.32693043 -0.2137267 0.27291322 0.08765855 0.12122416 0.040897112 -0.13563229 -0.14095387 0.0 -2.22972009471466
-0.18124983 0.03310392 0.0010683573 0.1263812 -0.23420075 -0.015410103 -0.0010683573 -0.1263812 0.0 0.09244336 -0.68676597 0.27054837 -0.6281583 -0.042025745 0.32173508 -0.22013076 0.26312742 0.08504838 0.1192235 -0.0010683573 -0.1263812 -0.059711635 0.0 -2.230370196859676
-0.18594393 0.033087097 -0.07123723 0.12228587 -0.23215008 -0.02565837 0.07123723 -0.12228587 0.0 0.11112699 -0.6886636 0.2877158 -0.6256346 -0.048438575 0.31617227 -0.22502737 0.25314334 0.083643936 0.11689111 0.07123723 -0.12228587 -0.107587546 0.0 -2.2249611771936335
-0.18954803 0.030340772 -0.13404393 0.041339647 -0.22793013 -0.031365275 0.13404393 -0.041339647 0.0 0.12471537 -0.6894353 0.3003925 -0.6239083 -0.04908506 0.31303644 -0.2247622 0.2475094 0.08581044 0.11564857 0.13404393 -0.041339647 -0.014405564 0.0 -2.2257050585101013
-0.1930739 0.029575465 -0.010531984 0.12687293 -0.22646487 -0.031055855 0.010531984 -0.12687293 0.0 0.11641069 -0.69426876 0.29303762 -0.63134676 -0.042546432 0.3106635 -0.21917336 0.24774148 0.089415394 0.11130239 0.010531984 -0.12687293 0.10042589 0.0 -2.224775364770914
-0.19783074 0.029743964 -0.05606317 0.1300949 -0.22576062 -0.030599106 0.05606317 -0.1300949 0.0 0.1023371 -0.7012458 0.2803147 -0.6422524 -0.034316443 0.3069616 -0.21229407 0.24796826 0.09319609 0.10472578 0.05606317 -0.1300949 0.06863699 0.0 -2.218378317822451
-0.20236178 0.02941367 -0.049370576 0.124326915 -0.22423545 -0.033389624 0.049370576 -0.124326915 0.0 0.099647306 -0.706082 0.27799162 -0.64820665 -0.030676736 0.30296305 -0.20902106 0.24508774 0.095564194 0.09993105 0.049370576 -0.124326915 -0.006209702 0.0 -2.2097780463741152
-0.20495306 0.03147699 0.09234556 0.0723272 -0.22562721 -0.035047166 -0.09234556 -0.0723272 0.0 0.09394129 -0.7097997 0.27265257 -0.65306765 -0.029918633 0.30005917 -0.2086299 0.24332707 0.09501959 0.09622292 -0.09234556 -0.0723272 0.041301236 0.0 -2.2165784607551666
-0.206181 0.03608178 0.12425118 0.06844573 -0.23015364 -0.034358867 -0.12425118 -0.06844573 0.0 0.07983887 -0.71356404 0.2593347 -0.6593654 -0.02972472 0.29794574 -0.20922056 0.2437471 0.09231784 0.09236271 -0.12425118 -0.06844573 0.058564644 0.0 -2.2256089363051923
-0.20703717 0.040023424 0.10091671 0.052689057 -0.23462547 -0.029597268 -0.10091671 -0.052689057 0.0 0.05574904 -0.71741825 0.23672624 -0.6683927 -0.02474335 0.29681903 -0.20572054 0.24779348 0.09134958 0.08781854 -0.10091671 -0.052689057 0.13291539 0.0 -2.235689532655642
-0.20898935 0.04237455 0.018833216 0.08766044 -0.23725532 -0.024852647 -0.018833216 -0.08766044 0.0 0.031949848 -0.7212316 0.21434161 -0.6777632 -0.01748956 0.2949928 -0.19988132 0.25152445 0.092157856 0.082539946 -0.018833216 -0.08766044 0.09604809 0.0 -2.235768414202128
-0.21059245 0.042599358 -0.020584842 0.018997472 -0.23790243 -0.017897256 0.020584842 -0.018997472 0.0 0.0060167685 -0.72353065 0.18985735 -0.68666744 -0.006746214 0.29381558 -0.19058679 0.25695243 0.095169 0.07754711 0.020584842 -0.018997472 0.15050046 0.0 -2.2419767082002817
-0.21197967 0.043004464 0.02408336 0.057838958 -0.23870136 -0.0072383257 -0.02408336 -0.057838958 0.0 -0.030889127 -0.724336 0.15458466 -0.6968456 0.0079688085 0.29234794 -0.17750497 0.26485747 0.098782696 0.071188256 -0.02408336 -0.057838958 0.20514736 0.0 -2.247375941824367
-0.21590465 0.043168288 -0.027018247 0.14008188 -0.23853542 0.0024908066 0.027018247 -0.14008188 0.0 -0.07204301 -0.7253109 0.11469867 -0.7084647 0.024852166 0.28749093 -0.16188951 0.27064472 0.10287896 0.06150292 0.027018247 -0.14008188 0.20934467 0.0 -2.238788561288518
-0.22065319 0.043605607 0.0223994 0.13973747 -0.23834036 0.01012222 -0.0223994 -0.13973747 0.0 -0.10989619 -0.7253485 0.077468626 -0.71822983 0.039502535 0.2810492 -0.14786229 0.27393055 0.105679475 0.05131156 -0.0223994 -0.13973747 0.17553635 0.0 -2.23094325641721
-0.22460431 0.0421171 -0.087372996 0.10315044 -0.23623978 0.016057987 0.087372996 -0.10315044 0.0 -0.13845877 -0.7241136 0.04904003 -0.72478443 0.0526179 0.2752092 -0.1348809 0.27588004 0.10919415 0.042920794 0.087372996 -0.10315044 0.13252376 0.0 -2.2130009514483207
-0.22844222 0.039204292 -0.07879104 0.11809051 -0.23293719 0.018363927 0.07879104 -0.11809051 0.0 -0.1547254 -0.7241305 0.03269037 -0.72974974 0.06265958 0.2698011 -0.1247562 0.27542034 0.1130854 0.036100425 0.07879104 -0.11809051 0.07292331 0.0 -2.1886408901837604
-0.22894165 0.03692544 -0.06520656 -0.044863105 -0.23026113 0.022520384 0.06520656 0.044863105 0.0 -0.16728328 -0.72142106 0.019977964 -0.7308802 0.07042678 0.26784647 -0.11683447 0.2773056 0.11605228 0.033161387 0.06520656 0.044863105 0.07045039 0.0 -2.1817509834415882
-0.2265518 0.037322614 0.060159076 -0.08964768 -0.23033567 0.026725722 -0.060159076 0.08964768 0.0 -0.17316589 -0.71768457 0.014015828 -0.7286049 0.07225775 0.26969758 -0.11492397 0.28061795 0.11605024 0.034663573 -0.060159076 0.08964768 -0.0011251873 0.0 -2.185860762757733
-0.22463048 0.040935844 0.1260958 -0.04008094 -0.23375377 0.02947225 -0.1260958 0.04008094 0.0 -0.17855202 -0.7150866 0.00860018 -0.7265017 0.06948088 0.27164337 -0.11767132 0.2830585 0.112651914 0.03649441 -0.1260958 0.04008094 0.017740106 0.0 -2.1940060530376457
-0.22453438 0.04568309 0.14135233 0.002673119 -0.23769735 0.035597235 -0.14135233 -0.002673119 0.0 -0.20045927 -0.71007586 -0.013636611 -0.725999 0.07128673 0.2703885 -0.11553592 0.28631163 0.10877695 0.03426723 -0.14135233 -0.002673119 0.13344058 0.0 -2.201557252165801
-0.22719817 0.049194258 0.092201106 0.10452949 -0.24028799 0.040635817 -0.092201106 -0.10452949 0.0 -0.2259552 -0.7058289 -0.03970932 -0.7274789 0.075757205 0.26583245 -0.110488676 0.28748244 0.10598223 0.028671727 -0.092201106 -0.10452949 0.09885886 0.0 -2.194180964476612
-0.22840469 0.05306366 0.13238478 -0.032253124 -0.24331458 0.04535411 -0.13238478 0.032253124 0.0 -0.24573167 -0.7012443 -0.06001836 -0.7270671 0.077703156 0.2634039 -0.10801015 0.28922668 0.10260009 0.025624769 -0.13238478 0.032253124 0.06557487 0.0 -2.2012052307140264
-0.22821753 0.056765065 0.095962 -0.016153697 -0.2457463 0.052115604 -0.095962 0.016153697 0.0 -0.26654476 -0.694197 -0.08152353 -0.7245844 0.080542766 0.26219547 -0.104478456 0.2925829 0.099577755 0.023875428 -0.095962 0.016153697 0.10440961 0.0 -2.206642946057607
-0.22674854 0.057571363 -0.043305647 -0.066617705 -0.24423459 0.062436357 0.043305647 0.066617705 0.0 -0.29160732 -0.68266153 -0.107786104 -0.71962106 0.08933147 0.2607588 -0.09448975 0.29771832 0.09986419 0.021911899 0.043305647 0.066617705 0.14287189 0.0 -2.207330823661094
-0.22345342 0.054757316 -0.12465718 -0.06897077 -0.2381094 0.0744364 0.12465718 0.06897077 0.0 -0.31444743 -0.668253 -0.13220406 -0.71233934 0.10292313 0.25962526 -0.07932023 0.3037116 0.10415132 0.020549402 0.12465718 0.06897077 0.13755767 0.0 -2.199300848104221
-0.22251534 0.050407216 -0.13168122 0.047591116 -0.23218268 0.078821175 0.13168122 -0.047591116 0.0 -0.32284045 -0.66225654 -0.14148192 -0.70985204 0.11236049 0.25739357 -0.06899805 0.30498904 0.10897426 0.018338557 0.13168122 -0.047591116 0.02725914 0.0 -2.174444104264702
-0.22515525 0.047815073 -0.0063601187 0.13158418 -0.2293166 0.07867532 0.0063601187 -0.13158418 0.0 -0.3298507 -0.6611273 -0.1491431 -0.7111375 0.117577694 0.25263637 -0.0631299 0.30264652 0.11100329 0.013647783 0.0063601187 -0.13158418 0.06412274 0.0 -2.1525460977583664
-0.22689831 0.04846011 0.058788266 -0.015394175 -0.22817378 0.08352944 -0.058788266 0.015394175 0.0 -0.3491923 -0.6531995 -0.16994159 -0.7082035 0.123412915 0.24780025 -0.055837784 0.3028042 0.11021118 0.009086009 -0.058788266 0.015394175 0.11995572 0.0 -2.1543796329829323
-0.22576886 0.049165595 -0.026750846 -0.052997958 -0.22558859 0.09232302 0.026750846 0.052997958 0.0 -0.37089223 -0.6400033 -0.19355753 -0.70090204 0.13123567 0.24488299 -0.046099026 0.30578172 0.11015088 0.0067355563 0.026750846 0.052997958 0.11749694 0.0 -2.1496097417361417
-0.22616921 0.050367765 0.08390623 0.035909723 -0.22500841 0.096749194 -0.08390623 -0.035909723 0.0 -0.38459143 -0.6325987 -0.20848033 -0.69695026 0.13472824 0.24230894 -0.041382864 0.30666053 0.1089949 0.004618877 -0.08390623 -0.035909723 0.041492995 0.0 -2.145990755090155
-0.22884043 0.049839634 -0.04060223 0.10938396 -0.22666799 0.09103305 0.04060223 -0.10938396 0.0 -0.37647402 -0.64038557 -0.19951731 -0.7023741 0.13108805 0.24139501 -0.045868654 0.30338353 0.10853862 0.0033817976 0.04060223 -0.10938396 -0.105680004 0.0 -2.112208874114395
-0.22895505 0.048085142 -0.052261982 -0.044193104 -0.22540453 0.08945673 0.052261982 0.044193104 0.0 -0.37232533 -0.6425469 -0.19512556 -0.70383716 0.13175583 0.24122821 -0.04544393 0.30251846 0.110145085 0.0031279188 0.052261982 0.044193104 0.042344283 0.0 -2.094803832971842
-0.22592053 0.045388773 -0.12734982 -0.05738424 -0.21950898 0.096961096 0.12734982 0.05738424 0.0 -0.38468364 -0.6311408 -0.20907149 -0.69684184 0.14133398 0.23975627 -0.034278166 0.3054573 0.113777585 0.0022706655 0.12734982 0.05738424 0.120878726 0.0 -2.0694640039835366
-0.2235572 0.04523786 0.03183461 -0.07263777 -0.21680242 0.10286564 -0.03183461 0.07263777 0.0 -0.39447504 -0.6222878 -0.22001883 -0.6909994 0.14644305 0.23943368 -0.028013151 0.30814528 0.114806294 0.0024571228 -0.03183461 0.07263777 0.022312963 0.0 -2.0618451991653313
-0.22146326 0.044382714 -0.102176555 -0.028884139 -0.21384226 0.10733059 0.102176555 0.028884139 0.0 -0.40106472 -0.6154161 -0.22753005 -0.68642294 0.15117304 0.23909527 -0.022361621 0.3101021 0.116413146 0.002556654 0.102176555 0.028884139 0.06533233 0.0 -2.0333010646387164
-0.22139177 0.0402579 -0.10619228 0.09029329 -0.20841634 0.108915545 0.10619228 -0.09029329 0.0 -0.40626135 -0.6109958 -0.23379111 -0.68455034 0.15849969 0.2352909 -0.0139705455 0.30884543 0.120260395 -0.00071022275 0.10619228 -0.09029329 0.048331905 0.0 -1.9933392556054677
-0.223484 0.03594796 -0.08290185 0.114972346 -0.20428526 0.10720325 0.08290185 -0.114972346 0.0 -0.4088116 -0.61083853 -0.23703234 -0.6859926 0.16378929 0.23016353 -0.007989985 0.30531758 0.12335857 -0.0054720594 0.08290185 -0.114972346 0.026403606 0.0 -1.9490799898943516
-0.22326344 0.031629965 -0.13856022 0.003929365 -0.19909875 0.10781105 0.13856022 -0.003929365 0.0 -0.41129628 -0.60800123 -0.24033096 -0.68498904 0.17027038 0.22682595 -0.00069492665 0.3038137 0.12732074 -0.008363535 0.13856022 -0.003929365 0.044331636 0.0 -1.9012359811440795
-0.2220478 0.027462864 -0.12525809 0.02763356 -0.19439818 0.107935324 0.12525809 -0.02763356 0.0 -0.40926784 -0.60707945 -0.23859128 -0.6847052 0.1754129 0.22556978 0.004736332 0.30319557 0.13158509 -0.009457649 0.12525809 -0.02763356 -0.0062868237 0.0 -1.848382912412258
-0.2206384 0.026248815 0.0023986911 -0.05876782 -0.1922969 0.109443896 -0.0023986911 0.05876782 0.0 -0.40986994 -0.6047529 -0.23948827 -0.68302375 0.17795654 0.22567852 0.0075748563 0.30394942 0.13323994 -0.009181438 -0.0023986911 0.05876782 0.024550203 0.0 -1.8172989686319376
-0.22091529 0.025240226 -0.041829772 0.07641134 -0.1910425 0.10956579 0.041829772 -0.07641134 0.0 -0.41158047 -0.603721 -0.24152541 -0.682699 0.1796906 0.22426134 0.009635527 0.30323935 0.13399875 -0.010410818 0.041829772 -0.07641134 0.012169099 0.0 -1.768907899226459
-0.22010706 0.024370188 -0.02886916 -0.07272769 -0.18684869 0.115063585 0.02886916 0.07272769 0.0 -0.42673022 -0.5919526 -0.25888908 -0.6755325 0.18687049 0.21962021 0.019029345 0.30320013 0.13480462 -0.013720565 0.02886916 0.07272769 0.1510459 0.0 -1.7368301503912744
-0.21624702 0.022758583 -0.12492357 -0.06794516 -0.17837831 0.12569197 0.12492357 0.06794516 0.0 -0.44883722 -0.570201 -0.28479713 -0.6610145 0.19954155 0.21386608 0.035501443 0.30467957 0.13735832 -0.01698455 0.12492357 0.06794516 0.16032512 0.0 -1.685184049222881
-0.21174489 0.021362346 -0.08923378 -0.109117046 -0.17155212 0.1334759 0.08923378 0.109117046 0.0 -0.46007538 -0.5551237 -0.2984605 -0.6501862 0.20853962 0.21175978 0.046924755 0.3068223 0.14035448 -0.01738986 0.08923378 0.109117046 0.047150742 0.0 -1.6314697205316728
-0.2069613 0.021032417 -0.0745615 -0.12014293 -0.16867872 0.13763276 0.0745615 0.12014293 0.0 -0.4580216 -0.5506228 -0.29652002 -0.6458777 0.21150596 0.21546404 0.05000439 0.31071892 0.14304805 -0.013604253 0.0745615 0.12014293 -0.026811004 0.0 -1.5751129039620009
-0.20513836 0.02009276 -0.04027874 0.021043045 -0.16777334 0.1377205 0.04027874 -0.021043045 0.0 -0.45297772 -0.5522603 -0.29090703 -0.64654356 0.21193707 0.21783356 0.049866356 0.31211683 0.14485605 -0.011641729 0.04027874 -0.021043045 -0.0148343695 0.0 -1.5158974617490109
-0.2069142 0.019195713 0.034567952 0.0852269 -0.16845106 0.13503866 -0.034567952 -0.0852269 0.0 -0.45079845 -0.55611616 -0.28833905 -0.6497281 0.21092467 0.21672195 0.048465285 0.3103339 0.1447936 -0.013028891 -0.034567952 -0.0852269 -0.013251053 0.0 -1.459727760908533
-0.20935129 0.018470941 0.004666837 0.063501365 -0.16939545 0.13211046 -0.004666837 -0.063501365 0.0 -0.44988447 -0.5598006 -0.2871741 -0.6529757 0.2097594 0.21481296 0.04704903 0.307988 0.14424597 -0.015114764 -0.004666837 -0.063501365 -0.007885937 0.0 -1.3977179981866896
-0.21330822 0.01717402 0.036190137 0.1379097 -0.16836773 0.13047971 -0.036190137 -0.1379097 0.0 -0.45882958 -0.5573044 -0.29748315 -0.6528218 0.21194302 0.2076926 0.050596576 0.30321 0.14311266 -0.021264067 -0.036190137 -0.1379097 0.09477594 0.0 -1.3366742445515813
-0.21805577 0.01659259 0.07068704 0.12265226 -0.1670762 0.13032112 -0.07068704 -0.12265226 0.0 -0.47466302 -0.5499769 -0.31575805 -0.64950305 0.21504812 0.1979902 0.05614313 0.29751635 0.14050828 -0.029171819 -0.07068704 -0.12265226 0.089497395 0.0 -1.276591776447167
-0.22169206 0.014172391 -0.042515587 0.13187747 -0.16203639 0.13222277 0.042515587 -0.13187747 0.0 -0.49531302 -0.5358653 -0.3403144 -0.6413721 0.22238818 0.18528737 0.06738953 0.2907941 0.13924967 -0.03887052 0.042515587 -0.13187747 0.17062683 0.0 -1.1992242012607564
-0.2216713 0.010187663 -0.1326715 0.028157048 -0.15519471 0.13419926 0.1326715 -0.028157048 0.0 -0.506232 -0.5247301 -0.35411257 -0.63434726 0.23051232 0.1769565 0.07839287 0.28657365 0.14140446 -0.044896066 0.1326715 -0.028157048 0.044876195 0.0 -1.0984384140846726
-0.22063762 0.0066054314 -0.0881136 0.046734948 -0.14857575 0.13640867 0.0881136 -0.046734948 0.0 -0.5147258 -0.5142442 -0.36517656 -0.6273427 0.23801528 0.17025347 0.088466 0.28335193 0.1438114 -0.04948365 0.0881136 -0.046734948 0.10892867 0.0 -1.00307388739356
-0.21970744 0.0020259365 -0.12801054 0.062092118 -0.14118093 0.13772641 0.12801054 -0.062092118 0.0 -0.5224418 -0.50418884 -0.3755774 -0.6207526 0.24609567 0.16252428 0.099231265 0.279088 0.14678057 -0.05495049 0.12801054 -0.062092118 0.06906465 0.0 -0.8907355603048464
-0.21941066 -0.0027315696 -0.1050958 0.0941391 -0.13237005 0.13980901 0.1050958 -0.0941391 0.0 -0.53627235 -0.48810658 -0.39365667 -0.6098318 0.2555444 0.15078504 0.112928756 0.27251023 0.14853963 -0.063011006 0.1050958 -0.0941391 0.17006539 0.0 -0.7826718521160596
-0.21847993 -0.007395624 -0.12880695 0.05861641 -0.122859694 0.14229776 0.12880695 -0.05861641 0.0 -0.55050904 -0.4696917 -0.4126589 -0.59678847 0.26519057 0.13841225 0.12734044 0.26550904 0.15007788 -0.07112972 0.12880695 -0.05861641 0.11718907 0.0 -0.6609160912243426
-0.21512002 -0.010277813 -0.12949078 -0.052784674 -0.11242449 0.14761496 0.12949078 0.052784674 0.0 -0.5651426 -0.4460696 -0.43269458 -0.5787865 0.27512887 0.12760288 0.14268087 0.26031977 0.15140572 -0.07697316 0.12949078 0.052784674 0.16830471 0.0 -0.5368670106989173
-0.21119554 -0.0093792975 -0.027000872 -0.13160586 -0.10553018 0.15438055 0.027000872 0.13160586 0.0 -0.57649666 -0.4249342 -0.44824114 -0.5617069 0.28121313 0.12232268 0.15295759 0.25909537 0.1511862 -0.07830574 0.027000872 0.13160586 0.0722692 0.0 -0.4225877781481464
-0.20733957 -0.006479102 -0.025665678 -0.13974963 -0.100683965 0.16170537 0.025665678 0.13974963 0.0 -0.58600795 -0.4056355 -0.4612172 -0.54557663 0.28513542 0.1199741 0.16034468 0.2599152 0.15012583 -0.07733575 0.025665678 0.13974963 0.09895109 0.0 -0.3065200462385316
-0.20333584 -0.006567728 -0.13068815 -0.039537705 -0.09798285 0.16409777 0.13068815 0.039537705 0.0 -0.58211 -0.40426475 -0.45702457 -0.5439425 0.28792363 0.12317976 0.1628382 0.26285756 0.15333019 -0.0744142 0.13068815 0.039537705 -0.07607465 0.0 -0.15039457179307947
-0.19909753 -0.007899719 -0.11483369 -0.063916005 -0.09361517 0.16611472 0.11483369 0.063916005 0.0 -0.578843 -0.40130842 -0.4540285 -0.54122835 0.2922113 0.12444886 0.16739681 0.26436883 0.15723515 -0.072883874 0.11483369 0.063916005 0.060787614 0.0 0.0
