98
-0.27013937 -0.071187414 -0.14127202 0.13763194 0.21185438 -0.27811033 0.14127202 -0.13763194 0.0 0.23741522 -0.73297864 0.414023 -0.67000294 0.078152485 0.2719052 -0.098455295 0.2089295 -0.02845104 -0.045268238 0.25794405 -0.0044822693 -0.02941741 -0.03892076 0.2295711 0.054181434 0.2229325 -0.42114294 0.20001419 -0.0480596 0.25762582 -0.3291085 0.109127745 0.025910059 0.2807288 -0.56301713 0.07522819 -0.30331668 0.0 0.0 0.03746429817674988
-0.27453777 -0.07092609 0.0010102923 0.13841118 0.21608475 -0.2800522 -0.0010102923 -0.13841118 0.0 0.24649557 -0.73462206 0.42242163 -0.6697663 0.07652421 0.26850602 -0.099401854 0.20365025 -0.023308273 -0.04766499 0.11444323 -0.10646814 -0.025937384 -0.042094532 0.04966322 -0.1447563 0.22977714 -0.4212063 0.01236278 -0.114888206 0.25912783 -0.32779488 -0.13436033 -0.094424605 0.28527355 -0.5655554 -0.10586643 -0.12252013 -0.15563478 0.0 0.03530138137212349
-0.2789687 -0.06914213 -0.0012561129 0.14064735 0.23002689 -0.27357906 0.0012561129 -0.14064735 0.0 0.28331354 -0.72603804 0.45574662 -0.65239644 0.062991425 0.26724663 -0.10944165 0.19360504 -0.016495436 -0.053601187 0.12788928 -0.16609353 -0.02170837 -0.0505326 0.0653073 -0.26275787 0.25090733 -0.41356486 -0.002999714 -0.14296201 0.27073836 -0.3185578 -0.13823025 -0.13693029 0.3094736 -0.5531923 -0.1107331 -0.05579058 -0.3100936 0.0 0.03317761293830613
-0.28344136 -0.06746338 -0.021284673 0.13908562 0.25357744 -0.25727117 0.021284673 -0.13908562 0.0 0.34601578 -0.7033807 0.51139027 -0.61502045 0.040135436 0.26697668 -0.12523901 0.1786164 -0.0072357547 -0.061215743 0.12741417 -0.21064527 -0.01368649 -0.060338512 0.11626838 -0.23077355 0.2863713 -0.3950561 0.014910676 -0.14450656 0.2933152 -0.29894683 -0.11782142 -0.15322444 0.35325125 -0.52603304 -0.08627512 -0.048966844 -0.42153022 0.0 0.030359801088021512
-0.28796658 -0.065960154 -0.04063246 0.13441162 0.28227434 -0.23164885 0.04063246 -0.13441162 0.0 0.4243756 -0.66450655 0.57874435 -0.5580803 0.011137811 0.26521963 -0.14323093 0.1587934 0.0046563935 -0.06843559 0.14419991 -0.20465548 -0.0022422664 -0.06924139 0.12884472 -0.23481858 0.33043563 -0.36481306 0.047517784 -0.12749879 0.3217473 -0.26922134 -0.09875781 -0.1472881 0.40799972 -0.48446837 -0.059457682 -0.03939636 -0.4922751 0.0 0.027390336354334757
-0.29246187 -0.06444644 -0.054326333 0.12868397 0.31147897 -0.19797215 0.054326333 -0.12868397 0.0 0.50781137 -0.60908306 0.6472895 -0.483775 -0.021019995 0.26010832 -0.16049811 0.1348003 0.018945912 -0.07374963 0.16080715 -0.19484586 0.012044181 -0.07601446 0.16165736 -0.20369706 0.3766069 -0.3234563 0.06613727 -0.11300367 0.35071886 -0.2306815 -0.08555156 -0.13469292 0.46512443 -0.4297534 -0.04232585 -0.040219482 -0.52341044 0.0 0.024102834939602788
-0.296897 -0.06268489 -0.06283608 0.12576136 0.33740446 -0.15873156 0.06283608 -0.12576136 0.0 0.58697766 -0.53987694 0.7084356 -0.3970336 -0.053395446 0.25074217 -0.1748534 0.107898846 0.03474643 -0.076798305 0.1742745 -0.19005479 0.028184004 -0.080123246 0.17408706 -0.19336258 0.4191763 -0.27349046 0.07808785 -0.093523264 0.3759333 -0.18610956 -0.0771279 -0.12207519 0.517166 -0.36495155 -0.036436286 -0.034842055 -0.5223556 0.0 0.019686379950631855
-0.30123195 -0.06063199 -0.07205402 0.121531546 0.35795268 -0.11683111 0.07205402 -0.121531546 0.0 0.655699 -0.46165815 0.75721794 -0.30401883 -0.08352516 0.23741542 -0.18504408 0.07977608 0.051534176 -0.076805755 0.2047413 -0.14684114 0.04506202 -0.081588596 0.18948564 -0.17611969 0.45458785 -0.2182623 0.08525625 -0.06942866 0.3950274 -0.13894464 -0.06746486 -0.11665896 0.55953103 -0.294973 -0.043058686 -0.04991013 -0.49979728 0.0 0.014902474260593254
-0.30551773 -0.058486544 -0.08650394 0.11150838 0.37268737 -0.074955866 0.08650394 -0.11150838 0.0 0.711203 -0.37985867 0.79222006 -0.21076557 -0.10960988 0.22132553 -0.19062696 0.052232414 0.068425484 -0.07388288 0.22644582 -0.12174807 0.06194489 -0.08037445 0.207389 -0.148275 0.48144376 -0.16124201 0.09183752 -0.035359263 0.4075024 -0.092210114 -0.052858405 -0.1024643 0.5910098 -0.22404826 -0.02465423 -0.031006346 -0.45635322 0.0 0.010492768893894416
-0.30971858 -0.056262173 -0.09427319 0.103480384 0.38204968 -0.035427827 0.09427319 -0.103480384 0.0 0.75313604 -0.29972595 0.8143358 -0.12249493 -0.1308963 0.20390397 -0.1920961 0.026672946 0.084388465 -0.06847227 0.23291594 -0.07933996 0.07820278 -0.076783806 0.21999386 -0.11403363 0.49970785 -0.10572011 0.0850411 -0.0057166945 0.41392973 -0.04797603 -0.041877728 -0.07139223 0.6120162 -0.15595731 -0.01816626 -0.01907285 -0.41495693 0.0 0.006665224394916194
-0.31380758 -0.053906366 -0.10028675 0.096207574 0.38711292 0.0010168743 0.10028675 -0.096207574 0.0 0.78352296 -0.22352183 0.82608175 -0.040915694 -0.14781764 0.18606442 -0.19037642 0.0034582892 0.09890258 -0.06095269 0.22887062 -0.04147485 0.09343882 -0.071062826 0.22536124 -0.07554565 0.51065737 -0.052990474 0.07644711 0.023789713 0.41562563 -0.006701341 -0.027873268 -0.03925416 0.6242579 -0.09255574 -0.01809422 -0.019887045 -0.3708369 0.0 0.0031238898185415725
-0.31779218 -0.05148316 -0.105964325 0.08734784 0.38188955 0.03705842 -0.09808794 0.03371201 0.0 0.8043673 -0.15350518 0.82996225 0.03223967 -0.16067691 0.16874622 -0.18627189 -0.016998626 0.111862004 -0.05240237 0.22902253 -0.025406614 0.107327476 -0.06369901 0.22571547 -0.039519228 0.5180666 -0.006694462 0.1856534 -0.06675578 0.41626343 0.02946733 0.06839586 -0.064718984 0.6293473 -0.03807669 -0.022927081 -0.14181413 -0.3246691 0.0 0.0017288119231093114
-0.3216578 -0.048954032 -0.108121224 0.082568236 0.3744343 0.06811109 -0.09932619 0.019060565 0.0 0.8177707 -0.0915386 0.82845384 0.095656805 -0.16992167 0.15263356 -0.1806048 -0.03456184 0.12312542 -0.043414045 0.21441257 -0.00031424535 0.11965405 -0.05562576 0.22096607 -0.020315204 0.52498204 0.03169542 0.2474925 -0.11170145 0.41548014 0.060762744 0.08667508 -0.05238447 0.6294814 0.008444864 -0.03261013 -0.09676733 -0.27415672 0.0 0.0005959126486837218
-0.3254471 -0.046428252 -0.112640575 0.07274962 0.36583433 0.093403004 -0.095505625 0.012459153 0.0 0.8258779 -0.039089054 0.8240084 0.14840162 -0.1759419 0.13843086 -0.17407238 -0.04905982 0.13317838 -0.034826584 0.22222185 0.007675005 0.13032955 -0.047231663 0.20785914 0.010665996 0.53021735 0.06333146 0.25075912 -0.10482614 0.4131393 0.086956106 0.07657545 -0.04408205 0.62660885 0.04708517 -0.025462274 -0.10458816 -0.22421978 0.0 -4.734747956803946e-05
-0.329275 -0.044047885 -0.11805067 0.060720414 0.3572177 0.113438286 -0.08881539 0.011105071 0.0 0.83075476 0.003722403 0.81869864 0.1908344 -0.179232 0.12653527 -0.16717592 -0.060576733 0.14250627 -0.026855953 0.22727343 0.020826427 0.13980097 -0.039198063 0.21060112 0.026709652 0.5346987 0.08904246 0.25728893 -0.08743486 0.41062808 0.10828142 0.08493765 -0.025558023 0.6224369 0.0777459 -0.01973973 -0.09363379 -0.17760171 0.0 -0.0005424535832396389
-0.33316824 -0.041838367 -0.12170452 0.050663345 0.34927353 0.12886705 -0.0825075 0.010607019 0.0 0.8339457 0.037398774 0.81391376 0.22382562 -0.18036279 0.1169885 -0.16033083 -0.069438346 0.15121664 -0.01957109 0.22701095 0.038009956 0.14829247 -0.031724673 0.20184906 0.047079585 0.5392783 0.10928724 0.26185185 -0.07195678 0.4086015 0.12489255 0.08684805 -0.022680692 0.61801076 0.10122612 -0.015463819 -0.08580884 -0.13513997 0.0 -0.0008026072491472925
-0.33710495 -0.039739985 -0.12370547 0.044184517 0.34238544 0.14027035 -0.07693279 0.009059595 0.0 0.836506 0.06260603 0.8105025 0.24829413 -0.17983401 0.10960886 -0.15383051 -0.076079234 0.15944383 -0.013181801 0.22752549 0.04487534 0.15607573 -0.02507934 0.2017322 0.055906404 0.544456 0.12444029 0.26423866 -0.060627 0.40733716 0.13714491 0.085628845 -0.02366109 0.61401093 0.1181501 -0.012512763 -0.08277351 -0.09663748 0.0 -0.0008819861215442926
-0.34105444 -0.03769868 -0.124584004 0.04019348 0.33674777 0.1481562 -0.071879655 0.0072392207 0.0 0.8391126 0.080027424 0.8089388 0.2650836 -0.17802754 0.10415682 -0.14785376 -0.080899365 0.16732785 -0.0078434 0.22465381 0.051879384 0.16334935 -0.019420514 0.19699848 0.06500208 0.55049217 0.13483116 0.2643497 -0.05327728 0.4069348 0.14538486 0.08050988 -0.027956164 0.61079794 0.12924872 -0.012141562 -0.07681722 -0.062004916 0.0 -0.0008108172756133803
-0.3449968 -0.03566625 -0.12469464 0.038832095 0.33242315 0.15297846 -0.067211516 0.0046854755 0.0 0.8421554 0.090374745 0.8094114 0.27499348 -0.17522188 0.100358576 -0.14247783 -0.08426016 0.17499541 -0.0036610763 0.2233807 0.053636514 0.17020863 -0.014806706 0.19293885 0.07012615 0.5575256 0.14077617 0.2638039 -0.050255105 0.40757728 0.15007868 0.07867873 -0.02847351 0.60854244 0.13514532 -0.011976212 -0.075664416 -0.03138761 0.0 -0.0005420429776786459
-0.34892902 -0.03362524 -0.12471446 0.03825974 0.32936674 0.15519485 -0.06239807 0.002913494 0.0 0.84579635 0.09446687 0.8118714 0.27887225 -0.171624 0.09793924 -0.13769905 -0.086466156 0.18253578 -0.0006726418 0.22121835 0.053854585 0.1767635 -0.011230306 0.18861726 0.07524991 0.56555575 0.14267896 0.26327083 -0.04922839 0.40925905 0.15170729 0.077168345 -0.029061507 0.6072549 0.13650863 -0.012316623 -0.07378102 -0.005727251 0.0 -4.553080396754727e-05
-0.3528507 -0.031575825 -0.12444513 0.03859122 0.32743186 0.15528625 -0.057738494 0.0014705008 0.0 0.850011 0.093280695 0.81606007 0.2776813 -0.16740985 0.09660961 -0.13345891 -0.087791 0.18998109 0.0011783486 0.21836297 0.05244905 0.18316455 -0.008608738 0.18857227 0.07785312 0.57445437 0.14107227 0.2625512 -0.049979895 0.4118133 0.15076694 0.07496286 -0.029553687 0.6067973 0.13412857 -0.013148505 -0.07199043 0.015337943 0.0 0.0006115581303004422
-0.35675755 -0.02950648 -0.12386355 0.04005257 0.3264356 0.1536568 -0.05331995 -0.00016843942 0.0 0.8546733 0.087716796 0.82163703 0.27228346 -0.1627185 0.09608979 -0.1296822 -0.088476874 0.19730571 0.0020263311 0.21384521 0.05341872 0.18962546 -0.0069682244 0.19344546 0.073968336 0.58012694 0.13501205 0.100828215 -0.13304816 0.41464 0.14738715 0.060289513 -0.04316971 0.61330473 0.12749594 0.24984449 -0.11356896 0.03208108 0.0 -0.0016849089643077991
-0.3606757 -0.027449885 -0.12404304 0.039888654 0.3262284 0.15066072 -0.04810617 0.00051639735 0.0 0.8596451 0.07854071 0.8282946 0.26340118 -0.15762794 0.09619826 -0.12627739 -0.08866221 0.20455267 0.002070644 0.21201666 0.056016922 0.19620794 -0.0062915566 0.19731513 0.0706039 0.5861269 0.12392424 0.16627292 -0.17482343 0.4179817 0.14227633 0.058623377 -0.037016757 0.62301874 0.118581 0.25642216 -0.08863763 0.047005557 0.0 -0.004353769934974307
-0.3645743 -0.025376434 -0.122594714 0.04332266 0.32664645 0.14647782 -0.044503998 -0.0018680263 0.0 0.86474156 0.06622477 0.83572984 0.2514667 -0.15222707 0.096737474 -0.123215355 -0.08850445 0.21164736 0.0013667421 0.20608059 0.056627102 0.20283644 -0.006534246 0.19824567 0.06471545 0.59367216 0.11064614 0.18480027 -0.17023048 0.421659 0.13566259 0.05516151 -0.039598484 0.63332504 0.10833486 0.2631562 -0.057415307 0.05753573 0.0 -0.007316237360526619
-0.36843407 -0.023231657 -0.12099714 0.047600873 0.32748288 0.14138086 -0.041065916 -0.0047840313 0.0 0.8697657 0.05155718 0.8435584 0.2372166 -0.14662527 0.097444005 -0.12041791 -0.088215426 0.21849796 6.673763e-05 0.19860265 0.057574555 0.20953435 -0.0076345494 0.20185626 0.05556698 0.6016181 0.09581439 0.1890622 -0.17156298 0.42545614 0.12785691 0.051550694 -0.042460725 0.6437123 0.0978353 0.25693545 -0.008160792 0.06500578 0.0 -0.010564356270734071
-0.37225467 -0.021010295 -0.11931145 0.051962405 0.32859117 0.1355986 -0.037752222 -0.0076197945 0.0 0.8745764 0.035148263 0.8515036 0.22122324 -0.14089626 0.098168425 -0.11782348 -0.087906554 0.22502086 -0.0016005447 0.1888344 0.062038887 0.216166 -0.009447732 0.1978724 0.04997324 0.60960686 0.07975609 0.19221903 -0.17320944 0.42921835 0.11913552 0.047742456 -0.04594337 0.6534055 0.087677844 0.22859104 0.038413297 0.07004088 0.0 -0.013773106962787565
-0.37605926 -0.018736133 -0.1182875 0.055156242 0.32987213 0.12935264 -0.033832766 -0.009239404 0.0 0.87908983 0.0175501 0.8593677 0.20400998 -0.135085 0.0988255 -0.115362905 -0.087634385 0.23128708 -0.0035395226 0.18379515 0.06354643 0.22265965 -0.011754416 0.19596961 0.046643883 0.6175214 0.062847055 0.1959857 -0.17346102 0.43284598 0.10979564 0.04464302 -0.04726499 0.6619271 0.0776898 0.19562617 0.06255334 0.07264996 0.0 -0.016753148262726933
-0.3799049 -0.016505955 -0.119086355 0.054361984 0.33126867 0.122941606 -0.028170174 -0.0069249575 0.0 0.8832887 -0.00059670466 0.8670179 0.186196 -0.1292098 0.09941848 -0.11293902 -0.08737421 0.2374494 -0.0056549693 0.18366009 0.06552799 0.22908849 -0.014308965 0.19674784 0.047871947 0.62532103 0.045564782 0.20157726 -0.16942772 0.43629226 0.10024201 0.0435134 -0.043288354 0.66931796 0.06783524 0.16849527 0.07727295 0.07261439 0.0 -0.01942017657333217
-0.38381523 -0.014360249 -0.11966618 0.05413514 0.33271214 0.11661863 -0.022835832 -0.0053277817 0.0 0.88717735 -0.018666776 0.87433463 0.16839288 -0.12331686 0.09989833 -0.11047413 -0.087161325 0.24355787 -0.00780313 0.18307021 0.06654377 0.23548396 -0.016909061 0.19681744 0.04895794 0.63298124 0.028368542 0.20692967 -0.16566819 0.4395021 0.09079066 0.042003695 -0.04094093 0.67605585 0.05819328 0.16220409 0.0799536 0.0704675 0.0 -0.02199374239176892
-0.3877804 -0.0122906 -0.12013202 0.053990867 0.3341424 0.110528335 -0.017748788 -0.00402156 0.0 0.890773 -0.03623738 0.8812443 0.15102033 -0.117463544 0.10020061 -0.10793485 -0.08705711 0.24963279 -0.009898392 0.18346366 0.06641621 0.2418269 -0.019419502 0.19593571 0.05094892 0.64050215 0.011575515 0.21249636 -0.16137579 0.44242963 0.08163069 0.04025783 -0.039046634 0.68272114 0.04882473 0.17174533 0.076833285 0.06712103 0.0 -0.024715971648193655
-0.39179686 -0.010300612 -0.120647274 0.05353291 0.33553836 0.104758695 -0.012760423 -0.0026313511 0.0 0.89411974 -0.053060137 0.88774055 0.13433132 -0.11168053 0.10030906 -0.10530136 -0.08708239 0.25568935 -0.011880904 0.18379681 0.06637574 0.24806267 -0.021714747 0.19248113 0.054913253 0.64791733 -0.004610789 0.21817516 -0.15628734 0.44507104 0.07290121 0.03858097 -0.036334127 0.6897988 0.039682645 0.19439493 0.06618111 0.06321701 0.0 -0.02770971463968879
-0.3958654 -0.008398424 -0.12128563 0.05272994 0.33690366 0.09935323 -0.0078041693 -0.0011236799 0.0 0.89727175 -0.069015376 0.89385563 0.1184535 -0.10597837 0.10023421 -0.10256225 -0.08723467 0.2617427 -0.01370566 0.18447064 0.066509604 0.2541834 -0.023738919 0.18979461 0.058342356 0.65541536 -0.017127145 0.23953046 -0.0090668285 0.4494208 0.066372894 0.12603469 0.03420663 0.6940764 0.029880306 0.053953502 0.0193618 0.059226416 0.0 -0.029620505439827728
-0.4000029 -0.006576626 -0.12247078 0.05217432 0.33825153 0.09437047 -0.0024673787 -9.867579e-05 0.0 0.90031207 -0.08392004 0.8996344 0.10357874 -0.100359045 0.09996457 -0.099681385 -0.08753421 0.26779708 -0.015288169 0.18416661 0.06741306 0.26019588 -0.025402853 0.18574043 0.06310704 0.66299003 -0.02607069 0.22272393 0.036078904 0.45489523 0.060923174 0.13725916 0.03494355 0.695359 0.019752419 0.0073102573 -0.0129445605 0.05258897 0.0 -0.03109958646051543
-0.4042142 -0.0048557287 -0.12411305 0.050427686 0.33955744 0.09000308 0.0031336462 0.0018388648 0.0 0.9033503 -0.0972816 0.90509033 0.090210326 -0.09486662 0.09949038 -0.09660663 -0.08800155 0.27388787 -0.016467208 0.1858078 0.06841194 0.2661622 -0.026557818 0.1850055 0.06714053 0.6700474 -0.033317503 0.21730354 0.042446014 0.4603803 0.056300644 0.1401603 0.03946416 0.69545007 0.009859973 -0.00562251 -0.037869487 0.045747392 0.0 -0.03241976145899711
-0.40849248 -0.003219014 -0.1253087 0.049909446 0.34083632 0.08623332 0.00809663 0.002293656 0.0 0.906449 -0.109108396 0.910287 0.07835232 -0.08950343 0.09882181 -0.09334146 -0.08863891 0.28002077 -0.017228056 0.18604496 0.06908567 0.27214476 -0.027246153 0.184556 0.068847306 0.67700154 -0.039354995 0.21600127 0.04508821 0.46591994 0.05250795 0.1473573 0.04207138 0.6953069 -7.992178e-06 -0.004849079 -0.07612699 0.039780054 0.0 -0.0334342365210297
-0.41282606 -0.0017490936 -0.12714408 0.04470925 0.34211496 0.083069906 0.013522078 0.0072229668 0.0 0.909634 -0.11950571 0.91529226 0.06790889 -0.08425231 0.09808628 -0.089910574 -0.08932833 0.28617495 -0.017508196 0.18652292 0.07465733 0.2781632 -0.027447535 0.18547034 0.07465835 0.6839301 -0.044281 0.21606931 0.051847696 0.4717331 0.049488515 0.16134349 0.047221206 0.6950162 -0.008976579 -0.007273131 -0.05854069 0.034112833 0.0 -0.03443263960346263
-0.4171479 -0.0005170917 -0.12655719 0.038752746 0.34334385 0.08058842 0.016351668 0.012718959 0.0 0.9128906 -0.12838762 0.9200916 0.05897405 -0.07917061 0.09737952 -0.08637163 -0.08998215 0.2922695 -0.017191865 0.18347722 0.08168327 0.2841531 -0.027059972 0.1829445 0.08175106 0.69080895 -0.04799731 0.2136897 0.0596597 0.4779189 0.047236715 0.17630596 0.049950704 0.69456947 -0.01648274 -0.00956286 -0.04930993 0.027513947 0.0 -0.03533076308260244
-0.42068756 0.0011282383 -0.088898264 0.0640611 0.34370837 0.07830246 -0.018078417 -0.013262053 0.0 0.9155138 -0.13602176 0.92391217 0.051290054 -0.07508421 0.09608131 -0.08348256 -0.09123051 0.29750434 -0.016754951 0.14325546 0.05746523 0.2893249 -0.026569735 0.14348876 0.05733037 0.6970216 -0.053170204 0.19095185 -0.030981457 0.4836459 0.045051754 0.1530486 0.0125577655 0.6936885 -0.020912213 -0.036788754 -0.013835221 0.019525772 0.0 -0.03667982295354681
-0.42488483 0.0011648295 -0.1336923 -0.032972213 0.34476322 0.078111276 0.029772496 0.082924865 0.0 0.9190489 -0.14060548 0.9283353 0.046664417 -0.070437476 0.0961918 -0.07972386 -0.09107809 0.303404 -0.014261792 0.1851966 0.15571705 0.29519898 -0.02404808 0.18593906 0.15524133 0.7044987 -0.05407329 0.22763269 0.13280733 0.49052104 0.04482773 0.21274064 0.0977713 0.6932215 -0.024511203 -0.0013025062 -0.00048138382 0.009111429 0.0 -0.037306248269848165
-0.42759112 0.0024996297 -0.04555151 0.09567087 0.34414268 0.07760753 -0.05553197 -0.046836905 0.0 0.92140484 -0.14388306 0.9310591 0.043368217 -0.067614414 0.09485762 -0.077268675 -0.09239367 0.30769244 -0.012144726 0.0938546 0.028113473 0.2995002 -0.021934962 0.094857916 0.02743232 0.7101038 -0.053638022 0.13589852 0.0015239752 0.4961933 0.044131767 0.13959454 -0.051287796 0.6912322 -0.027402686 -0.089846335 -0.078961395 0.011954231 0.0 -0.0379965137703714
-0.43037295 0.0030428376 -0.10610998 -0.03394739 0.34379378 0.07756288 0.007825694 0.08176868 0.0 0.92374694 -0.1471539 0.9339251 0.040069647 -0.064600505 0.09435301 -0.07477863 -0.09287053 0.31198943 -0.009456532 0.15149757 0.15942696 0.30382115 -0.019260004 0.15317272 0.15812981 0.71582603 -0.053042166 0.19879465 0.12980834 0.5025869 0.04293187 0.21654509 0.048175883 0.6894143 -0.029796446 -0.026386755 0.034768373 -0.0006625515 0.0 -0.038622655200262895
-0.43272176 0.004302948 -0.038595658 0.09434407 0.34281042 0.07789971 -0.057117447 -0.04782669 0.0 0.9260902 -0.14812596 0.93618464 0.03910211 -0.062365066 0.09293941 -0.072459556 -0.09428867 0.31573942 -0.006431364 0.080589674 0.031797178 0.3076252 -0.016274689 0.08195798 0.030846398 0.7223787 -0.052994534 0.17746042 -0.10286045 0.5057198 0.04092315 0.0054237237 -0.14692442 0.68943197 -0.030725434 0.013802955 -0.087399185 0.0037073616 0.0 -0.03988697309547219
-0.4349416 0.0046632173 -0.08315819 -0.043621834 0.34194863 0.078590274 -0.009983443 0.08900969 0.0 0.92813176 -0.14957389 0.93842167 0.03764354 -0.06007135 0.09252289 -0.07036123 -0.09469455 0.3193232 -0.0029476343 0.1236406 0.17035961 0.31126332 -0.012830645 0.12572111 0.16869843 0.72923183 -0.05512363 0.22025295 0.0078066154 0.50481874 0.037557073 -0.038081083 -0.028852893 0.6916256 -0.031079791 0.10249643 0.08132696 -0.0040730196 0.0 -0.04074497520311147
-0.43696466 0.005772113 -0.03913437 0.09282761 0.34076443 0.07923496 -0.051599275 -0.048736107 0.0 0.9302556 -0.14977312 0.94034034 0.037455484 -0.058212157 0.09124092 -0.06829693 -0.09598767 0.3225738 0.0005048722 0.07561971 0.03480363 0.31460097 -0.009451252 0.07790035 0.032845944 0.7358785 -0.056871545 0.17481023 -0.1339117 0.50230336 0.035382636 -0.097159356 -0.12173066 0.6946568 -0.03027441 0.077575795 -0.056200836 0.004238725 0.0 -0.04244592224733319
-0.4387928 0.005981283 -0.06347283 -0.051207013 0.33971873 0.07987533 -0.02480476 0.09426558 0.0 0.9318481 -0.15145072 0.9422082 0.035762846 -0.05626416 0.09101656 -0.06662423 -0.096197 0.32553306 0.004100457 0.095429786 0.18076722 0.31764936 -0.0059256135 0.09866419 0.17809075 0.7422151 -0.05966075 0.19915041 0.010138108 0.49952218 0.03342556 -0.07354954 0.02571062 0.69800454 -0.030480038 0.115312204 0.081733815 0.00047669685 0.0 -0.04354481191134264
-0.44049585 0.0069253854 -0.037519768 0.08916579 0.3384603 0.08029213 -0.04843476 -0.047253035 0.0 0.9335146 -0.15237595 0.9438523 0.034838844 -0.05462661 0.08997328 -0.06496432 -0.09724153 0.32815844 0.007513002 0.06450731 0.04117888 0.32040176 -0.0026115144 0.06829336 0.038177364 0.7485003 -0.061928347 0.1741758 -0.12683253 0.4965332 0.031701494 -0.09922817 -0.10903439 0.7014041 -0.03137013 0.088100985 -0.10783621 0.0062005306 0.0 -0.044890572261951166
-0.44216406 0.0070064543 -0.056950804 -0.05532329 0.33746862 0.08079605 -0.026652236 0.09630394 0.0 0.9348579 -0.15448517 0.9455833 0.032707818 -0.05277934 0.089909844 -0.06350472 -0.09728315 0.3306936 0.011103527 0.08102101 0.18649599 0.32304505 0.00089493743 0.084805 0.18358158 0.7546842 -0.064888425 0.19418527 0.019872159 0.49370062 0.030193383 -0.0777428 0.052827347 0.70475715 -0.034892667 0.10904796 -0.026545744 0.0039097043 0.0 -0.04532802645026705
-0.4436312 0.007827356 -0.030523662 0.08542328 0.3361867 0.081055075 -0.050852925 -0.045479223 0.0 0.93619126 -0.1558967 0.9470182 0.03129045 -0.051313233 0.08903422 -0.06214019 -0.09815292 0.33282548 0.014476885 0.049432475 0.046155177 0.32530293 0.0041706627 0.05327776 0.04317927 0.7607523 -0.06730092 0.16890983 -0.1160514 0.4905672 0.028653247 -0.103639014 -0.101038545 0.7074933 -0.03975037 0.0607665 -0.20687342 0.006377727 0.0 -0.0455976584885736
-0.4450428 0.0077955034 -0.049366925 -0.05886542 0.33509368 0.08163554 -0.0297844 0.09791699 0.0 0.9372835 -0.15785128 0.9484908 0.029313477 -0.049721252 0.08908573 -0.06092855 -0.098079026 0.33485273 0.018239055 0.06550852 0.19129099 0.32744706 0.007843335 0.069602236 0.18817167 0.7667428 -0.06985187 0.18859752 0.032365732 0.4876518 0.026780898 -0.078748375 0.028988956 0.70926577 -0.0454161 0.050471272 -0.06549648 0.0028212972 0.0 -0.04489705466670696
-0.44625902 0.008513862 -0.0235716 0.082219325 0.33367378 0.08210055 -0.05348928 -0.04419143 0.0 0.9384419 -0.15871653 0.9496642 0.028447324 -0.04854303 0.08829986 -0.05976538 -0.098864 0.3364332 0.021922037 0.03319175 0.050600637 0.32918778 0.011412087 0.037998147 0.04710059 0.7726591 -0.071472265 0.16380422 -0.10275518 0.4846086 0.025095606 -0.10119252 -0.10480951 0.71009815 -0.04998885 0.0057464386 -0.18061647 0.0025160564 0.0 -0.044596218437647106
-0.44734827 0.008381455 -0.038371067 -0.06251065 0.33232203 0.083087906 -0.036621008 0.09960963 0.0 0.93938017 -0.15957592 0.95078707 0.027576782 -0.04736067 0.08841358 -0.05876757 -0.09873912 0.3377905 0.02621203 0.04386634 0.19680831 0.33071402 0.015572668 0.049212664 0.19271669 0.77845824 -0.07277332 0.17916161 0.046244197 0.48170954 0.02412973 -0.07634904 0.050520085 0.7104909 -0.053090055 0.018087033 0.008992813 -0.0019582282 0.0 -0.04396910854049893
-0.448446 0.009014441 -0.025825609 0.080212526 0.3308303 0.083953544 -0.047226574 -0.04416845 0.0 0.9406048 -0.159289 0.95181555 0.027875545 -0.046395354 0.08766642 -0.057606146 -0.09949813 0.33882588 0.030438777 0.023048306 0.05451109 0.3319789 0.019626165 0.02955474 0.049488578 0.7831354 -0.07056342 0.107836135 0.028936552 0.4785099 0.02213196 -0.09234094 -0.15466659 0.7084702 -0.054393705 -0.11391301 -0.108546935 -0.00072621164 0.0 -0.042793966631869414
-0.4491931 0.008813626 -0.01966198 -0.06558477 0.32919547 0.08527345 -0.051461656 0.100682355 0.0 0.94135344 -0.15918697 0.95257497 0.02797693 -0.045632567 0.087824814 -0.056854047 -0.0993391 0.3394236 0.0351987 0.013766753 0.20173326 0.3328122 0.024203422 0.020826649 0.19630137 0.7855367 -0.06604188 0.047626298 0.20392403 0.47558156 0.019889684 -0.08862409 -0.0048195575 0.70463437 -0.054643773 -0.11645776 0.06452877 -0.0067909393 0.0 -0.04149624469472531
-0.45020178 0.009333138 -0.03528037 0.07632921 0.32762957 0.08663496 -0.03404961 -0.042323947 0.0 0.94271094 -0.15749802 0.95348203 0.029692354 -0.044866577 0.08713815 -0.055637665 -0.100052215 0.339902 0.0399975 0.019918445 0.05787981 0.33362442 0.028823506 0.02918697 0.05278513 0.7875271 -0.059999153 0.05914804 0.06315509 0.47336495 0.018362466 -0.04827003 -0.132865 0.7013623 -0.05332634 -0.09347829 -0.06577688 -0.0074789105 0.0 -0.040492033135918044
-0.45064205 0.009111653 0.002662632 -0.06480808 0.3256725 0.088441744 -0.070214465 0.09781394 0.0 0.94340116 -0.15586887 0.95388776 0.031337637 -0.044546973 0.08726639 -0.055033617 -0.09994012 0.33965135 0.04527708 -0.023366436 0.199139 0.3337366 0.033933464 -0.012995047 0.19432712 0.788814 -0.05385737 0.01832084 0.20477091 0.4717784 0.018164875 -0.044153873 0.049346283 0.69778955 -0.05099737 -0.11993904 0.11099092 -0.010950864 0.0 -0.03998687036406372
-0.45163208 0.009466636 -0.051022157 0.06715127 0.32412916 0.09018228 -0.0148535855 -0.035232455 0.0 0.94487894 -0.15317011 0.95474946 0.03406991 -0.043863926 0.08671272 -0.05373445 -0.100527294 0.33960193 0.050459642 0.022620339 0.06405681 0.3340828 0.03899041 0.033161834 0.060983345 0.7906941 -0.046917163 0.07336522 0.07262646 0.4722494 0.018958896 0.0587571 -0.073718086 0.6953225 -0.047178242 -0.047246914 -0.0023092215 -0.0095830895 0.0 -0.03978534045682971
-0.4515706 0.009493105 0.039972592 -0.04708067 0.32173583 0.091799535 -0.1041682 0.0780395 0.0 0.9450968 -0.15145233 0.9546223 0.035805546 -0.04408636 0.08660845 -0.053611904 -0.10064943 0.33837104 0.055499204 -0.073302716 0.17746486 0.33325657 0.043949705 -0.06178711 0.17529754 0.79142636 -0.040784724 -0.019589128 0.1855113 0.47350517 0.020295693 0.022605848 0.07633832 0.6922627 -0.043473817 -0.12472502 0.12401979 -0.007983605 0.0 -0.04040389273924848
-0.45232794 0.009726921 -0.066456966 0.04743927 0.3201389 0.09335185 0.0038784584 -0.01745473 0.0 0.9462212 -0.1493367 0.9552741 0.03794463 -0.043559648 0.0862268 -0.052612554 -0.10105453 0.3376271 0.060376734 0.022786839 0.07787961 0.33293328 0.048798315 0.034170635 0.077494234 0.7930421 -0.034404732 0.09071533 0.08928894 0.4767782 0.023143763 0.15145542 0.028057143 0.69022906 -0.039342955 -0.018081252 0.031258218 -0.008997816 0.0 -0.04016801946259357
-0.45222995 0.009697104 0.052743386 -0.035803676 0.31785014 0.0948361 -0.11371426 0.064908184 0.0 0.9463424 -0.14791614 0.955121 0.039378244 -0.04378239 0.08619727 -0.05256096 -0.101097114 0.33587855 0.06514205 -0.10017043 0.1600858 0.3315863 0.053555883 -0.088728085 0.16010249 0.79378265 -0.02855254 -0.030070454 0.1729828 0.4791285 0.026880581 0.011211649 0.13245735 0.68737656 -0.035705112 -0.1338151 0.11006876 -0.0018574889 0.0 -0.0407701668677009
-0.45286584 0.009904428 -0.069560416 0.03764948 0.31637868 0.09587177 0.010169077 -0.009372074 0.0 0.947116 -0.14720316 0.9557068 0.040099937 -0.043243088 0.08591707 -0.0518338 -0.101386026 0.33469528 0.069330275 0.0152023025 0.08146395 0.33077812 0.05777008 0.025746996 0.08251107 0.7953158 -0.02337002 0.09739465 0.09809063 0.4809843 0.031075045 0.0862835 0.0882755 0.68538034 -0.033012565 -0.006208807 0.021956855 -0.0049719648 0.0 -0.04037053903912553
-0.45268667 0.009869086 0.059022743 -0.029261062 0.31420454 0.096997745 -0.11686133 0.056764305 0.0 0.9470109 -0.14669421 0.95550954 0.040613078 -0.043462694 0.085939236 -0.051961347 -0.10136806 0.33258322 0.07356284 -0.115978986 0.14738004 0.32903633 0.062045578 -0.10505876 0.14868738 0.7960505 -0.01831797 -0.033210345 0.1653611 0.48009297 0.03574849 -0.1029844 0.15531878 0.6826379 -0.030929301 -0.13479498 0.072321534 0.0024090735 0.0 -0.04003102737639322
-0.45323157 0.01009031 -0.06944152 0.03345266 0.31283543 0.09767145 0.013126824 -0.0066777538 0.0 0.9475531 -0.14688909 0.9560417 0.040418655 -0.042932976 0.085691236 -0.051421586 -0.10161651 0.33167368 0.07724979 0.03355839 0.08192833 0.32805178 0.06592647 0.027990842 0.08918114 0.7957159 -0.016847953 0.008776858 -0.03740564 0.47767666 0.03683199 -0.04930472 -0.05314944 0.67883426 -0.03067131 -0.072466694 -0.041696735 -0.0035751143 0.0 -0.03827583567063423
-0.4528633 0.010451928 0.069367915 -0.006646122 0.31054768 0.098380364 -0.12421214 0.032684058 0.0 0.94725156 -0.14670064 0.9556347 0.04061186 -0.04336525 0.085322276 -0.051748455 -0.10199022 0.3301333 0.080838956 -0.09886669 0.11495849 0.32624412 0.06982342 -0.11148535 0.1246659 0.7922769 -0.017254047 -0.18036436 -0.01617236 0.47330102 0.035669077 -0.18467666 -0.033741735 0.6736689 -0.03100536 -0.21054988 -0.0057189786 -0.0009150586 0.0 -0.036527927870049215
-0.45327336 0.010903295 -0.069607794 0.02837734 0.3090153 0.09914638 0.016178744 -0.003091876 0.0 0.94782156 -0.14600243 0.955974 0.041320253 -0.043080308 0.08480002 -0.051232766 -0.102522664 0.32983628 0.084016584 0.06148537 0.056969427 0.32488298 0.07360758 0.015377041 0.08251333 0.7888942 -0.017269256 -0.04198533 -0.038217 0.46996978 0.03417923 -0.0331467 -0.08009547 0.66929525 -0.030976962 -0.07187538 -0.036684692 -0.013745808 0.0 -0.03488480010125323
-0.4528759 0.011242196 0.07088592 -0.0039938292 0.3065488 0.10057775 -0.122979775 0.028455826 0.0 0.94784576 -0.14347239 0.9554345 0.043873984 -0.043746095 0.08434747 -0.051334873 -0.10299889 0.3293243 0.087226704 -0.05683591 0.070372894 0.32261032 0.0780592 -0.11474165 0.116628446 0.7846453 -0.015313411 -0.18674158 0.006505901 0.4658662 0.033596482 -0.17804486 -0.043077327 0.6641667 -0.02949921 -0.21251732 -0.0009727621 -0.008222843 0.0 -0.03330789744371279
-0.45326656 0.011645971 -0.069957465 0.023821607 0.30490884 0.10187661 0.019166205 -0.00015701342 0.0 0.9486472 -0.14104596 0.9556738 0.04632233 -0.04362373 0.08379771 -0.050650362 -0.10357058 0.33045575 0.08910323 0.1101746 -0.0074326624 0.3216142 0.08211712 0.04570348 0.074054115 0.7811985 -0.013087825 -0.041699212 -0.010769196 0.46277034 0.03307653 -0.022790536 -0.06549687 0.6598157 -0.0279748 -0.071751386 -0.023178907 -0.020020023 0.0 -0.03219141168790467
-0.45285416 0.0119607095 0.07174578 -0.001725185 0.30235043 0.10372734 -0.121301614 0.02454104 0.0 0.9488549 -0.13704045 0.9550312 0.050357793 -0.044426117 0.08329789 -0.050602384 -0.104100354 0.33157995 0.09033171 -0.0019922147 -0.008682672 0.32011202 0.08649815 -0.08948667 0.09404959 0.7769716 -0.009253791 -0.1859424 0.022463463 0.4590626 0.03370811 -0.16283739 -0.027086275 0.6547016 -0.025196597 -0.21340638 0.005571794 -0.012899451 0.0 -0.0314946591478338
-0.45323583 0.012320316 -0.07036574 0.019724725 0.3006641 0.10533843 0.022026079 0.00229131 0.0 0.9497803 -0.13351731 0.95518774 0.053904697 -0.044396307 0.08274448 -0.049803767 -0.10467753 0.33191973 0.09152237 0.047595907 -0.0009831537 0.3196643 0.09015973 0.049944956 0.049736645 0.77347755 -0.0056539965 -0.04404851 0.005199753 0.45663184 0.03462265 0.0018668689 -0.029196702 0.6503603 -0.02273104 -0.07125512 -0.014677635 -0.023697954 0.0 -0.030345175834801206
-0.4528215 0.012570837 0.07191336 -0.001781671 0.2980949 0.107393704 -0.11909042 0.022968967 0.0 0.95005006 -0.12875478 0.9544705 0.0586931 -0.045251526 0.08226887 -0.04967198 -0.10517902 0.32920322 0.09411217 -0.1432084 0.042667754 0.3173998 0.0936292 -0.12944087 0.05472432 0.7690851 -0.0008089708 -0.19085872 0.03537152 0.4535265 0.036268935 -0.14846437 -0.017600948 0.6452411 -0.019376509 -0.21352267 0.00718336 -0.013073021 0.0 -0.029169546177666275
-0.45318753 0.012980437 -0.06982035 0.02210166 0.2964681 0.10886229 0.023804978 -0.0016577315 0.0 0.95091736 -0.12535545 0.9545851 0.062108677 -0.045223568 0.081669815 -0.04889128 -0.10579431 0.32651636 0.09638867 -0.012868077 0.017718194 0.31521845 0.09613235 0.0019900603 0.023281706 0.7654399 0.0030772078 -0.047081236 0.015568325 0.45107126 0.03656814 -0.009506181 -0.06406843 0.6408622 -0.017022107 -0.071784236 -0.016547836 -0.021715507 0.0 -0.027617817388228896
-0.45275784 0.013283642 0.07222992 -0.0006935602 0.29400885 0.11061329 -0.117124274 0.02038881 0.0 0.9510585 -0.121208236 0.9538503 0.06627098 -0.046038803 0.081160866 -0.048830654 -0.10631835 0.322776 0.09907209 -0.1566618 0.045639187 0.31197912 0.09891521 -0.14185528 0.049553458 0.76100624 0.007682949 -0.18907082 0.041046117 0.4469554 0.03713796 -0.19223507 -0.031693738 0.6356909 -0.014147819 -0.21384478 0.0060739815 -0.009853645 0.0 -0.02595602282461814
-0.4531183 0.013685119 -0.06993296 0.020804793 0.29253474 0.111786716 0.02616161 -0.0017684981 0.0 0.95179605 -0.11857906 0.9539898 0.06890811 -0.045941766 0.080607906 -0.048135478 -0.10687926 0.3209965 0.101441145 0.03669181 0.03523165 0.31054392 0.10092843 0.048164174 0.015921146 0.76032776 0.011168274 0.10334326 0.024264557 0.44499967 0.03885526 0.045584384 0.037786294 0.6327605 -0.011112677 -0.008125632 0.04735867 -0.018622842 0.0 -0.0256719229240238
-0.45271155 0.01381243 0.07095787 -0.00852613 0.2902741 0.11335981 -0.113642916 0.02690316 0.0 0.951819 -0.11519342 0.9533215 0.07230056 -0.046646357 0.08031394 -0.048148867 -0.10718004 0.319792 0.1042023 -0.06886243 0.054717135 0.30975157 0.102778696 -0.054972026 0.023523385 0.76333725 0.01558394 0.06391306 0.05694913 0.44389695 0.04223472 -0.08125959 0.06005193 0.63014036 -0.0068917754 -0.12812038 0.061226126 -0.004238347 0.0 -0.026198690296119258
-0.4530797 0.01412024 -0.0695525 0.021702997 0.2890515 0.114127964 0.027963769 -0.0038790193 0.0 0.95237345 -0.11393718 0.95356745 0.07355902 -0.04641229 0.07992693 -0.04760627 -0.10756927 0.32073587 0.105670094 0.10527329 0.009052497 0.31131366 0.10291924 0.12761563 -0.036263116 0.7682639 0.017996883 0.20549358 0.01879159 0.44444668 0.04453957 0.08944593 0.036044158 0.62885636 -0.0045233457 0.026922606 0.023292134 -0.010761117 0.0 -0.026820569770664632
-0.452654 0.014308197 0.07160611 -0.0061417925 0.28705403 0.11504226 -0.11212909 0.023423126 0.0 0.95214957 -0.11241637 0.9530076 0.07508166 -0.04698198 0.07965762 -0.047839973 -0.10784041 0.3205051 0.10768733 -0.08056411 0.06755342 0.3128719 0.10231703 -0.0011215457 -0.0341004 0.772429 0.02053704 0.064740166 0.04532145 0.44440404 0.046289776 -0.062987424 0.02187103 0.6271133 -0.0023657843 -0.10769721 0.03522491 0.001966826 0.0 -0.02790131260493348
-0.45302293 0.014582637 -0.07008606 0.018350245 0.286085 0.1153501 0.030630762 -0.0015269765 0.0 0.9525238 -0.112636514 0.9533708 0.07486157 -0.046618976 0.07937876 -0.047465947 -0.108119324 0.3189817 0.10905231 -0.025131544 0.014371543 0.31627947 0.10049933 0.17969373 -0.063426636 0.7774476 0.021556836 0.20741308 0.017180039 0.44459814 0.045443904 0.05481714 -0.0597485 0.62618905 -0.0018857215 0.030829113 -0.0029678645 -0.004933964 0.0 -0.02813280486340884
-0.45257735 0.014931874 0.0730002 0.004348831 0.28429213 0.115680076 -0.11142218 0.012013871 0.0 0.9521263 -0.11256486 0.9528908 0.07493358 -0.047100887 0.07901082 -0.047865372 -0.10848761 0.31408638 0.10894406 -0.20953222 -0.022097303 0.31790558 0.09916877 -0.04501039 -0.02890604 0.7816557 0.022754973 0.06437177 0.030997857 0.44241917 0.04343181 -0.14816849 -0.06851034 0.6242455 -0.001869374 -0.12031198 -0.01094904 0.0066239107 0.0 -0.02873407716056381
-0.45293304 0.015318234 -0.070385605 0.016520659 0.28351626 0.115508355 0.032994956 -0.00054713234 0.0 0.9523519 -0.114030965 0.9533287 0.07346649 -0.046657722 0.07867589 -0.047634486 -0.10882156 0.3103857 0.10843167 -0.05198478 0.0064847763 0.3170334 0.09796363 -0.017298728 -0.02227016 0.7867075 0.022651676 0.20807646 0.017516756 0.43878564 0.040863734 -0.06294265 -0.04968006 0.6227487 -0.0033020775 0.01118766 -0.028856508 -0.0010957955 0.0 -0.027605539163246574
-0.45248824 0.01578147 0.07322477 0.0113456715 0.28188127 0.11547569 -0.10962405 0.004218994 0.0 0.9518657 -0.11481602 0.9529063 0.0726811 -0.0470783 0.078231014 -0.048118908 -0.109266095 0.30666775 0.10887877 -0.1543083 0.027244773 0.31216836 0.09796168 -0.21103908 0.014096398 0.790929 0.02313715 0.06377445 0.025350656 0.43365917 0.03985844 -0.21266802 -0.010564408 0.62002355 -0.0044061756 -0.14551596 -0.024243882 0.007997838 0.0 -0.02662992478719635
-0.45284855 0.016058126 -0.070792064 0.0060001304 0.28121316 0.11529974 0.035374746 0.009205493 0.0 0.95205635 -0.11647689 0.9533692 0.07101851 -0.046606313 0.0780201 -0.047919113 -0.1094753 0.3055061 0.109581515 0.045209665 0.039041307 0.30823436 0.0981993 -0.060128264 0.024504302 0.7959847 0.022908263 0.20830576 0.028629273 0.42934 0.038897205 -0.06861099 -0.008962972 0.6178358 -0.0059029944 -0.0053189914 -0.012810154 -0.0013762492 0.0 -0.024913730318763032
-0.45242167 0.016428348 0.072621584 0.014198667 0.27964526 0.11537355 -0.1071018 0.00061310234 0.0 0.95160264 -0.11704147 0.95295435 0.07045366 -0.04701969 0.07766263 -0.04837137 -0.109832495 0.30593002 0.11026275 -0.011049148 0.0037475848 0.30345723 0.09912177 -0.19906244 0.03619371 0.8002372 0.023521585 0.065217815 0.019052403 0.42417356 0.038484126 -0.2123259 -0.010560615 0.61482966 -0.0065144 -0.14783473 -0.015159672 0.0076779807 0.0 -0.023788696900494594
-0.45278683 0.016584873 -0.07063448 -0.002090308 0.2790347 0.115321286 0.03708321 0.016557083 0.0 0.9518065 -0.11849461 0.953413 0.06899851 -0.046550266 0.07756683 -0.048156828 -0.10992628 0.3101613 0.10987062 0.20749338 -0.0014463951 0.30045587 0.100881435 -0.022647984 0.08602208 0.8053971 0.022784058 0.21214145 0.0072493665 0.42097136 0.040200092 -0.013092645 0.11333234 0.61197245 -0.009591359 -0.028948724 -0.09524959 -0.002588686 0.0 -0.02165954455627911
-0.4524319 0.016994191 0.0689115 0.022031635 0.2775324 0.11549263 -0.10158316 -0.007958481 0.0 0.951492 -0.1185484 0.9530291 0.068945296 -0.046937283 0.077143185 -0.048474386 -0.11035051 0.31323823 0.10940084 0.016610233 -0.028805029 0.29749686 0.10272041 -0.13141389 0.025440147 0.8098366 0.022895887 0.07257964 -0.014878311 0.41791764 0.043934286 -0.14443803 0.09761204 0.60813093 -0.012223994 -0.17991251 -0.08283921 0.003457754 0.0 -0.020255057529553054
-0.4528347 0.016981026 -0.06993092 -0.016323416 0.27691144 0.115848824 0.03812659 0.030038701 0.0 0.95184535 -0.11893568 0.9534607 0.06855736 -0.04650218 0.07717246 -0.04811751 -0.11032058 0.31470248 0.10905223 0.059721798 0.009561387 0.2965305 0.103443 0.043599647 0.024275769 0.8150559 0.0227806 0.21149057 0.022138609 0.41568792 0.047777053 -0.009537086 0.13339795 0.60488576 -0.014187739 -0.035257503 -0.027324589 -0.006206411 0.0 -0.018488857749616158
-0.45245588 0.017138321 0.06949045 0.019588282 0.27537304 0.11641604 -0.10046916 -0.0062651862 0.0 0.95158195 -0.11815307 0.95301276 0.069341466 -0.04695813 0.076972246 -0.048388902 -0.11052229 0.3124105 0.10926278 -0.14329481 -0.00820975 0.29511747 0.10305125 -0.10751545 -0.055706207 0.8194609 0.02362628 0.07207741 -0.013840196 0.41246605 0.051942796 -0.1532458 0.094537325 0.6015781 -0.014798725 -0.14235494 -0.041187875 0.005360006 0.0 -0.017590458094331695
-0.4528721 0.017179517 -0.07100878 -0.011783202 0.27489412 0.11652184 0.040860612 0.024786437 0.0 0.9518739 -0.11919176 0.9535005 0.068301186 -0.046461854 0.07697645 -0.048088465 -0.110516496 0.31019405 0.109619245 -0.015220382 0.041543078 0.29426625 0.101777695 0.029768966 -0.010234891 0.8247114 0.022852397 0.21267831 0.014500939 0.41007093 0.05532953 -0.013747643 0.12522887 0.60043716 -0.015443785 0.04562995 0.02868231 -0.0016932118 0.0 -0.016672409571781663
-0.45249316 0.017330224 0.07029575 0.015892949 0.27356735 0.11670064 -0.09964419 -0.003221849 0.0 0.95144975 -0.119688876 0.95314527 0.06780346 -0.04681386 0.07684625 -0.048509385 -0.110646084 0.3068357 0.11071868 -0.16178057 0.032672152 0.29270115 0.101043686 -0.1010214 -0.025816536 0.8291517 0.022433668 0.071409255 -0.015907072 0.40683195 0.058885284 -0.15510134 0.09756564 0.60013384 -0.015011219 -0.047821682 0.01234273 0.012332774 0.0 -0.01669747093795166
-0.4528946 0.017310452 -0.07088995 -0.012046136 0.27334413 0.11634087 0.04235137 0.024465838 0.0 0.9515005 -0.12243104 0.9537394 0.06505559 -0.046189282 0.07699658 -0.04842822 -0.11049005 0.3045211 0.11166163 -0.01836019 0.07000368 0.29278085 0.10006379 0.06392263 0.01018065 0.8344261 0.019935345 0.21252425 0.00727281 0.40462148 0.061646022 -0.009595499 0.12863056 0.6018477 -0.015507012 0.12322593 0.053778727 0.006592798 0.0 -0.016744117266543696
-0.45249206 0.01734473 0.07137307 0.00997922 0.2722927 0.116045326 -0.099129006 0.0021816927 0.0 0.95079154 -0.12481445 0.95349455 0.062666066 -0.046401534 0.07708221 -0.04910456 -0.11039831 0.3011959 0.11293381 -0.1721274 0.051605083 0.29293585 0.09929772 -0.047075897 -0.009154062 0.8388771 0.017604755 0.07012566 -0.017948966 0.4016677 0.06459738 -0.1505973 0.107497714 0.6034333 -0.015714861 -0.0068807653 0.026177172 0.020077296 0.0 -0.017402172371661452
-0.45289177 0.017342795 -0.07156595 -0.006650797 0.2723273 0.115158334 0.044598095 0.018618241 0.0 0.95059234 -0.12930012 0.954179 0.058165584 -0.04563803 0.07729435 -0.04922467 -0.11017135 0.299755 0.11299092 0.022231488 0.037456166 0.29538986 0.098117195 0.1361552 0.016169135 0.8441474 0.013253484 0.2126871 -0.0064519043 0.39974865 0.06669001 -0.0050274576 0.12454618 0.605835 -0.017976493 0.129827 0.010501113 0.012585516 0.0 -0.01759816225795527
-0.45249382 0.017405488 0.07166968 0.0072941603 0.2714777 0.114470884 -0.097882114 0.004456821 0.0 0.9496976 -0.13294517 0.9539927 0.05450564 -0.045744896 0.07741271 -0.05003997 -0.110038094 0.29858518 0.112588026 -0.098390386 0.0068460316 0.29814425 0.097337626 0.024153072 0.008906285 0.84857404 0.009462683 0.068982765 -0.024746418 0.39706433 0.06913983 -0.14568172 0.1113031 0.60723037 -0.021035384 -0.019615151 -0.04600989 0.0220549 0.0 -0.018393667172248572
-0.45289534 0.017425343 -0.07182876 -0.003431415 0.2715772 0.11349954 0.046363913 0.014997281 0.0 0.94943637 -0.13762315 0.9546489 0.049804382 -0.044964604 0.07760468 -0.05017716 -0.109822854 0.29910868 0.11134749 0.06832855 0.008555875 0.30151588 0.096615165 0.13023026 0.028185127 0.8509414 0.0029520397 0.080039136 -0.1024363 0.39396748 0.06867281 -0.06454353 0.0012176245 0.6066722 -0.02574506 -0.008132212 -0.05471275 0.010030626 0.0 -0.01677356422545625
-0.45253754 0.017767837 0.070272855 0.019052008 0.270684 0.11280641 -0.09503523 -0.007723355 0.0 0.9486881 -0.14055212 0.95441353 0.04686044 -0.045120165 0.07739603 -0.05084559 -0.11001654 0.2998224 0.11054148 -0.028325828 -0.0056637577 0.30147514 0.09604473 -0.10915241 -0.007017416 0.8491222 -0.004006787 -0.14104278 -0.1415418 0.38913828 0.066351846 -0.20471264 -0.05966957 0.60197264 -0.029400036 -0.20725057 -0.054788318 0.014148244 0.0 -0.014831455386003535
-0.4529579 0.017906941 -0.071577415 -0.005845564 0.27060297 0.11226842 0.047499083 0.016942978 0.0 0.948706 -0.14336322 0.9549566 0.044032555 -0.04448759 0.07736912 -0.0507382 -0.11002666 0.30347568 0.1098157 0.18979007 0.003289172 0.29918626 0.095799245 -0.05115 0.04172133 0.84703714 -0.010446923 -0.0043332498 -0.10749533 0.38518268 0.06369552 -0.062361978 -0.036414336 0.597607 -0.03223639 -0.067421764 -0.020216499 9.513165e-05 0.0 -0.012039382969741837
-0.45262876 0.018334156 0.06883253 0.025191996 0.2694828 0.11218476 -0.09227459 -0.014384473 0.0 0.9483458 -0.14389135 0.9546185 0.04350369 -0.0448217 0.07695842 -0.05109446 -0.110436626 0.30592465 0.109307855 -0.013593598 -0.026243243 0.29483202 0.096977435 -0.18411435 0.030846907 0.8440919 -0.014710662 -0.14651291 -0.13477047 0.3803015 0.06177305 -0.20259875 -0.06850721 0.59253025 -0.033570517 -0.20821631 -0.049530607 0.0036003224 0.0 -0.009603031069471704
-0.45301425 0.018337402 -0.0689782 -0.01728808 0.26914188 0.11241977 0.0461584 0.027819365 0.0 0.9486755 -0.14427249 0.95502037 0.04312013 -0.044406936 0.07695937 -0.050751794 -0.11043325 0.30615613 0.108842656 0.023732498 0.004307618 0.2920436 0.099064864 -0.016447887 0.08670032 0.84182703 -0.018677874 -0.0097565325 -0.0888405 0.37619027 0.060061395 -0.06375725 -0.02948398 0.5881556 -0.034573104 -0.070974216 -0.0039553656 -0.0073883245 0.0 -0.006437414477311609
-0.4526003 0.018442595 0.07067226 0.017145768 0.26780647 0.11307587 -0.092905596 -0.006925534 0.0 0.9484736 -0.14294189 0.9545375 0.044460025 -0.044939406 0.076800965 -0.051003333 -0.110600956 0.3030775 0.10906884 -0.1630734 -0.015319725 0.28845093 0.10101135 -0.16304186 0.014364456 0.8386614 -0.020966658 -0.15499005 -0.116926454 0.3712143 0.05882463 -0.2016397 -0.06917325 0.5830401 -0.034538217 -0.21046399 -0.039788138 0.00084607204 0.0 -0.003541804774105553
-0.45301393 0.018561676 -0.071525976 -0.0056780414 0.26745385 0.113355644 0.049876124 0.015622534 0.0 0.9489242 -0.14280197 0.9549343 0.044601683 -0.04455184 0.07665578 -0.05056198 -0.11074787 0.30021593 0.10927011 -0.024713237 0.017004944 0.2859221 0.10173987 -0.00960038 0.02216622 0.8361694 -0.024098426 -0.016006365 -0.088007405 0.3673229 0.05667367 -0.051929675 -0.06254373 0.57872206 -0.035328407 -0.06782956 -0.01948904 -0.00833428 0.0 0.0
