120
-0.09920639 -0.18948379 0.10337832 -0.09701497 0.12671117 -0.104365006 -0.06673946 0.06417945 0.0 0.604787 0.04945656 0.61917937 0.23640336 -0.37787023 0.31316286 -0.39226264 0.12621605 -0.04730963 0.1302001 -0.10337832 0.09701496 0.0 0.0 44.82695903477819
-0.095128536 -0.19201596 0.11911809 -0.07688816 0.12335888 -0.10340592 -0.08412772 0.04511474 0.0 0.60124487 0.048361316 0.61686015 0.23520996 -0.3796659 0.31849158 -0.39528123 0.13164294 -0.050309513 0.13336985 -0.11911809 0.07688816 0.03785205 0.0 44.891809083618874
-0.09112139 -0.1946306 0.108284056 -0.09050238 0.12209534 -0.09984613 -0.074257195 0.060439978 0.0 0.5967145 0.059440833 0.60978115 0.24648498 -0.38778767 0.3161737 -0.4008543 0.12912956 -0.055938195 0.13555914 -0.108284056 0.090502374 -0.10884141 0.0 44.982242367245476
-0.08717594 -0.1974106 0.111632854 -0.0879515 0.12037494 -0.096649826 -0.07867461 0.059380222 0.0 0.5923589 0.068059236 0.603667 0.25521794 -0.39451265 0.31552806 -0.4058208 0.12836938 -0.06098036 0.13804032 -0.111632854 0.087951496 0.013915484 0.0 45.06034441399509
-0.08312786 -0.2000237 0.11491223 -0.08326171 0.11643856 -0.096109085 -0.083576776 0.05544253 0.0 0.5892719 0.063959375 0.60278887 0.25097153 -0.39460927 0.32306173 -0.40812618 0.1360496 -0.0631956 0.14164875 -0.11491223 0.08326171 0.059754036 0.0 45.128222998900256
-0.07883704 -0.20217524 0.12460572 -0.06721768 0.1126822 -0.09533598 -0.09468727 0.040286735 0.0 0.58558977 0.062393684 0.600391 0.24930857 -0.39648843 0.32824826 -0.41128963 0.14133337 -0.06632872 0.14456305 -0.12460572 0.06721768 0.00037003274 0.0 45.20212955218872
-0.07483665 -0.20477802 0.1050335 -0.09453602 0.110905655 -0.09207389 -0.07600585 0.068986006 0.0 0.5810445 0.07177542 0.5937644 0.25884345 -0.4039318 0.32668328 -0.41665176 0.13961524 -0.07174816 0.14668404 -0.1050335 0.09453602 -0.0693038 0.0 45.29264411404034
-0.0732301 -0.20889929 0.0018298003 -0.13942891 0.11201936 -0.08679332 0.026469164 0.11536164 0.0 0.5783455 0.085840635 0.5878834 0.27309787 -0.41082194 0.32396677 -0.42035985 0.13670951 -0.07562628 0.14964075 -0.0018298002 0.13942891 -0.058670945 0.0 45.40975482218104
-0.07273868 -0.21372168 0.008256115 -0.14252591 0.111610435 -0.0841938 0.018626759 0.11905399 0.0 0.5792299 0.08315964 0.59120107 0.27027708 -0.40675867 0.3341234 -0.41872984 0.14700596 -0.07385731 0.15545507 -0.008256115 0.14252591 0.113460205 0.0 45.491588999663854
-0.0706042 -0.21785727 0.07795352 -0.11737412 0.1087228 -0.08323295 -0.052656904 0.09423398 0.0 0.5792323 0.07403888 0.59553033 0.2608292 -0.4006847 0.34775224 -0.41698277 0.16096191 -0.07200706 0.16142805 -0.07795352 0.11737412 0.06164288 0.0 45.554455114197474
-0.06801708 -0.22190453 0.056362934 -0.13007347 0.10602278 -0.08144811 -0.032422714 0.107455075 0.0 0.57819307 0.068990834 0.59749794 0.2554944 -0.39718762 0.35845366 -0.4164925 0.1719501 -0.07155402 0.16685915 -0.056362934 0.13007347 0.05266151 0.0 45.6126847689139
-0.06555162 -0.22603695 0.060066078 -0.12834297 0.10390031 -0.07898503 -0.03731162 0.106359005 0.0 0.5769491 0.066919245 0.5983346 0.25319567 -0.39513975 0.3672515 -0.41652521 0.18097506 -0.07166508 0.17203411 -0.060066078 0.12834297 0.029215937 0.0 45.66439959981089
-0.06310519 -0.2301954 0.054063506 -0.13138129 0.101450585 -0.07694597 -0.032549568 0.10991043 0.0 0.5760741 0.06199527 0.6004777 0.2479004 -0.3910163 0.37805286 -0.41541988 0.19214773 -0.07075009 0.17761521 -0.054063506 0.13138129 0.07484042 0.0 45.698760218985825
-0.06097289 -0.23451786 0.03759585 -0.13696311 0.09866051 -0.07567926 -0.017472902 0.11580521 0.0 0.5760622 0.051560782 0.60530317 0.23676665 -0.3824615 0.39271846 -0.41170245 0.20751259 -0.067528576 0.18400109 -0.03759585 0.13696311 0.10344324 0.0 45.717551128220926
-0.057354398 -0.23706022 0.12337238 -0.06492296 0.09442029 -0.07549273 -0.10451548 0.044156488 0.0 0.5739932 0.0413953 0.6075023 0.2258767 -0.37639853 0.40459198 -0.40990764 0.22011058 -0.06636832 0.18865922 -0.12337238 0.06492296 0.07024449 0.0 45.71404442263943
-0.052667588 -0.2369772 0.14120257 0.00025006005 0.08933797 -0.076677844 -0.12337001 -0.020452542 0.0 0.5699038 0.034134716 0.60600567 0.2181263 -0.3752828 0.41066968 -0.41138467 0.2266781 -0.068321966 0.19039544 -0.14120257 -0.00025006066 0.038855925 0.0 45.716082286623376
-0.04843393 -0.23839831 0.09445017 -0.10345064 0.08469718 -0.07663434 -0.07766468 0.08374328 0.0 0.5665767 0.026338821 0.60592353 0.20966388 -0.3718101 0.41951358 -0.41115692 0.23618853 -0.06878877 0.19385067 -0.09445017 0.10345064 0.076628946 0.0 45.705725630064926
-0.044350296 -0.24091037 0.10568172 -0.09380641 0.081760146 -0.07398301 -0.08956119 0.074870385 0.0 0.5631184 0.029514238 0.60251004 0.21282968 -0.3751723 0.42291838 -0.41456392 0.23960295 -0.072206125 0.19718139 -0.10568172 0.09380641 -0.051118717 0.0 45.69953617193835
-0.039756376 -0.24195796 0.1359334 -0.038584493 0.07799779 -0.0726275 -0.12045104 0.020389983 0.0 0.55885404 0.031380404 0.59828603 0.21468715 -0.37934995 0.42499134 -0.41878197 0.2416846 -0.076433524 0.19918759 -0.1359334 0.038584493 0.035313603 0.0 45.67364171119927
-0.03513684 -0.24316426 0.11820357 -0.07810702 0.07332873 -0.07200842 -0.10355398 0.06044036 0.0 0.55497336 0.026468875 0.5967356 0.20925882 -0.37814412 0.43199074 -0.41990635 0.2492008 -0.078126594 0.20234932 -0.11820357 0.07810702 0.050612282 0.0 45.637313219808114
-0.03172749 -0.24632485 0.04952962 -0.13254568 0.06928367 -0.070660084 -0.035924695 0.115196295 0.0 0.55297506 0.01522555 0.5997097 0.19680783 -0.3687291 0.4460593 -0.41546378 0.264477 -0.075089775 0.2083165 -0.04952962 0.13254568 0.12652555 0.0 45.58731710173354
-0.029381318 -0.25049376 0.027082311 -0.1385113 0.06752323 -0.0675866 -0.014255017 0.12165714 0.0 0.5519714 0.011865624 0.6013274 0.19275297 -0.36340514 0.4559851 -0.41276115 0.27509776 -0.07323503 0.21402024 -0.027082311 0.1385113 -0.00018987931 0.0 45.54363807923782
-0.02565202 -0.2525492 0.12659387 -0.054526165 0.06489417 -0.065160915 -0.11426873 0.038336918 0.0 0.5489124 0.014913999 0.5982408 0.19580887 -0.36653185 0.45889384 -0.4158603 0.27799895 -0.07632484 0.21697322 -0.12659387 0.054526165 0.00046485907 0.0 45.46569928530736
-0.02107908 -0.2539629 0.11241453 -0.08626429 0.061140954 -0.0632322 -0.10060249 0.07069046 0.0 0.5449033 0.01649218 0.5945599 0.19729725 -0.36973378 0.46213248 -0.4193904 0.28132743 -0.07996625 0.21968564 -0.11241453 0.08626429 0.008269394 0.0 45.3772262026674
-0.01638657 -0.25448942 0.13760032 -0.03226982 0.057045896 -0.06207558 -0.12627569 0.017291436 0.0 0.54054487 0.017421884 0.5904759 0.19815134 -0.37341452 0.46445048 -0.4233456 0.283721 -0.08401544 0.22156394 -0.13760032 0.03226982 0.0038365005 0.0 45.276331945007
-0.012201426 -0.25628433 0.08481997 -0.11173054 0.05407402 -0.05952378 -0.07388893 0.09738079 0.0 0.5369121 0.022206217 0.58619 0.20311487 -0.37865618 0.46593022 -0.42793405 0.28502157 -0.08838157 0.22409073 -0.08481997 0.11173054 -0.027433448 0.0 45.17661528966997
-0.007793448 -0.25793839 0.12662974 -0.06271098 0.05072458 -0.05713664 -0.11610151 0.048946492 0.0 0.53304344 0.026013147 0.581964 0.20701875 -0.38339916 0.4679285 -0.43231973 0.2869229 -0.09264761 0.22666262 -0.12662974 0.06271098 0.0059176614 0.0 45.0493996232056
-0.0033607034 -0.25971347 0.10378459 -0.096369125 0.047104288 -0.054841373 -0.09370607 0.08311902 0.0 0.529303 0.027462335 0.57870936 0.20833594 -0.38594985 0.47183657 -0.4353562 0.29096296 -0.095847085 0.22979094 -0.10378459 0.096369125 0.009621903 0.0 44.911985261235145
0.0009250585 -0.26190138 0.10527372 -0.09482965 0.043879107 -0.052029245 -0.095590614 0.08210161 0.0 0.52574265 0.03074673 0.5751337 0.21162452 -0.38954782 0.47504348 -0.4389389 0.2941657 -0.09942459 0.2330224 -0.10527372 0.09482965 -0.008904996 0.0 44.76392946961747
0.0049668145 -0.26451173 0.087648705 -0.11173363 0.040596582 -0.049182456 -0.0784432 0.099433355 0.0 0.52278566 0.030209256 0.57360107 0.21069206 -0.3889739 0.48170766 -0.43978932 0.30122486 -0.10076758 0.237407 -0.087648705 0.11173363 0.050434113 0.0 44.58659865326313
0.009401115 -0.26612118 0.12519829 -0.06558832 0.036335498 -0.047399633 -0.11653872 0.053636577 0.0 0.51940113 0.024930675 0.5730016 0.20460604 -0.38526693 0.49047542 -0.43886745 0.31080005 -0.100873195 0.24174687 -0.12519829 0.06558832 0.058659304 0.0 44.379710773064126
0.013972275 -0.26531747 0.14052345 0.009077748 0.030887825 -0.047991507 -0.13247672 -0.020751685 0.0 0.5152474 0.013360007 0.5730564 0.19172584 -0.37822807 0.5000405 -0.43603706 0.32167464 -0.099759296 0.24469595 -0.14052345 -0.009077748 0.103385046 0.0 44.158551422849065
0.01851878 -0.2637435 0.14166673 -0.004160988 0.025121769 -0.049109466 -0.13421883 -0.0072431318 0.0 0.51060915 0.0005214312 0.57285154 0.17738898 -0.370442 0.50934863 -0.43268445 0.3324811 -0.09843257 0.24713393 -0.14166673 0.004160988 0.08074559 0.0 43.91984359659267
0.023131453 -0.26236683 0.14123353 -0.012151919 0.01920996 -0.049788773 -0.13437906 0.0010059951 0.0 0.5056346 -0.012994673 0.5726616 0.16211568 -0.3612603 0.5195928 -0.42828727 0.34448248 -0.09647874 0.2500814 -0.14123353 0.012151919 0.1089828 0.0 43.659798607214896
0.027877364 -0.26185358 0.13187788 -0.051149808 0.013925812 -0.04919564 -0.12548871 0.04032448 0.0 0.50072217 -0.02087893 0.57091975 0.15298465 -0.35635263 0.527372 -0.42655024 0.35350844 -0.09651177 0.25309402 -0.13187788 0.051149808 0.034984864 0.0 43.38117359463665
0.032528903 -0.26283392 0.10643539 -0.093171015 0.009883842 -0.046962608 -0.100365005 0.08273203 0.0 0.4966475 -0.021443991 0.5679692 0.1519615 -0.3568601 0.53234386 -0.4281818 0.3589384 -0.09880027 0.2563895 -0.10643539 0.093171015 0.013029698 0.0 43.081066907550785
0.036390554 -0.26555374 0.055502176 -0.13019499 0.0071942634 -0.04337786 -0.049751863 0.12011985 0.0 0.4939534 -0.021453794 0.56667465 0.15136944 -0.3550492 0.53921616 -0.42777047 0.36639294 -0.09922877 0.2611845 -0.055502176 0.13019499 0.036585156 0.0 42.76338154708347
0.04044804 -0.26599804 0.13575435 -0.014895432 0.003707134 -0.041732375 -0.13025504 0.005202529 0.0 0.4903344 -0.020725919 0.56349784 0.15191057 -0.35723013 0.5421156 -0.43039358 0.36947915 -0.102122284 0.26343 -0.13575435 0.014895432 -0.0063939937 0.0 42.41854884070652
0.045153912 -0.26606888 0.11766409 -0.078486845 -0.0005821265 -0.040144514 -0.11241901 0.06915386 0.0 0.48594868 -0.020799443 0.5598131 0.1515383 -0.35932153 0.54548186 -0.43318594 0.3731441 -0.10534833 0.2657618 -0.11766409 0.078486845 0.02601314 0.0 42.035861114854384
0.04912529 -0.26851463 0.05412828 -0.13071714 -0.0037756797 -0.036572322 -0.049256362 0.12165957 0.0 0.48286474 -0.025929464 0.55990654 0.14501148 -0.35177854 0.55590117 -0.42882034 0.38496023 -0.103026606 0.2715279 -0.05412828 0.13071714 0.09028635 0.0 41.6268353687917
0.053433426 -0.2702179 0.11569879 -0.08028214 -0.007419236 -0.03342193 -0.11116848 0.07150189 0.0 0.47917858 -0.030830558 0.5591413 0.13876371 -0.3453615 0.56523144 -0.4253242 0.3956372 -0.10152415 0.27663305 -0.11569879 0.08028214 0.042324346 0.0 41.17134845052307
0.058013692 -0.26935017 0.14084496 -0.008411524 -0.011841226 -0.032518815 -0.13650754 -3.0877945e-05 0.0 0.4746133 -0.030487945 0.55487096 0.13896693 -0.34888837 0.5670079 -0.42914602 0.397553 -0.10555354 0.27798563 -0.14084496 0.008411524 -0.016574815 0.0 40.707514020623634
0.0625505 -0.26966253 0.1018156 -0.09652625 -0.0154594 -0.030674733 -0.097594075 0.08844433 0.0 0.4708272 -0.025080571 0.5499372 0.14491314 -0.3566959 0.5668331 -0.4358059 0.3968394 -0.11141228 0.27946287 -0.1018156 0.09652625 -0.032676544 0.0 40.22004845633896
0.06600383 -0.2699809 0.085831925 -0.026598413 -0.018451901 -0.02910809 -0.08181205 0.01881595 0.0 0.46771893 -0.025475617 0.54760605 0.14415427 -0.35708666 0.5702189 -0.43697378 0.40058905 -0.113120735 0.28172922 -0.085831925 0.026598413 0.050615177 0.0 39.72931004226249
0.07050566 -0.27030885 0.11692398 -0.08065224 -0.0222984 -0.027110346 -0.11307446 0.07316963 0.0 0.46374723 -0.024019163 0.54391164 0.14547987 -0.36008325 0.5730232 -0.44024763 0.4035242 -0.116589345 0.28413498 -0.11692398 0.08065224 -0.025980087 0.0 39.1912672637879
0.07515581 -0.27151892 0.10453464 -0.09571806 -0.02573376 -0.024405139 -0.1007995 0.088548996 0.0 0.46016282 -0.018561887 0.5394511 0.15134872 -0.36673877 0.5742197 -0.44602707 0.4043091 -0.12175679 0.2865923 -0.10453464 0.09571806 -0.016002016 0.0 38.6332182420708
0.079896174 -0.27197632 0.12936932 -0.057425413 -0.02969088 -0.022250898 -0.12577385 0.05054217 0.0 0.4560774 -0.015661024 0.5351862 0.15433325 -0.37144995 0.5762467 -0.45055872 0.40625244 -0.12616427 0.28887823 -0.12936932 0.057425413 0.0036797523 0.0 38.0513821386895
0.084705524 -0.2722244 0.12199408 -0.07256462 -0.034070272 -0.019812606 -0.118619844 0.065911084 0.0 0.45162773 -0.01884131 0.53277576 0.15018901 -0.36871925 0.5829785 -0.44986728 0.41394815 -0.12690829 0.2926801 -0.12199408 0.07256462 0.06781918 0.0 37.42462171280821
0.08946885 -0.27183834 0.13567972 -0.04046713 -0.038706616 -0.017705487 -0.13253978 0.03402484 0.0 0.4468395 -0.024201851 0.53065217 0.14352317 -0.3638813 0.59052414 -0.44769397 0.4227991 -0.1266944 0.2964356 -0.13567972 0.04046713 0.049516477 0.0 36.77525566142573
0.09419976 -0.27096274 0.13611871 -0.03926881 -0.043320365 -0.016340233 -0.13313717 0.03306308 0.0 0.44208044 -0.025358938 0.5268358 0.1418917 -0.36516765 0.5939203 -0.449923 0.42666966 -0.12963974 0.29850146 -0.13611871 0.03926881 8.574824e-05 0.0 36.117452226438964
0.09890986 -0.27140114 0.105950594 -0.09405726 -0.047373608 -0.013516981 -0.10315019 0.08806541 0.0 0.43780828 -0.027516332 0.5243451 0.13881956 -0.36277965 0.6003493 -0.44931647 0.43401343 -0.13042036 0.3024318 -0.105950594 0.09405726 0.06114571 0.0 35.41874848384516
0.103605404 -0.27114242 0.13601369 -0.038064104 -0.051728636 -0.01104439 -0.13340507 0.032270513 0.0 0.43311846 -0.031704057 0.5219978 0.133392 -0.35851452 0.60741526 -0.44739386 0.4423192 -0.13038954 0.30624306 -0.13601369 0.038064104 0.044329613 0.0 34.69681258628453
0.108109735 -0.26950133 0.14112416 -0.012252654 -0.056510653 -0.009862705 -0.1386854 0.006657188 0.0 0.42796963 -0.036173105 0.5188318 0.12784006 -0.35590512 0.6124382 -0.44676727 0.44842502 -0.13142553 0.30853918 -0.14112416 0.012252654 0.042953644 0.0 33.9731671381256
0.11237369 -0.26727745 0.14171645 -3.896198e-05 -0.061320983 -0.009402587 -0.13941945 -0.00535612 0.0 0.4228401 -0.039650913 0.5150943 0.1235833 -0.3554882 0.6156058 -0.4477424 0.45237157 -0.13360219 0.309808 -0.14171645 3.8961978e-05 0.022697162 0.0 33.256277268011615
0.11695706 -0.2661264 0.12909463 -0.05752647 -0.065832816 -0.008083817 -0.12690702 0.052335568 0.0 0.4181399 -0.039931722 0.51099217 0.12296304 -0.3577799 0.6181752 -0.45063215 0.45528045 -0.13701692 0.3115657 -0.12909463 0.05752647 0.0048660412 0.0 32.50518813051435
0.121758185 -0.26594877 0.12367168 -0.06892227 -0.069981165 -0.0064715045 -0.12153869 0.06394894 0.0 0.41411066 -0.035095017 0.50593275 0.12838265 -0.3659481 0.61810064 -0.45777023 0.454623 -0.14325401 0.31289086 -0.12367168 0.06892227 -0.04268772 0.0 31.765288001092898
0.12652504 -0.26539928 0.13425833 -0.045199838 -0.07427663 -0.005638397 -0.13215408 0.040446196 0.0 0.4100428 -0.028494539 0.49996617 0.13603519 -0.37752572 0.61562663 -0.46744913 0.45109692 -0.15131314 0.3130154 -0.13425833 0.045199838 -0.041676465 0.0 31.044203808963758
0.13127153 -0.2657231 0.108063124 -0.09192168 -0.07823037 -0.0029130706 -0.10606033 0.08734682 0.0 0.40592372 -0.027592776 0.4965186 0.13656817 -0.37900645 0.6197409 -0.46960133 0.45557994 -0.15403217 0.31620792 -0.108063124 0.09192168 0.04944207 0.0 30.29165799086414
0.1356702 -0.2645821 0.1402879 -0.0012932944 -0.082587354 -0.00069511123 -0.13843013 -0.003129999 0.0 0.40107837 -0.032495268 0.49412915 0.1302862 -0.3740387 0.62655693 -0.46708944 0.46377546 -0.1536496 0.31967852 -0.1402879 0.0012932944 0.058827113 0.0 29.56264118817266
0.14016832 -0.26451352 0.09733191 -0.10092081 -0.086424805 0.002984136 -0.09562867 0.09663823 0.0 0.39648792 -0.037899144 0.49262953 0.12307614 -0.36590534 0.63583136 -0.46204692 0.47485608 -0.1514153 0.32480127 -0.09733191 0.10092081 0.07201767 0.0 28.776939168290312
0.14492686 -0.26480716 0.12335927 -0.069586 -0.090140425 0.0077586817 -0.12182484 0.065432854 0.0 0.39156717 -0.044862352 0.4916434 0.1136968 -0.3540054 0.64743656 -0.4540816 0.48887742 -0.14723901 0.33121932 -0.12335927 0.069586 0.09885574 0.0 27.95093467332958
0.14965808 -0.2654392 0.09682851 -0.10324519 -0.09349339 0.012764772 -0.09544351 0.099223636 0.0 0.3868784 -0.050415788 0.4904548 0.10587938 -0.3431194 0.65828687 -0.4466958 0.5019917 -0.14343394 0.33755115 -0.09682851 0.10324519 0.06500463 0.0 27.114774517000157
0.15403487 -0.26732433 0.06501775 -0.12538008 -0.09597341 0.01708946 -0.06370602 0.12151031 0.0 0.38404128 -0.04829317 0.48837584 0.1074969 -0.34250453 0.66394794 -0.44683912 0.5081579 -0.14437981 0.34224582 -0.06501775 0.12538008 -0.016895289 0.0 26.310145869492008
0.15861231 -0.2677307 0.1273249 -0.059723154 -0.09967545 0.018988825 -0.12603272 0.05601663 0.0 0.38084176 -0.04212362 0.48382813 0.11456097 -0.35182303 0.6638215 -0.45480937 0.50713694 -0.15092964 0.34384102 -0.1273249 0.059723154 -0.040401477 0.0 25.47909073177619
0.16299404 -0.2659281 0.14114915 -0.007899284 -0.10427711 0.019810408 -0.13990925 0.0043380754 0.0 0.37617344 -0.041374613 0.4792228 0.115268536 -0.3562073 0.6648652 -0.45925668 0.5082221 -0.15544267 0.3448039 -0.14114915 0.007899284 0.02984234 0.0 24.657912935265994
0.16708206 -0.26338884 0.14172101 -0.0015978568 -0.1090191 0.019975724 -0.14053477 -0.0018249566 0.0 0.37130326 -0.041780107 0.4745765 0.114715554 -0.360067 0.66550606 -0.46334025 0.50901043 -0.15976018 0.34515807 -0.14172101 0.0015978568 -0.011143236 0.0 23.849915665549265
0.17127262 -0.26103297 0.14107311 -0.012923809 -0.11401682 0.01879777 -0.13989298 0.009649988 0.0 0.3669924 -0.03690345 0.46832275 0.120857164 -0.37306717 0.6612857 -0.4743975 0.5035251 -0.16881472 0.34343883 -0.14107311 0.012923809 -0.06714255 0.0 23.055768143457325
0.175886 -0.26070917 0.10554459 -0.09399368 -0.11802912 0.020945387 -0.10441177 0.09084833 0.0 0.3629259 -0.034785565 0.46430096 0.122946315 -0.37693572 0.6636133 -0.4783108 0.5058815 -0.17277338 0.3457086 -0.10554459 0.09399368 0.043086004 0.0 22.20436040846405
0.18019606 -0.26264828 0.057944305 -0.12888694 -0.12036629 0.025772955 -0.056880377 0.12585667 0.0 0.36008912 -0.033719797 0.4627289 0.12319205 -0.37413427 0.67060417 -0.47677407 0.5136923 -0.17253412 0.35106847 -0.057944305 0.12888694 0.016469534 0.0 21.386548511323703
0.1847248 -0.2639109 0.10942958 -0.08911963 -0.12354062 0.028740311 -0.10839644 0.08621248 0.0 0.35710257 -0.02882606 0.45914477 0.12847504 -0.37979442 0.6727002 -0.48183662 0.5153991 -0.17698036 0.3539336 -0.10942958 0.08911963 -0.03478459 0.0 20.539896799925064
0.18949965 -0.263632 0.12911761 -0.058294237 -0.12773828 0.030705217 -0.12811846 0.055503827 0.0 0.35300717 -0.025618304 0.45467335 0.13192609 -0.3855634 0.67414576 -0.48722962 0.5166014 -0.18198851 0.35586452 -0.12911761 0.058294237 0.007984849 0.0 19.6889850027508
0.1942903 -0.26360118 0.11304845 -0.08538776 -0.13165762 0.033541735 -0.11209583 0.082704544 0.0 0.3489017 -0.023988932 0.45099297 0.13328032 -0.3877764 0.67776716 -0.4898677 0.5204979 -0.18506181 0.3589373 -0.11304845 0.08538776 0.008657452 0.0 18.833118454845618
0.19881642 -0.26500636 0.07682481 -0.11841012 -0.13494527 0.036037948 -0.07588944 0.11583973 0.0 0.34601963 -0.017627053 0.44687176 0.14043969 -0.3961509 0.6783177 -0.49700302 0.52025104 -0.19093683 0.3610909 -0.07682481 0.11841012 -0.055719897 0.0 18.0315560061145
0.2032057 -0.2645012 0.13867816 -0.015791133 -0.13989355 0.033984333 -0.13771078 0.013347997 0.0 0.34235296 -0.0061054067 0.43873823 0.1547241 -0.41901916 0.66877884 -0.5154044 0.50794935 -0.20500037 0.3574243 -0.13867816 0.015791133 -0.129129 0.0 17.28434013356886
0.20710494 -0.26175728 0.13874091 0.027514577 -0.14527178 0.030597549 -0.13776389 -0.029842148 0.0 0.33765927 0.00043571246 0.4307426 0.16319856 -0.43732592 0.659643 -0.5304093 0.49688014 -0.21699825 0.3527205 -0.13874091 -0.027514577 -0.035461735 0.0 16.599711789222216
0.2109839 -0.25892138 0.14135313 0.009869615 -0.15012169 0.029447064 -0.14040653 -0.012102238 0.0 0.3328824 0.0010944738 0.42538095 0.16419037 -0.44446385 0.6575159 -0.5369624 0.49441996 -0.22303596 0.3513862 -0.14135313 -0.009869615 0.0019322142 0.0 15.894121160232793
0.21489492 -0.256115 0.14046785 0.019270591 -0.1551546 0.027332846 -0.13953736 -0.021406308 0.0 0.32807425 0.0038204829 0.41895878 0.16782124 -0.45571196 0.6525388 -0.5465965 0.48853803 -0.23127387 0.34860912 -0.14046785 -0.019270591 -0.05983986 0.0 15.230203439604576
0.21935889 -0.25474927 0.13066155 -0.053299747 -0.16003832 0.026190817 -0.12974153 0.051259633 0.0 0.3234202 0.008920755 0.4122029 0.17406881 -0.46858677 0.6475766 -0.5573695 0.4824285 -0.24028555 0.34653795 -0.13066155 0.053299747 -0.0390736 0.0 14.525397835088537
0.22414745 -0.25422522 0.13168018 -0.052718174 -0.1645232 0.02764029 -0.1307929 0.050759878 0.0 0.31893492 0.011288772 0.40742642 0.17659307 -0.47419646 0.6485476 -0.56268793 0.48324332 -0.24536501 0.34791186 -0.13168018 0.052718174 0.014192111 0.0 13.81978762600918
0.22889188 -0.2546572 0.10877517 -0.090501465 -0.16842502 0.030464161 -0.10792579 0.08861885 0.0 0.31497774 0.013408339 0.40373173 0.17857182 -0.47714016 0.6519265 -0.5658942 0.48676306 -0.24878664 0.3509276 -0.10877517 0.090501465 -0.0023514936 0.0 13.125103847514959
0.23344298 -0.25440204 0.1309395 -0.038122863 -0.17258067 0.03204508 -0.13012052 0.036315672 0.0 0.31082204 0.01585535 0.39930093 0.18116637 -0.48235783 0.6530539 -0.5708367 0.48774287 -0.2535035 0.35243553 -0.1309395 0.038122863 -0.008074432 0.0 12.4646233747187
0.23775102 -0.25239697 0.14115724 0.009604773 -0.177276 0.032374304 -0.14037168 -0.011341415 0.0 0.30608875 0.015908185 0.39468226 0.1811578 -0.486649 0.65365666 -0.5752425 0.48840705 -0.25800323 0.35287967 -0.14115724 -0.009604773 0.010474179 0.0 11.843565827730474
0.24219272 -0.25066724 0.13812606 -0.03039652 -0.18221864 0.03155652 -0.13735919 0.028733775 0.0 0.30122787 0.01869205 0.3886071 0.18458694 -0.4961656 0.6506097 -0.58354485 0.4847148 -0.26532015 0.35151762 -0.13812606 0.03039652 -0.05212728 0.0 11.218105683292046
0.24632205 -0.24833669 0.13922991 0.024941988 -0.18734528 0.028801732 -0.1384714 -0.026529083 0.0 0.29620633 0.022613052 0.3813055 0.18968904 -0.50976646 0.6435512 -0.59486556 0.47647518 -0.27484658 0.34764853 -0.13922991 -0.024941988 -0.04612987 0.0 10.675431076677736
0.25078875 -0.24751148 0.12008 -0.0730283 -0.1917877 0.029315695 -0.11934556 0.07150642 0.0 0.29175898 0.025010368 0.37622464 0.19240752 -0.51656014 0.64289093 -0.6010258 0.4754938 -0.2805211 0.34788033 -0.12008 0.0730283 0.004921403 0.0 10.073400429546755
0.25515231 -0.24603619 0.14023641 0.0116856815 -0.19627269 0.03025018 -0.13953336 -0.013148904 0.0 0.2872421 0.025168164 0.3719937 0.19242074 -0.52002 0.6444291 -0.60477155 0.47717655 -0.2844854 0.3490156 -0.14023641 -0.0116856815 0.008643753 0.0 9.538248647645329
0.25812477 -0.2424232 0.11710969 0.078703135 -0.20041895 0.029128663 -0.11643995 -0.080111496 0.0 0.28304884 0.02215195 0.36847165 0.18906268 -0.5217189 0.644651 -0.60714173 0.47774026 -0.28737304 0.34829363 -0.11710969 -0.078703135 0.020943642 0.0 9.12217922517274
0.26188576 -0.2407571 0.12283042 -0.059608474 -0.20443606 0.029784681 -0.122190155 0.058254037 0.0 0.27899265 0.021738883 0.36480016 0.18845217 -0.52433735 0.6460923 -0.61014485 0.47937903 -0.29067555 0.34919524 -0.12283042 0.059608474 -0.0035659822 0.0 8.561493400162655
0.2665332 -0.24176352 0.096374415 -0.103884436 -0.20791346 0.033845093 -0.09576612 0.10258009 0.0 0.27544618 0.023326967 0.36212042 0.18959129 -0.5246226 0.6518539 -0.6112969 0.48558962 -0.2925096 0.3537445 -0.096374415 0.103884436 0.030738628 0.0 8.004521114916177
0.2711824 -0.24298114 0.10854582 -0.09113791 -0.21112546 0.038857833 -0.10797231 0.08987988 0.0 0.27210578 0.024204765 0.3602139 0.1897137 -0.5225004 0.65962374 -0.6106085 0.49411482 -0.29297277 0.35951915 -0.10854582 0.09113791 0.02964427 0.0 7.446201465544442
0.27586144 -0.24411885 0.10343781 -0.09701098 -0.21427956 0.04412559 -0.10289875 0.095797084 0.0 0.26876628 0.02477048 0.35849497 0.18940647 -0.5195637 0.6679595 -0.6092924 0.5033235 -0.29299328 0.3656161 -0.10343781 0.09701098 0.03697111 0.0 6.896693145730282
0.2804459 -0.2435 0.13931791 -0.020911388 -0.21857035 0.045799755 -0.1388004 0.0197451 0.0 0.2644523 0.026344538 0.35422862 0.19095458 -0.52369165 0.6697614 -0.61346793 0.5051514 -0.29720867 0.36735255 -0.13931791 0.020911388 -0.021853533 0.0 6.393320837163966
0.28515464 -0.24274021 0.12828718 -0.059786674 -0.22338158 0.045765255 -0.12778209 0.05866982 0.0 0.2597499 0.029776145 0.34835574 0.19501914 -0.53294027 0.6675838 -0.62154615 0.5023408 -0.3043169 0.36678976 -0.12828718 0.059786674 -0.029883957 0.0 5.8965909706495605
0.28992227 -0.24211858 0.13462828 -0.04431198 -0.22807449 0.046394654 -0.13413817 0.04324129 0.0 0.25510824 0.03264481 0.34295976 0.19829008 -0.5404817 0.6668316 -0.6283332 0.5011864 -0.3104893 0.3670831 -0.13462828 0.04431198 -0.008235097 0.0 5.433757538888374
0.294661 -0.24238108 0.111908026 -0.08623577 -0.23258954 0.046532746 -0.11142713 0.085211866 0.0 0.2506885 0.03755781 0.336911 0.20405686 -0.5510839 0.66391015 -0.6373064 0.49741113 -0.31816232 0.36643204 -0.111908026 0.08623577 -0.055720028 0.0 5.0012362113172735
0.29933244 -0.24351557 0.1053929 -0.094645426 -0.2369947 0.04571399 -0.104914606 0.09366963 0.0 0.24634959 0.044822805 0.32978693 0.21273486 -0.56574404 0.65773404 -0.64918137 0.489822 -0.32790002 0.36417672 -0.1053929 0.094645426 -0.06501947 0.0 4.612328636920992
0.3039903 -0.24318856 0.13837098 -0.027352259 -0.2416425 0.04566472 -0.13790452 0.026418298 0.0 0.2416792 0.048402987 0.3238644 0.21693146 -0.57495415 0.65525246 -0.6571393 0.48672396 -0.3349316 0.36347362 -0.13837098 0.027352259 -0.0009251652 0.0 4.271909105050534
0.3087477 -0.24257484 0.13050671 -0.05533207 -0.2459436 0.04834655 -0.13006291 0.054432716 0.0 0.23737064 0.048800208 0.32036212 0.21693309 -0.5763466 0.6595543 -0.65933806 0.4914214 -0.3377244 0.36662912 -0.13050671 0.05533207 0.027698187 0.0 3.9378106454463753
0.31350616 -0.24190006 0.13611832 -0.039465547 -0.24999034 0.052290905 -0.13570054 0.0385974 0.0 0.23329063 0.047998693 0.31793925 0.21530339 -0.57435244 0.6667627 -0.65900105 0.49945801 -0.3386361 0.3714942 -0.13611832 0.039465547 0.040232617 0.0 3.6291817620352296
0.31819925 -0.2408439 0.13789493 -0.032533053 -0.25443697 0.054402746 -0.13749674 0.03169755 0.0 0.22881079 0.048309002 0.31409228 0.21529199 -0.5764836 0.6701266 -0.6617651 0.50314367 -0.34188697 0.37396774 -0.13789493 0.032533053 -0.004566278 0.0 3.346903221783325
0.3224173 -0.23866825 0.14019652 0.018657392 -0.25912723 0.05456029 -0.13981463 -0.01946033 0.0 0.22410263 0.048113693 0.30951545 0.21502955 -0.5807025 0.6705645 -0.6661153 0.50364864 -0.3463388 0.37422118 -0.14019652 -0.018657392 0.008924624 0.0 3.119322715626833
0.32694125 -0.2375659 0.12731387 -0.061113384 -0.2630027 0.058572672 -0.12695569 0.060337957 0.0 0.22011207 0.04672277 0.3073951 0.21266831 -0.5776478 0.6781778 -0.6649308 0.51223224 -0.34662893 0.37921965 -0.12731387 0.061113384 0.058929916 0.0 2.860098477971281
0.33174524 -0.23727281 0.12917846 -0.058320448 -0.26650438 0.064267084 -0.12884486 0.057570774 0.0 0.21638548 0.045670398 0.3059865 0.2103759 -0.5724429 0.6882481 -0.6620439 0.5235426 -0.34563816 0.3860804 -0.12917846 0.058320448 0.043735076 0.0 2.613118938457566
0.33652157 -0.23667637 0.13247678 -0.050590716 -0.26974106 0.070872575 -0.13216932 0.04986488 0.0 0.21272492 0.043603376 0.30527887 0.20666783 -0.56439817 0.70028895 -0.65695214 0.5372245 -0.34307435 0.394084 -0.13247678 0.050590716 0.07798392 0.0 2.3690226225860123
0.34106985 -0.23758328 0.086475685 -0.110508695 -0.27331913 0.07358556 -0.08617957 0.10981174 0.0 0.2091662 0.046864744 0.30154276 0.21002977 -0.5686707 0.70270467 -0.6610472 0.5395397 -0.34701395 0.39674067 -0.086475685 0.110508695 -0.061182823 0.0 2.1536914297678784
0.3445345 -0.23885979 0.06554382 -0.07083918 -0.27628997 0.07420164 -0.06525408 0.07017191 0.0 0.20638146 0.0513135 0.29746693 0.21520275 -0.576609 0.700992 -0.6676945 0.53710276 -0.35254362 0.39678746 -0.06554382 0.07083918 -0.0060319887 0.0 2.003147582301448
0.3491052 -0.2393829 0.12195111 -0.07339975 -0.27910474 0.08012316 -0.12168027 0.072755516 0.0 0.20325723 0.0516205 0.29625082 0.21443462 -0.5720912 0.71040046 -0.6650848 0.5475864 -0.3515944 0.4035995 -0.12195111 0.07339975 0.07281406 0.0 1.7955180059811848
0.35309607 -0.23733255 0.13651334 0.030942222 -0.28227478 0.08476936 -0.13626295 -0.031565145 0.0 0.19956844 0.048673913 0.2951216 0.20999919 -0.56527984 0.71961606 -0.660833 0.5582908 -0.3496555 0.40937126 -0.13651334 -0.030942222 0.048752114 0.0 1.627191184738248
0.35738203 -0.23548508 0.13315345 -0.04696755 -0.28533924 0.090411566 -0.13292356 0.04636497 0.0 0.19578134 0.045808215 0.29417676 0.20541583 -0.5570638 0.73019147 -0.6554593 0.5705838 -0.3469681 0.41617635 -0.13315345 0.04696755 0.07162647 0.0 1.432540704268583
0.3615759 -0.23444931 0.12160278 -0.03741849 -0.2887252 0.0939535 -0.12138642 0.036837913 0.0 0.19202757 0.045639236 0.29165807 0.20447882 -0.5554863 0.7358415 -0.65511686 0.5770019 -0.3478327 0.4202062 -0.12160278 0.03741849 -0.0010799351 0.0 1.2586175000276016
0.36632484 -0.23364854 0.12735492 -0.062982 -0.29169738 0.10016522 -0.12715547 0.06242121 0.0 0.18827003 0.044665966 0.2902713 0.20199361 -0.54880947 0.74600047 -0.6508108 0.5886728 -0.3459125 0.42728662 -0.12735492 0.062982 0.088857256 0.0 1.0764539806578362
0.3711132 -0.2333981 0.11973797 -0.075039834 -0.29562762 0.103166685 -0.119547494 0.0745007 0.0 0.18421498 0.04667156 0.2865485 0.2037833 -0.5513808 0.7495621 -0.65371436 0.5924503 -0.34915778 0.43042022 -0.11973797 0.075039834 -0.04798144 0.0 0.8981725341984812
0.37568194 -0.23214361 0.1395298 -0.022969387 -0.30105016 0.10192548 -0.13934223 0.022453109 0.0 0.17926827 0.04970577 0.28020436 0.20771892 -0.5625325 0.7460447 -0.66346854 0.58803153 -0.35748696 0.42870888 -0.1395298 0.022969387 -0.020982007 0.0 0.7474263992339791
0.3803329 -0.2319244 0.106500804 -0.09246424 -0.3055682 0.10279236 -0.10631829 0.09196912 0.0 0.17498423 0.052847926 0.2751764 0.21133383 -0.5700817 0.7456921 -0.6702739 0.5872061 -0.3635467 0.4293236 -0.106500804 0.09246424 -0.017144965 0.0 0.6191303198373861
0.38507882 -0.23256773 0.10737159 -0.0914432 -0.30748212 0.11083078 -0.10720395 0.090964794 0.0 0.17219639 0.053156774 0.2749322 0.21000575 -0.5615956 0.75793016 -0.66433144 0.6010812 -0.36019117 0.43827108 -0.10737159 0.0914432 0.10608925 0.0 0.4950507477022916
0.3888915 -0.2328716 0.082480334 -0.062102553 -0.3074356 0.12123591 -0.08233136 0.061638914 0.0 0.1705664 0.05105905 0.277367 0.20516902 -0.54455286 0.77477217 -0.6513535 0.6206622 -0.35157275 0.44995782 -0.082480334 0.062102553 0.08680166 0.0 0.3941636124973349
0.39352196 -0.23225984 0.13042004 -0.056053076 -0.30992433 0.12747072 -0.13028283 0.05560582 0.0 0.16710185 0.05098547 0.2759338 0.20366769 -0.5383713 0.78410476 -0.64720327 0.6314225 -0.34970933 0.45676342 -0.13042004 0.056053076 0.021050204 0.0 0.26655398896347204
0.3958091 -0.23360038 -0.027837044 -0.08658771 -0.31112647 0.12958209 0.027969256 0.08615818 0.0 0.16596709 0.05356109 0.27465507 0.20634583 -0.54019684 0.78601503 -0.6488848 0.6332303 -0.35122633 0.45885172 0.027837044 0.08658771 -0.020562455 0.0 0.2261984623356228
0.39911768 -0.2359428 0.07935064 -0.11652564 -0.31168714 0.13519146 -0.079226 0.11611228 0.0 0.1649566 0.05643892 0.27452242 0.20859535 -0.53697854 0.7929464 -0.6465444 0.6407899 -0.34989482 0.4647005 -0.07935064 0.11652564 0.046648957 0.0 0.12343489617936454
0.4032868 -0.23557709 0.12515762 -0.036375795 -0.31014997 0.14854153 -0.12505221 0.03597465 0.0 0.16335759 0.05275095 0.27831236 0.2008781 -0.51169914 0.81397015 -0.6266539 0.665843 -0.33651358 0.47922292 -0.12515762 0.036375795 0.18563393 0.0 0.0002601470954384233
