98
-0.16762874 0.12457919 0.050260074 -0.14112814 0.04328647 0.21885349 -0.050260074 0.14112814 0.0 -0.39733672 0.57924026 -0.5113301 0.43037203 0.28263387 -0.17759275 0.39662728 -0.028724497 0.16415869 0.20833647 0.028766684 0.07266736 0.113784306 0.031450283 -0.01909893 -0.034636855 -0.24571562 0.40665796 0.11933125 0.17291243 -0.103770144 0.4157924 -0.038924117 0.17541043 -0.19397248 0.4666722 -0.21208936 0.066043414 0.0 0.6611111 -0.027923296698518632
-0.16679686 0.12421181 -0.028465163 0.059148334 0.040720377 0.21863678 0.028465163 -0.059148334 0.0 -0.40481782 0.57292926 -0.5167529 0.42250726 0.28549775 -0.17448004 0.39743286 -0.024058033 0.16510591 0.20650315 0.12707813 -0.16155742 0.114344716 0.030907303 0.039621662 -0.037095305 -0.24977304 0.40406406 -0.006028173 0.0045232926 -0.1102945 0.4166346 -0.040578842 0.06741648 -0.2008317 0.46078005 0.0638647 -0.14076084 -0.20148277 0.62777776 -0.0322358847619405
-0.16536011 0.12280622 -0.0039966656 0.06067859 0.03482974 0.21773496 0.0039966656 -0.06067859 0.0 -0.42064506 0.5591587 -0.5282386 0.40560123 0.2907344 -0.16823085 0.39832792 -0.014673403 0.16252469 0.2054147 0.085765675 -0.17665191 0.11373311 0.035611738 -0.0057297894 0.08525483 -0.26429245 0.39726374 -0.12361765 0.006154518 -0.12377152 0.41540098 -0.049436647 0.061566733 -0.21106696 0.44908634 0.08843199 -0.17502227 0.15332176 0.59444445 -0.03641767585176614
-0.16394153 0.12121987 -0.005502841 0.06336457 0.046801414 0.21338478 0.005502841 -0.06336457 0.0 -0.38935295 0.57916725 -0.5051699 0.43171322 0.28125143 -0.1859772 0.39706838 -0.038523205 0.17576507 0.1897905 0.061308026 -0.19404146 0.11452411 0.0314 -0.04810651 0.054557793 -0.24648222 0.4109849 -0.12794214 -0.011977466 -0.10210986 0.42380536 -0.029184557 0.06739412 -0.18327115 0.45392963 0.09170717 -0.17569505 0.3939085 0.5611111 -0.04032029449508273
-0.16247776 0.119605824 0.0030002256 0.06502802 0.07039455 0.2045963 -0.0030002256 -0.06502802 0.0 -0.32188925 0.61707765 -0.45354375 0.48357353 0.25847805 -0.2185838 0.39013255 -0.08507972 0.19694522 0.16194974 0.022746112 -0.2047614 0.11660989 0.020559976 -0.0072180144 0.066982806 -0.20316315 0.43607524 -0.13134918 -0.0023784337 -0.054237507 0.43500018 -0.0058458582 0.07036944 -0.12878625 0.46530575 0.066444494 -0.18849637 0.5808076 0.5277778 -0.04364864501686136
-0.16116512 0.117794834 0.023039466 0.06281241 0.100824594 0.18895029 -0.023039466 -0.06281241 0.0 -0.22217885 0.65766793 -0.37307915 0.54637843 0.22046468 -0.2584232 0.37136498 -0.14713374 0.2190526 0.12223263 -0.029689126 -0.20442559 0.11793861 0.0043376414 -0.022511186 0.06663636 -0.1372984 0.46291277 -0.14586838 0.009722385 0.014566747 0.44050962 0.0053670453 0.06930461 -0.053377524 0.4731164 0.03147654 -0.19363415 0.7142202 0.49444443 -0.046340029214448145
-0.16015474 0.11561827 0.048801452 0.052687123 0.13259801 0.16511676 -0.048801452 -0.052687123 0.0 -0.097866535 0.6856103 -0.26678985 0.60423976 0.16718644 -0.29668453 0.33610976 -0.21531399 0.23520935 0.07297397 -0.08502938 -0.18919396 0.11630998 -0.015220155 -0.009524495 0.07081178 -0.054344397 0.48152852 -0.16163391 0.034210123 0.09660914 0.43234444 0.019589536 0.06299146 0.034846626 0.46826005 -0.016097156 -0.19059494 0.7793081 0.4611111 -0.04778396371354857
-0.15890151 0.11337266 0.0527696 0.055934012 0.16059159 0.1340737 -0.0527696 -0.055934012 0.0 0.03688504 0.6897032 -0.1447332 0.6431085 0.103771776 -0.3255221 0.28539002 -0.27892742 0.24138308 0.019116005 -0.0966077 -0.18940292 0.111036405 -0.035621528 -0.003428923 0.062062073 0.036142614 0.48455662 -0.15278801 0.045163035 0.18104371 0.406317 0.046330307 0.033052392 0.12465163 0.44571534 -0.039795242 -0.19704573 0.76305723 0.42777777 -0.0486124997419752
-0.15728053 0.11123709 0.058976445 0.054133914 0.18128255 0.09904996 -0.058976445 -0.054133914 0.0 0.1664134 0.6680898 -0.020769225 0.657185 0.037389677 -0.34112233 0.2245723 -0.33021754 0.23618513 -0.033429205 -0.12799725 -0.17660761 0.10263434 -0.054511636 0.018144676 0.046405345 0.12356522 0.47083384 -0.14266188 0.060662095 0.25757402 0.36439586 0.061645366 0.00253602 0.2051962 0.40702227 -0.0771215 -0.19466001 0.7364485 0.39444444 -0.04957838900937141
-0.15552981 0.10913487 0.06862382 0.044216216 0.1941067 0.06252914 -0.06862382 -0.044216216 0.0 0.28420344 0.6245879 0.098210596 0.64831376 -0.028327355 -0.34364802 0.15766548 -0.36737388 0.22088808 -0.08165024 -0.1466491 -0.16117382 0.09157586 -0.07091586 0.017448107 0.047965974 0.20361806 0.4428893 -0.13407513 0.081730545 0.3224337 0.31019697 0.06516076 -0.022592675 0.27275258 0.35628006 -0.11445785 -0.1782844 0.6921365 0.3611111 -0.049050864779835286
-0.15372746 0.10701611 0.076233916 0.03294851 0.19941178 0.02711963 -0.076233916 -0.03294851 0.0 0.38482612 0.56531006 0.20568459 0.62066853 -0.08956055 -0.334753 0.08958098 -0.39011145 0.19762945 -0.12291126 -0.17642896 -0.13188864 0.07862913 -0.0837415 0.011016394 0.06090733 0.27266258 0.40474477 -0.12255928 0.10111632 0.37295794 0.24867056 0.057033755 -0.048852358 0.32505515 0.29876924 -0.14590316 -0.15632026 0.632697 0.32777777 -0.048384868736456574
-0.15215912 0.10474127 0.08235437 0.008002081 0.19846854 -0.0046983077 -0.08235437 -0.008002081 0.0 0.4655004 0.49801573 0.29717648 0.58061904 -0.14337446 -0.31710857 0.024949472 -0.39971188 0.16922557 -0.155077 -0.20627071 -0.07512565 0.065331124 -0.09265739 0.019020392 0.07232618 0.33130783 0.36100045 0.007158239 0.09950446 0.40661287 0.18394385 -0.058954388 -0.14126216 0.36387795 0.23960143 -0.07980744 -0.14851755 0.5532398 0.29444444 -0.04686356881474545
-0.15086073 0.10216241 0.085247226 -0.014346595 0.19317083 -0.030975292 -0.085247226 0.014346595 0.0 0.5253549 0.43128133 0.3696623 0.53576136 -0.1875644 -0.29459906 -0.031871833 -0.39907905 0.13979442 -0.17826442 -0.20404005 -0.059328284 0.053122766 -0.09780401 0.021716028 0.08932388 0.37782738 0.31642 0.03332698 0.09266361 0.42411104 0.123300664 -0.11898251 -0.12160675 0.3883165 0.18440811 -0.1491628 -0.11160141 0.4516496 0.2611111 -0.044281936218222046
-0.1496859 0.09941356 0.085386574 -0.026654556 0.18597917 -0.05025845 -0.085386574 0.026654556 0.0 0.56493926 0.3744964 0.42109907 0.49477208 -0.22037134 -0.27237567 -0.076531135 -0.39265138 0.11315166 -0.19312575 -0.21097966 -0.03193545 0.043543812 -0.09984145 0.028386893 0.08987818 0.41043308 0.2780088 0.040748615 0.09202308 0.42988554 0.07455206 -0.14921543 -0.09807755 0.40063214 0.13911754 -0.1373718 -0.10399176 0.29648504 0.22777778 -0.041457105898588045
-0.14853169 0.09656164 0.08543489 -0.034446813 0.17935306 -0.06141694 -0.08543489 0.034446813 0.0 0.5858066 0.33710906 0.4503111 0.46671316 -0.24091077 -0.25592944 -0.105415285 -0.38553354 0.09281742 -0.20094022 -0.21227714 -0.021737445 0.037911776 -0.09946252 0.031555094 0.0918233 0.42960533 0.25312436 0.043687858 0.093562275 0.42841718 0.04287234 -0.16543572 -0.08073396 0.40376994 0.10910544 -0.16140443 -0.08345446 0.15713322 0.19444445 -0.038471755840653106
-0.14733438 0.093611985 0.0875929 -0.037775293 0.17433386 -0.06596796 -0.0875929 0.037775293 0.0 0.5935771 0.3190808 0.4623835 0.45303786 -0.25205418 -0.2466612 -0.1208606 -0.38061827 0.07898576 -0.20426407 -0.21476586 -0.010410336 0.035769064 -0.09755091 0.031418044 0.0916224 0.4391458 0.24214675 0.042460624 0.094677545 0.4233971 0.026691435 -0.19061714 -0.057553105 0.40171877 0.093116336 -0.15702282 -0.082887605 0.040617082 0.16111112 -0.0355024749373757
-0.14605136 0.090568 0.091438845 -0.03820906 0.17099884 -0.06544977 -0.091438845 0.03820906 0.0 0.5919452 0.31773636 0.46134683 0.45227382 -0.25618616 -0.2442507 -0.12558782 -0.37878814 0.07076245 -0.20500663 -0.21682627 -0.0127415825 0.03636674 -0.094636984 0.02871676 0.090027474 0.4415854 0.24342981 0.03822767 0.0958613 0.41668403 0.02321597 -0.20713656 -0.041502442 0.396558 0.08869997 -0.16898544 -0.07539445 -0.05174343 0.12777779 -0.03276669879996805
-0.1446613 0.0874189 0.09678935 -0.036514375 0.16891307 -0.061189894 -0.09678935 0.036514375 0.0 0.5830382 0.32935816 0.45008823 0.46157217 -0.25505322 -0.2474945 -0.12210321 -0.37970853 0.06693619 -0.20425189 -0.22120138 -0.014684933 0.038893208 -0.09097189 0.02372938 0.08765762 0.43830562 0.25459382 0.028450985 0.10309056 0.4089333 0.029296072 -0.21923865 -0.032645173 0.38922217 0.09300026 -0.16943896 -0.07924969 -0.120360814 0.094444446 -0.030245220837935467
-0.1431455 0.084144734 0.103603095 -0.033042748 0.16745259 -0.05433302 -0.103603095 0.033042748 0.0 0.56815505 0.349975 0.43081674 0.47762465 -0.24998151 -0.2548463 -0.1126432 -0.382496 0.06636965 -0.20286468 -0.21888924 -0.033518553 0.042577703 -0.086683266 0.016687281 0.08485944 0.4301306 0.2728887 0.015987739 0.10921153 0.40000457 0.042085104 -0.23255831 -0.0235219 0.38005736 0.10324977 -0.1743948 -0.08294614 -0.16736282 0.06111111 -0.027759253219047347
-0.14147867 0.0807117 0.112250954 -0.028140059 0.16600816 -0.045878127 -0.112250954 0.028140059 0.0 0.54833055 0.37585288 0.4054503 0.49726745 -0.242094 -0.26476035 -0.099213794 -0.3861749 0.06791908 -0.20128942 -0.22017309 -0.048438538 0.046730444 -0.08187278 0.0071007144 0.08225116 0.41778708 0.29550505 0.0026163172 0.111217484 0.38958833 0.059055608 -0.24586244 -0.016800646 0.36907294 0.11704732 -0.18245284 -0.087308414 -0.19437972 0.027777778 -0.02513499975741911
-0.13960926 0.0769837 0.13092008 -0.024628961 0.1640066 -0.03669917 -0.13092008 0.024628961 0.0 0.524669 0.40369847 0.37587208 0.51778495 -0.23258932 -0.2757985 -0.08379241 -0.389885 0.07036862 -0.19966106 -0.23254478 -0.059359383 0.050670225 -0.07664446 -0.013185687 0.082441784 0.4020545 0.31994027 -0.021502282 0.114731066 0.37747625 0.07788158 -0.26678884 -0.013206533 0.35638177 0.13224727 -0.19864 -0.09148697 -0.2034271 0.0 -0.022315697072578293
-0.1375747 0.07299732 0.13069393 -0.016876396 0.16123834 -0.027639747 -0.13069393 0.016876396 0.0 0.49879518 0.43070817 0.3443327 0.5369983 -0.22254795 -0.28680164 -0.06808546 -0.39309177 0.07281387 -0.19822843 -0.227198 -0.07255903 0.054014824 -0.07119824 -0.01539742 0.08013684 0.38246208 0.34497184 -0.10689496 0.15547283 0.3656365 0.09721614 -0.19197153 0.017884402 0.34355474 0.1463721 -0.14609729 -0.12331816 -0.19477475 0.0 -0.020414450912642775
-0.13542348 0.06905262 0.1322184 -0.005182549 0.15790477 -0.019524094 -0.1322184 0.005182549 0.0 0.47278532 0.45468858 0.31333932 0.5533457 -0.21283174 -0.29703307 -0.053385723 -0.39569017 0.07473666 -0.19737704 -0.22501796 -0.08774548 0.056761168 -0.06593023 -0.018921234 0.072699234 0.36105222 0.36820194 -0.12811649 0.1469083 0.35458815 0.114616156 -0.15916403 -0.018892517 0.3311491 0.15836184 -0.14573124 -0.13548617 -0.17688496 0.0 -0.01831758412526708
-0.13312961 0.06518184 0.13241829 0.004684901 0.15408655 -0.012985671 -0.13241829 -0.004684901 0.0 0.4487971 0.47401857 0.28535286 0.56590015 -0.20468235 -0.30580246 -0.041238103 -0.39768407 0.07541516 -0.19743083 -0.22230026 -0.10025672 0.058762304 -0.061194804 -0.020371659 0.06495262 0.34078494 0.38773686 -0.13165459 0.13711937 0.34421387 0.12784865 -0.15197091 -0.05919763 0.31944573 0.1672163 -0.14061394 -0.14587979 -0.12699561 0.0 -0.01572660631878281
-0.1307588 0.061352044 0.13225189 0.010019866 0.14990725 -0.008802414 -0.13225189 -0.010019866 0.0 0.43027282 0.48659903 0.26421556 0.57366925 -0.20015916 -0.31196955 -0.034101885 -0.3990398 0.07367217 -0.19877407 -0.22058387 -0.10697001 0.059782766 -0.057327162 -0.021455454 0.06152618 0.32477865 0.4020163 -0.13255787 0.13179462 0.33526963 0.13479419 -0.14816846 -0.10809962 0.30970222 0.1713923 -0.14067201 -0.15008406 -0.076988384 0.0 -0.012559226011228941
-0.12838161 0.057524566 0.13215879 0.011637713 0.14554584 -0.006699175 -0.13215879 -0.011637713 0.0 0.41759393 0.4933181 0.25010484 0.5776013 -0.19940564 -0.31567374 -0.031916574 -0.39995694 0.06952172 -0.2012366 -0.22026893 -0.10887094 0.05998497 -0.05425829 -0.021691151 0.060429074 0.31348062 0.4118005 -0.13284397 0.13017786 0.32762235 0.13597438 -0.16394451 -0.13707021 0.30219373 0.17147931 -0.13401483 -0.14895152 -0.031490386 0.0 -0.008979608821984453
-0.12602636 0.05368088 0.13224019 0.011464727 0.14109133 -0.0062795593 -0.13224019 -0.011464727 0.0 0.4103148 0.49526423 0.24235299 0.5786014 -0.20211193 -0.31719485 -0.034150127 -0.40053204 0.063159846 -0.20453802 -0.22130004 -0.10799484 0.059550814 -0.0518674 -0.021596253 0.060457848 0.30663472 0.417977 -0.13270743 0.13035075 0.32095194 0.13329536 -0.18071042 -0.13053952 0.2966423 0.16833128 -0.13590644 -0.14244653 0.0054688025 0.0 -0.005215047944077816
-0.12369609 0.049818635 0.13243261 0.010148894 0.13657376 -0.007088869 -0.13243261 -0.010148894 0.0 0.40740594 0.49358803 0.23971255 0.577464 -0.20762587 -0.3169008 -0.03993247 -0.40077674 0.054901745 -0.20829785 -0.22514309 -0.10317236 0.058656696 -0.04999014 -0.021371972 0.0611334 0.30345592 0.42145035 -0.13343534 0.13166174 0.315215 0.12785274 -0.18151519 -0.12954246 0.29274297 0.1626553 -0.12690993 -0.13869813 0.033306714 0.0 -0.0013760403633677476
-0.12139323 0.045934416 0.13273437 0.007767414 0.1319912 -0.008697758 -0.13273437 -0.007767414 0.0 0.40769035 0.48931572 0.24082242 0.57482207 -0.21521166 -0.31514022 -0.04834372 -0.4006466 0.045100193 -0.21213947 -0.23034377 -0.09556122 0.057457168 -0.048451632 -0.02092333 0.06249593 0.3030409 0.42301083 -0.13299029 0.13404314 0.3101497 0.12050245 -0.18710469 -0.12461634 0.29008818 0.15524368 -0.12164773 -0.1334097 0.052241754 0.0 0.0025574518234804666
-0.11913316 0.04201921 0.13305162 0.0040864833 0.12733817 -0.010713961 -0.13305162 -0.0040864833 0.0 0.41000772 0.4833765 0.24435769 0.5712191 -0.22413623 -0.3122476 -0.05848622 -0.40009022 0.034166936 -0.21576443 -0.23540626 -0.086382486 0.056076527 -0.047070228 -0.020614868 0.065245956 0.30447298 0.42336452 -0.13234645 0.13771789 0.30538076 0.11205966 -0.18984388 -0.11901582 0.28818232 0.14683324 -0.11640996 -0.12550615 0.062880754 0.0 0.006571880202001626
-0.1169455 0.038063493 0.13310455 -0.00090417836 0.12262679 -0.012788998 -0.13310455 0.00090417836 0.0 0.41329262 0.47664008 0.24909279 0.5671645 -0.23370394 -0.308568 -0.06950411 -0.39909238 0.022551265 -0.21895988 -0.2396825 -0.07603561 0.05463059 -0.045671105 -0.02002113 0.06926907 0.30687708 0.42316717 -0.13105172 0.14268897 0.30066675 0.10322572 -0.19121622 -0.112422995 0.2864148 0.13823359 -0.12329156 -0.10779743 0.06553928 0.0 0.01070497836205414
-0.11482971 0.034070116 0.13297075 -0.005212923 0.11788269 -0.01465785 -0.13297075 0.005212923 0.0 0.4165719 0.4699164 0.25388563 0.56313354 -0.24327232 -0.30452654 -0.08058606 -0.39774367 0.010707719 -0.22163476 -0.24332799 -0.06651582 0.053241014 -0.044163015 -0.018430889 0.0713827 0.30816254 0.4228 -0.18666588 0.13620648 0.29484475 0.094670355 -0.23138659 -0.09641985 0.28225818 0.13176972 -0.23352586 -0.011131581 0.061019104 0.0 0.014970174257357971
-0.11276613 0.03004756 0.13283314 -0.008773622 0.113133594 -0.016171707 -0.13283314 0.008773622 0.0 0.41916108 0.46380186 0.25791198 0.55948347 -0.25239 -0.3005118 -0.09114089 -0.39619344 -0.0010329277 -0.22379303 -0.24733184 -0.05726479 0.051979434 -0.042500693 -0.017133903 0.07321646 0.3090798 0.42302424 -0.14853816 0.14959347 0.2884287 0.0869631 -0.22889514 -0.09527957 0.2762617 0.12734942 -0.23471478 -0.00018670564 0.054840297 0.0 0.01962414111506594
-0.110741004 0.026003363 0.13266288 -0.011708235 0.108399205 -0.017308872 -0.13266288 0.011708235 0.0 0.42085373 0.4585058 0.26090595 0.55634725 -0.26091516 -0.2967077 -0.10096736 -0.39454913 -0.012490491 -0.22551376 -0.24922118 -0.050309826 0.05086685 -0.040682733 -0.015667265 0.07427202 0.30957252 0.42394933 -0.15529256 0.15076092 0.28175625 0.0799677 -0.23009357 -0.09111256 0.27014786 0.12378216 -0.2255166 0.005797068 0.045729116 0.0 0.02432669372791514
-0.10874848 0.02194148 0.13245735 -0.01422212 0.103702195 -0.018031966 -0.13245735 0.01422212 0.0 0.42137688 0.4543135 0.2625161 0.55391014 -0.26866618 -0.2933474 -0.1098054 -0.39294407 -0.02347596 -0.22691995 -0.25068092 -0.044774152 0.04991289 -0.03868461 -0.014807077 0.07573033 0.30937368 0.42548507 -0.13670613 0.14725062 0.27475816 0.073888056 -0.2316788 -0.08689696 0.26397485 0.12115574 -0.21797533 0.011835778 0.03489235 0.0 0.02929850790596847
-0.1067752 0.017869093 0.1323198 -0.015697263 0.09905681 -0.018351845 -0.1323198 0.015697263 0.0 0.42058602 0.4513783 0.26254556 0.5522716 -0.27555197 -0.290611 -0.1175115 -0.3915043 -0.03387869 -0.22811717 -0.2520367 -0.040151305 0.049123734 -0.036528286 -0.013655898 0.07524667 0.3081845 0.42782158 -0.13843644 0.1438575 0.2674705 0.06874857 -0.23195335 -0.08505983 0.25775883 0.11959876 -0.20725493 0.020706346 0.023159811 0.0 0.03438975152475361
-0.104808696 0.01379248 0.13224427 -0.01652551 0.0944683 -0.018308844 -0.13224427 0.01652551 0.0 0.41844368 0.44973752 0.2609317 0.5514539 -0.28155574 -0.28861 -0.124043755 -0.3903264 -0.043659393 -0.22919932 -0.2534013 -0.0361169 0.048497647 -0.034246247 -0.012575862 0.074321575 0.30567977 0.4309642 -0.1406419 0.13980676 0.25993484 0.06450441 -0.23229621 -0.08384479 0.2519323 0.118966155 -0.17708704 0.020211693 0.011915839 0.0 0.03955272311061234
-0.10284092 0.00971577 0.13224013 -0.016708752 0.0899334 -0.0179655 -0.13224013 0.016708752 0.0 0.41502735 0.4493046 0.2577591 0.55139744 -0.2867361 -0.28736648 -0.12946786 -0.38945934 -0.052823458 -0.23027508 -0.25390482 -0.0343497 0.04800731 -0.031859282 -0.011845422 0.07325777 0.30190268 0.43481985 -0.1423585 0.1307877 0.2522139 0.061028328 -0.2315122 -0.084450066 0.24669787 0.11878465 -0.15190957 0.0063561224 0.0014279652 0.0 0.04485706874313397
-0.10087066 0.0056406274 0.1322407 -0.01662593 0.08544611 -0.01738155 -0.1322407 0.01662593 0.0 0.41044363 0.44995564 0.2531543 0.552016 -0.2911678 -0.28686026 -0.13387847 -0.38892066 -0.061398394 -0.2314495 -0.25392705 -0.034194633 0.047621038 -0.029384887 -0.011384118 0.07214454 0.29699206 0.43899 -0.1415845 0.11330667 0.24432045 0.05822824 -0.23236139 -0.08369917 0.24187404 0.118518665 -0.13372847 -0.020546544 -0.007801165 0.0 0.05042783536854514
-0.09890183 0.001566311 0.13223203 -0.016369857 0.08099809 -0.016614316 -0.13223203 0.016369857 0.0 0.40483403 0.45152855 0.24729174 0.553198 -0.29494542 -0.28702748 -0.13740313 -0.38869694 -0.06943955 -0.23279203 -0.25362274 -0.03521094 0.047321346 -0.0268971 -0.010359022 0.06842715 0.29132932 0.44348136 -0.12940286 0.10831284 0.2362633 0.056003246 -0.23342487 -0.08287757 0.23681499 0.11774045 -0.14495456 -0.054406352 -0.01577573 0.0 0.056415149002304224
-0.09693924 -0.0025101358 0.1322483 -0.016045768 0.07657878 -0.015715571 -0.1322483 0.016045768 0.0 0.39834824 0.45385003 0.2403594 0.5548242 -0.29816926 -0.28778306 -0.1401804 -0.38875717 -0.077014744 -0.23433878 -0.2531542 -0.03676671 0.047090918 -0.024533419 -0.009122482 0.06068343 0.28463075 0.44757357 -0.14657485 0.06447714 0.22811897 0.05418131 -0.23217003 -0.08448738 0.23125467 0.11621151 -0.1509068 -0.09006286 -0.022006202 0.0 0.06265180060359438
-0.09500092 -0.006597483 0.13219245 -0.016355095 0.072179556 -0.014719485 -0.13219245 0.016355095 0.0 0.3911562 0.45674774 0.23257078 0.5567823 -0.30094698 -0.28900653 -0.14236158 -0.38904113 -0.08420245 -0.236102 -0.2523308 -0.038729556 0.046932615 -0.022112975 -0.00920232 0.064302504 0.27629083 0.45125243 -0.18158211 0.05504334 0.21916945 0.05382786 -0.26554295 -0.030068325 0.22529513 0.11412801 -0.15796357 -0.10718338 -0.027305331 0.0 0.06903277837670577
-0.09310027 -0.010701971 0.13214074 -0.016661424 0.06779602 -0.013639531 -0.13214074 0.016661424 0.0 0.38330048 0.4601583 0.22398448 0.5590251 -0.30330545 -0.2906603 -0.14398943 -0.38952717 -0.09102081 -0.23807907 -0.25174358 -0.03991627 0.04665166 -0.019486094 -0.013799346 0.069638364 0.26677716 0.45487255 -0.18225609 0.042233158 0.20990327 0.054005258 -0.2583949 -0.047497343 0.21896291 0.112213865 -0.16492869 -0.10370449 -0.033476733 0.0 0.07570915221372665
-0.09124391 -0.014826378 0.13209322 -0.016973339 0.06342782 -0.012470371 -0.13209322 0.016973339 0.0 0.37464494 0.4641546 0.21444343 0.5615801 -0.3051593 -0.29282787 -0.14495781 -0.3902534 -0.097396396 -0.24030513 -0.2508907 -0.04132663 0.04585682 -0.016017156 -0.037428763 0.10348417 0.25649545 0.45869124 -0.18057166 0.042972907 0.20060168 0.054334063 -0.25999704 -0.043875743 0.21233231 0.11066473 -0.16609237 -0.102846816 -0.041158594 0.0 0.08253270982840571
-0.089409254 -0.018960584 0.13224874 -0.015723586 0.059068747 -0.011244368 -0.13224874 0.015723586 0.0 0.36505404 0.46875608 0.20379652 0.5644235 -0.30642986 -0.29561663 -0.14517233 -0.39128405 -0.10326432 -0.24284597 -0.2503429 -0.043782342 0.043924555 -0.011313272 -0.07877716 0.13531934 0.24539623 0.46272913 -0.17665038 0.03415121 0.19117577 0.054955635 -0.2597927 -0.045931134 0.20534976 0.10954577 -0.17302032 -0.09896845 -0.04800922 0.0 0.08971348819302982
-0.087613516 -0.023107992 0.13212581 -0.015895793 0.057926126 0.0014002594 -0.0715751 0.36742133 0.0 0.35474685 0.47374532 0.19232006 0.5674138 -0.30724528 -0.2988624 -0.14481851 -0.3925309 -0.10873309 -0.2456535 -0.2495193 -0.04491757 0.040103264 -0.008358282 -0.12550801 0.057292998 0.23370671 0.46680653 -0.17398585 0.031572085 0.18168925 0.05567608 -0.25879917 -0.04758855 0.19797914 0.10886948 -0.18014295 -0.08898503 -0.049797002 0.0 0.09256410715804311
-0.085088246 -0.026845302 0.13133174 0.02681632 0.055239107 0.01336225 -0.07699753 0.31620243 0.0 0.3438332 0.4781038 0.18015833 0.56957394 -0.30768245 -0.3033587 -0.14400758 -0.39482886 -0.11386896 -0.24965808 -0.24757612 -0.09182758 0.0347543 -0.007090762 -0.16728261 0.002212839 0.22154075 0.46991572 -0.1695332 -0.018417776 0.1720448 0.05576221 -0.26213488 -0.081241585 0.19037266 0.10797397 -0.17988904 -0.11105302 -0.058354706 0.0 0.09549001811931199
-0.08164409 -0.029774392 0.11983224 0.0598336 0.052509207 0.02366424 -0.070881285 0.27474084 0.0 0.33394116 0.480506 0.16919678 0.5700356 -0.30829427 -0.30860102 -0.14354989 -0.3981306 -0.11905589 -0.25486627 -0.2354981 -0.1260932 0.030951062 -0.0068469564 -0.098731086 -0.0158253 0.21047626 0.4711737 -0.15675259 -0.050397553 0.1626494 0.05448631 -0.25388092 -0.10565571 0.18307608 0.106382124 -0.1759057 -0.11016281 -0.0076870546 0.0 0.09842287108814912
-0.07770145 -0.030321443 0.05571622 0.11650757 0.051833015 0.031308617 -0.0072201192 0.20912004 0.0 0.33280212 0.4764503 0.16828813 0.5664025 -0.31145692 -0.31100544 -0.14694291 -0.40095764 -0.12598674 -0.26002508 -0.17035605 -0.18391651 0.02984726 -0.009182197 -0.011778308 -0.08738997 0.208176 0.4677072 -0.086576514 -0.109629676 0.15578598 0.049583413 -0.19326295 -0.15034 0.17911546 0.10135258 -0.10921691 -0.14914145 0.06467474 0.0 0.10190027655506897
-0.07318896 -0.030652571 0.07785849 0.108404 0.051980615 0.03680655 -0.02210943 0.20724759 0.0 0.34297174 0.46357012 0.18094316 0.55792576 -0.32228696 -0.30622667 -0.16025838 -0.40058234 -0.1394671 -0.2624621 -0.19430445 -0.17321494 0.028125683 -0.012376987 -0.044574257 -0.06837653 0.21718284 0.458436 -0.10486109 -0.10157439 0.1497636 0.040869385 -0.2183038 -0.12668702 0.17743373 0.09195122 -0.1292056 -0.12643059 0.22448045 0.0 0.10526284386763614
-0.06855047 -0.030968877 0.084633425 0.10832686 0.053850334 0.03997728 -0.0109457625 0.19493264 0.0 0.368874 0.43717623 0.21316507 0.5416319 -0.3439316 -0.2888158 -0.18822266 -0.39327142 -0.16276538 -0.2587418 -0.20388791 -0.16780026 0.025467226 -0.016414251 -0.057267874 -0.06461676 0.24216107 0.4403479 -0.108545095 -0.09899863 0.14440405 0.027533142 -0.22623749 -0.10628084 0.17832464 0.07668269 -0.13495176 -0.1047146 0.32087383 0.0 0.10851882693672157
-0.063836165 -0.031313233 0.09642205 0.10083981 0.057153024 0.04141852 0.0005918856 0.1871101 0.0 0.4020814 0.4001751 0.25599083 0.51770717 -0.37084696 -0.2614426 -0.22475637 -0.37897468 -0.19195688 -0.24884813 -0.2197913 -0.15143095 0.021686103 -0.020562405 -0.0700201 -0.056304935 0.27797297 0.41515952 0.013771495 -0.0653759 0.1414377 0.011248233 -0.08682803 -0.121736534 0.18147327 0.055897847 -0.04001421 -0.18813281 0.3933822 0.0 0.1118069810981652
-0.059084363 -0.031687766 0.10738733 0.0905617 0.061631523 0.041291595 0.015352921 0.17861515 0.0 0.4374331 0.35366556 0.30418146 0.48557553 -0.39933848 -0.22509998 -0.26608685 -0.35700998 -0.22441445 -0.23220456 -0.23442325 -0.12777783 0.016841168 -0.024268765 -0.08010821 -0.04339439 0.32002765 0.38130546 0.027240934 -0.10699136 0.14003259 -0.007355152 -0.022048073 -0.12077451 0.18501121 0.029841576 -0.0322237 -0.20967562 0.43153873 0.0 0.11490794176468877
-0.054369815 -0.032114696 0.11688573 0.0758286 0.066870764 0.03991615 0.030903282 0.17140485 0.0 0.46996963 0.30042192 0.35214418 0.446276 -0.42574424 -0.18212639 -0.3079188 -0.32798046 -0.25709784 -0.20936109 -0.24679798 -0.10000773 0.01116765 -0.02701354 -0.08722166 -0.026444858 0.360716 0.34158686 0.008119591 -0.023824072 0.1383052 -0.026663996 0.011835375 -0.106498845 0.18534543 0.002258191 -0.05469959 -0.2017946 0.4445527 0.0 0.11774524099922938
-0.049669392 -0.032399625 0.119785964 0.06983378 0.072554216 0.0373662 0.050293885 0.15314725 0.0 0.49668866 0.24331188 0.39603508 0.40150514 -0.44766226 -0.13531397 -0.3470087 -0.29350722 -0.28762075 -0.1817176 -0.25123218 -0.080882914 0.005176231 -0.028798701 -0.08279 -0.022473874 0.39705575 0.29571384 0.0015203014 -0.13108891 0.1347708 -0.044839364 0.014146308 -0.064976804 0.18247029 -0.025139207 -0.047139876 -0.19005726 0.43592224 0.0 0.12011586157416962
-0.04497006 -0.032363214 0.12208732 0.06522935 0.07838047 0.033701107 0.06641602 0.13230717 0.0 0.5162673 0.18501025 0.43365362 0.3533291 -0.46404687 -0.08727713 -0.3814332 -0.25559598 -0.3145783 -0.15094872 -0.25421378 -0.0635785 -0.0007871977 -0.029839007 -0.07890605 -0.021806698 0.42729726 0.2478358 0.008867666 -0.029539693 0.12929684 -0.060866352 0.008031839 -0.028525824 0.17708445 -0.0510864 -0.031625014 -0.17257802 0.42345294 0.0 0.1217737260857438
-0.04028007 -0.032115303 0.12667435 0.055448074 0.08405456 0.029079644 0.07635848 0.116166025 0.0 0.52875894 0.1269463 0.4646044 0.3031293 -0.4750382 -0.03902824 -0.41088367 -0.21521123 -0.33766454 -0.117757745 -0.25723487 -0.03897612 -0.0066335807 -0.030112104 -0.076953545 -0.016579062 0.45115623 0.19800985 -0.010293494 -0.113643825 0.12215517 -0.07515411 0.0025620714 -0.020835346 0.16976224 -0.07468388 -0.011344849 -0.13384354 0.40818077 0.0 0.12300469894327232
-0.035609946 -0.031740654 0.1302202 0.045512024 0.08935937 0.023731532 0.083536774 0.10044414 0.0 0.5345452 0.07060184 0.4887788 0.2524306 -0.48097444 0.008343239 -0.43520808 -0.1734855 -0.35674733 -0.083022535 -0.25847828 -0.015157643 -0.012270934 -0.029645087 -0.074839085 -0.011946662 0.4685329 0.147866 -0.008798956 -0.06693453 0.113965474 -0.08839122 0.0053958986 -0.04013688 0.16073409 -0.09582595 -0.009069373 -0.11625678 0.3844294 0.0 0.12373634812834153
-0.030953301 -0.03131613 0.13365424 0.033009816 0.094125904 0.018026607 0.08713846 0.088476054 0.0 0.5343124 0.01787745 0.5062007 0.20325808 -0.48249602 0.05332849 -0.45438424 -0.13205214 -0.37183985 -0.048101984 -0.25835714 0.008944734 -0.017572837 -0.028489938 -0.07310844 -0.004526519 0.48006088 0.100029714 -0.014465032 -0.06436756 0.10502949 -0.10073335 0.00088664953 -0.060857438 0.15053703 -0.11394218 -0.001498255 -0.07994245 0.35264376 0.0 0.12361192444133043
-0.026328906 -0.030754222 0.13442278 0.0273954 0.09832641 0.012232245 0.09004759 0.07167911 0.0 0.52925485 -0.02966282 0.517425 0.15746363 -0.48058268 0.094371036 -0.46875283 -0.09275541 -0.38330448 -0.0145391645 -0.25536272 0.02516977 -0.022415427 -0.026873697 -0.070192106 -0.0023740435 0.4863637 0.05578837 -0.016467635 -0.05411042 0.09539879 -0.11260438 -0.01996524 -0.107326575 0.13998611 -0.12885746 0.002467269 -0.057610802 0.3117953 0.0 0.12297150535557697
-0.021730883 -0.030069588 0.13554719 0.019046742 0.10196469 0.006676862 0.08978373 0.06029562 0.0 0.52079093 -0.07095837 0.5234088 0.11652336 -0.47649378 0.13048488 -0.47911158 -0.05699684 -0.39185876 0.01650166 -0.25236294 0.042588964 -0.026747022 -0.024994453 -0.06752744 0.0016770265 0.48854077 0.016494412 -0.020257233 -0.04622868 0.08432496 -0.1239891 -0.0820331 -0.14324099 0.12972552 -0.14060496 0.004198392 -0.030048603 0.27306452 0.0 0.12205463112433744
-0.01714882 -0.029320046 0.13620591 0.011746053 0.10510829 0.0015454355 0.08787191 0.05060763 0.0 0.5102276 -0.10612205 0.52542055 0.08076141 -0.47129124 0.16179022 -0.48648414 -0.025093235 -0.3982653 0.044648245 -0.24771748 0.054044954 -0.030596783 -0.022966703 -0.06469453 0.0046888143 0.48552382 -0.016034191 -0.1366615 0.047053296 0.07398734 -0.13147393 -0.02492634 -0.0136249615 0.11980685 -0.14824113 -0.011830863 0.051382177 0.23339406 0.0 0.12154011387519498
-0.012582581 -0.028475413 0.13654332 0.0073288633 0.10784403 -0.0030684955 0.08474704 0.040771555 0.0 0.4986645 -0.13540828 0.52454764 0.050296623 -0.46587858 0.18834 -0.4917617 0.0026350848 -0.4031285 0.069463976 -0.23606332 0.05710832 -0.03402604 -0.020901645 -0.06273477 0.0076691755 0.47737885 -0.040670525 -0.220504 0.108037554 0.06580372 -0.13399047 -0.024136575 0.076683566 0.1099025 -0.15193416 -0.051931307 0.10419569 0.19897477 0.0 0.12132763640142555
-0.008020075 -0.027582504 0.13688761 0.000893799 0.11024703 -0.007142701 0.08059872 0.035349056 0.0 0.48679945 -0.1596522 0.5217303 0.024565298 -0.46076298 0.2108632 -0.49569383 0.026645705 -0.40629846 0.09072965 -0.18869159 0.033465452 -0.037095144 -0.018831048 -0.06044487 0.0115607185 0.46766755 -0.060256068 -0.21135303 0.10845962 0.058037315 -0.13422509 -0.03800921 0.088770404 0.09982385 -0.1529449 -0.08961338 0.131087 0.16928212 0.0 0.1211479742306675
-0.0034566605 -0.026655473 0.13707428 -0.00336541 0.11238356 -0.010667565 0.075953916 0.02987116 0.0 0.47513077 -0.17950222 0.51764506 0.0031142738 -0.45630962 0.22985712 -0.4988239 0.047240622 -0.4101141 0.10981055 -0.25284183 0.08147994 -0.03983668 -0.016861783 -0.05758709 0.011553571 0.4578954 -0.075512744 -0.20008852 0.11932729 0.051348567 -0.13369982 -0.029612128 0.078818396 0.089990355 -0.152222 -0.10980336 0.14069888 0.13979925 0.0 0.12112374409877268
0.0010879665 -0.025648005 0.1369808 -0.0049953293 0.11432244 -0.013642806 0.0711868 0.023736097 0.0 0.4641035 -0.19534342 0.51280135 -0.014277785 -0.45288205 0.24544427 -0.50157994 0.06437863 -0.41180095 0.12461275 -0.11497106 -0.01168635 -0.0422738 -0.015094566 -0.054436382 0.01091966 0.44857064 -0.08674647 -0.18826005 0.1265404 0.04599554 -0.1330288 -0.019899327 0.062267717 0.080802 -0.15029065 -0.12268476 0.144033 0.113349676 0.0 0.12119140714291078
0.0056212847 -0.02462704 0.13647817 -0.0097810235 0.1161136 -0.01604006 0.066625245 0.022439022 0.0 0.45391196 -0.20773117 0.5075778 -0.028075319 -0.4505868 0.2581425 -0.5042526 0.07848666 -0.41418356 0.13739628 -0.21933927 0.08130213 -0.044447295 -0.013530521 -0.050939642 0.011324368 0.43989918 -0.09442756 -0.17671753 0.13810885 0.04176149 -0.13248657 -0.01367714 0.045001052 0.0722611 -0.14740753 -0.13388142 0.14937188 0.091109596 0.0 0.12129650822302492
0.010144647 -0.023546059 0.13662982 -0.009355054 0.11777069 -0.017950084 0.061339855 0.017344164 0.0 0.44461545 -0.21726476 0.5022042 -0.038827684 -0.44946018 0.2683123 -0.5070489 0.08987523 -0.4162994 0.14728321 -0.10784354 -0.018898461 -0.046403807 -0.012163852 -0.047982752 0.0107856095 0.43170917 -0.09934645 -0.179296 0.13635018 0.036458883 -0.13150159 -0.12577738 0.07159559 0.06610293 -0.1447116 -0.045818903 0.10706351 0.06986276 0.0 0.1211181819080838
0.014668087 -0.022485597 0.13603419 -0.014554584 0.11933024 -0.01931141 0.05681793 0.019099902 0.0 0.43628636 -0.2242318 0.49685904 -0.04678546 -0.4495214 0.27626884 -0.5100941 0.0988225 -0.4193701 0.15567829 -0.20563266 0.084564716 -0.048156604 -0.010971233 -0.044295758 0.012610167 0.42439747 -0.101584114 -0.15671387 0.14964037 0.031659085 -0.13095564 -0.12123741 0.034105767 0.06081235 -0.14130844 -0.02947677 0.11135993 0.052542478 0.0 0.12087297724173539
0.019186806 -0.021374011 0.13649009 -0.012181903 0.12078505 -0.02023545 0.051316235 0.014307064 0.0 0.42887682 -0.2290945 0.49161848 -0.052403435 -0.45073384 0.28221887 -0.51347554 0.1055278 -0.4224142 0.16152509 -0.104805835 -0.0258376 -0.049726486 -0.009959669 -0.041001923 0.011772346 0.41818625 -0.101682946 -0.13960516 0.14887553 0.026990516 -0.13116924 -0.08888709 -0.011598648 0.056567192 -0.13780928 -0.07986208 0.12995376 0.034225475 0.0 0.11992866679353037
0.02370643 -0.020281145 0.13592777 -0.01648333 0.1221621 -0.020663181 0.046936426 0.017086528 0.0 0.42240572 -0.23200569 0.48656183 -0.055823267 -0.4530777 0.28634268 -0.5172338 0.11016027 -0.4264637 0.16623919 -0.19571114 0.0850754 -0.05111623 -0.009097955 -0.036839776 0.01455116 0.41304132 -0.09972699 -0.120961346 0.15706925 0.02250983 -0.13185816 -0.10673593 -0.019270383 0.052117366 -0.13365297 -0.11413936 0.14293483 0.022244973 0.0 0.11871348590856534
0.028221019 -0.01912808 0.13664043 -0.01254269 0.12342664 -0.020786043 0.04140199 0.01225917 0.0 0.4166316 -0.23358496 0.48164868 -0.057718433 -0.45630607 0.2890392 -0.52132314 0.11317269 -0.4305049 0.16886517 -0.105219655 -0.03409121 -0.052332968 -0.008420063 -0.032877583 0.011273789 0.40643072 -0.096948005 -0.21359059 0.13003583 0.019929042 -0.13165146 -0.021792445 0.02864899 0.049727265 -0.12961705 -0.02022155 0.10658692 0.00980839 0.0 0.11758898400381596
0.03272633 -0.017986711 0.13592964 -0.01590594 0.124606095 -0.020560453 0.037416484 0.015272706 0.0 0.4115289 -0.23394173 0.47690818 -0.05820956 -0.46033007 0.29048008 -0.5257094 0.11474789 -0.43536174 0.17092815 -0.18800585 0.08357703 -0.053361002 -0.007865211 -0.027548207 0.01423987 0.39922702 -0.093108915 -0.20214836 0.14113182 0.019202607 -0.13006212 -0.012553124 0.05892993 0.048936665 -0.1260911 -0.016172647 0.10700133 0.0022024822 0.0 0.11649399619180795
0.037219875 -0.016772076 0.13666351 -0.010684401 0.12565981 -0.020154178 0.0321111 0.010065994 0.0 0.40689126 -0.2335178 0.4722725 -0.057786345 -0.4649619 0.29091367 -0.5303431 0.11518222 -0.44035497 0.17114432 -0.11736043 -0.04897225 -0.054211274 -0.0074655297 -0.022703772 0.010238255 0.39259088 -0.088313736 -0.19156754 0.1412551 0.018694853 -0.12820624 -0.015892264 0.051953048 0.048146322 -0.12229175 -0.025432253 0.11382553 -0.006420631 0.0 0.11481821863631261
0.041711405 -0.01556998 0.13619667 -0.014028913 0.12660414 -0.019514466 0.02812779 0.01371299 0.0 0.40266776 -0.23237734 0.46774286 -0.056532294 -0.47009736 0.29053497 -0.53517246 0.11468993 -0.44581273 0.17133802 -0.17695129 0.08364957 -0.05483215 -0.0071703694 -0.015193029 0.012241851 0.3865416 -0.08265684 -0.17770337 0.14946644 0.018469889 -0.1265199 -0.010926049 0.04546238 0.047461484 -0.11823125 -0.02815805 0.11966037 -0.008701007 0.0 0.11305121585563226
0.046198472 -0.014300613 0.1370586 -0.008561359 0.12739584 -0.018839516 0.022932548 0.008653791 0.0 0.3985979 -0.2310146 0.46323314 -0.0550074 -0.47547194 0.28971392 -0.5401072 0.113706715 -0.45154068 0.1701717 -0.14047681 -0.06197278 -0.05510341 -0.0069748526 0.001755758 0.008337345 0.38090995 -0.07667495 -0.1682806 0.14675261 0.018509166 -0.12528637 -0.005421846 0.02799588 0.046598542 -0.11406058 -0.03881435 0.11978966 -0.013048646 0.0 0.11061702232621669
0.05068452 -0.013044029 0.13668819 -0.011665978 0.12806146 -0.018054778 0.019082546 0.012260681 0.0 0.3946989 -0.22937009 0.45876354 -0.053154387 -0.48105353 0.28852367 -0.54511815 0.112307966 -0.4572559 0.16947524 -0.16067651 0.083408594 -0.055064216 -0.00684658 0.000569123 0.009441023 0.37565625 -0.07035506 -0.1583213 0.1517025 0.018888153 -0.1242436 0.0019970927 0.030748151 0.045528598 -0.109802656 -0.046827532 0.122857295 -0.012256875 0.0 0.10809867738071188
0.055169266 -0.01172628 0.13750103 -0.0064478507 0.12856504 -0.01732729 0.014159054 0.00751544 0.0 0.39076975 -0.22781853 0.45426637 -0.051397365 -0.4866465 0.28725135 -0.5501431 0.11083018 -0.4636334 0.16789944 -0.1790135 -0.06433925 -0.055034082 -0.0067640403 0.00012334579 0.0065994575 0.3706339 -0.06408941 -0.15191077 0.14742425 0.019376487 -0.12317625 0.0025159398 0.029059706 0.04419537 -0.10560412 -0.050656658 0.11798297 -0.013678961 0.0 0.10527592212136487
0.05965061 -0.010433757 0.13698971 -0.00984251 0.12894304 -0.016568324 0.010666564 0.011365847 0.0 0.386859 -0.2262505 0.44977716 -0.049622186 -0.4922405 0.28594118 -0.5551586 0.10931287 -0.47003406 0.16710311 -0.16772838 0.08297521 -0.055000108 -0.006680677 0.00042038562 0.008448197 0.3658653 -0.057787243 -0.14352064 0.15141661 0.019880937 -0.12207833 0.0031455527 0.031279925 0.042979706 -0.101501726 -0.04342001 0.115884 -0.010938615 0.0 0.10228834040216779
0.064135194 -0.009086021 0.13781314 -0.0048378445 0.12915762 -0.015918111 0.005944364 0.006727285 0.0 0.3828194 -0.22493425 0.4452381 -0.04812883 -0.4977241 0.284771 -0.5601428 0.107965566 -0.47536957 0.16574156 -0.12501608 -0.060575835 -0.054981697 -0.0066111493 -0.00010493455 0.005554006 0.3612316 -0.051719468 -0.13942105 0.14656338 0.020314284 -0.121118926 0.00265957 0.023902504 0.04185754 -0.0976388 -0.03997241 0.10700479 -0.011412498 0.0 0.09886826031766709
0.06862192 -0.007772531 0.13739458 -0.008690227 0.1292485 -0.015257332 0.0025663567 0.010902107 0.0 0.37874758 -0.2236726 0.44069582 -0.0467018 -0.50314844 0.28368878 -0.5650967 0.10671799 -0.48070997 0.16525061 -0.15846397 0.082554474 -0.05495705 -0.0065200194 0.00027908603 0.007821071 0.35677344 -0.0457031 -0.13294847 0.15037353 0.020743253 -0.1202121 0.0033287632 0.025831206 0.04091744 -0.093963236 -0.032784555 0.103962675 -0.008064843 0.0 0.09535591523260972
0.07311305 -0.006413973 0.1381135 -0.0040459987 0.12918542 -0.014710259 -0.0018484939 0.0064874664 0.0 0.37453115 -0.2226802 0.43610534 -0.045578897 -0.50843495 0.2828167 -0.5700091 0.10571542 -0.4863105 0.16408136 -0.15131606 -0.066478916 -0.054950003 -0.0064278007 -0.00027230638 0.0051535727 0.35442266 -0.040869072 -0.03736374 0.101112 0.02100543 -0.11901721 -0.000978375 0.038202967 0.03821503 -0.08959937 -0.11558309 0.13923644 -0.008844891 0.0 0.09144470793204729
0.077594645 -0.0050667855 0.13764012 -0.0066429414 0.12901096 -0.014169588 -0.0049737967 0.00928874 0.0 0.37030557 -0.22173133 0.4315209 -0.044505686 -0.5136826 0.2819761 -0.57489794 0.104750454 -0.49204254 0.16371499 -0.16482218 0.07907327 -0.054940727 -0.006338852 -7.049515e-05 0.006329461 0.3540307 -0.03784232 -0.002672361 0.048572127 0.021236012 -0.11765084 -0.000112009584 0.039430596 0.034799024 -0.08483566 -0.10023713 0.13771804 -0.0056857215 0.0 0.08745258523415461
0.08208357 -0.0036980775 0.13813268 -0.0039404733 0.12869526 -0.013722922 -0.008968952 0.0067051896 0.0 0.36593902 -0.22102515 0.4268954 -0.043710254 -0.51878405 0.28139037 -0.5797404 0.10407549 -0.49678677 0.16298056 -0.10918625 -0.05726102 -0.05494098 -0.006220452 -0.0003193766 0.0055682333 0.35414398 -0.03678615 0.0034894766 -0.0022246835 0.021388408 -0.11633478 -0.00058358454 0.036884014 0.031607464 -0.08017294 -0.09587713 0.13433197 -0.0058729975 0.0 0.08330277562772752
0.086572886 -0.0023442807 0.1379472 -0.0058511915 0.12826745 -0.013272744 -0.0121936975 0.008719703 0.0 0.3615634 -0.22033809 0.42227057 -0.042937722 -0.52386475 0.28083378 -0.5845719 0.1034334 -0.5017169 0.16302887 -0.15963823 0.07882619 -0.054938346 -0.006104684 -0.00015014365 0.005746859 0.35422868 -0.0367187 0.00022733366 -0.018467342 0.021512015 -0.11490994 -0.0015256598 0.04336166 0.028615922 -0.07561089 -0.088560015 0.13278374 -0.0047680833 0.0 0.07897796472327444
0.09106486 -0.0009737303 0.13823767 -0.0037714853 0.12771697 -0.012860753 -0.01580415 0.0067179333 0.0 0.35714558 -0.2197326 0.41763014 -0.042256217 -0.5289106 0.28032815 -0.5893951 0.10285178 -0.50672776 0.16223846 -0.12825385 -0.0645029 -0.0549413 -0.0059808893 -0.0003421473 0.0056320126 0.3541832 -0.036883783 -0.0026028026 -0.017922034 0.021538774 -0.11327242 -0.0043534134 0.04957236 0.025713021 -0.07114661 -0.087697476 0.12947261 -0.0054025217 0.0 0.07448602511254077
0.095556505 0.00038198105 0.13804917 -0.0053323153 0.12706277 -0.012430385 -0.018848382 0.008358652 0.0 0.3527467 -0.21910074 0.4129966 -0.041544557 -0.53396976 0.27978817 -0.5942197 0.10223197 -0.51170987 0.16221988 -0.1492846 0.07928354 -0.05494248 -0.0058625266 -0.00024311426 0.005619551 0.3540742 -0.037013866 -0.004738102 -0.017643055 0.021446949 -0.111273855 -0.008657177 0.06261405 0.022910263 -0.06677756 -0.08342493 0.12750418 -0.0048247627 0.0 0.0696214417123269
0.1000494 0.0017585516 0.13832805 -0.0032611005 0.12629287 -0.012034038 -0.022274587 0.006351797 0.0 0.34832147 -0.21852806 0.40835074 -0.040897164 -0.53901404 0.27925894 -0.5990433 0.10162803 -0.517153 0.16138355 -0.15767711 -0.06684385 -0.054946754 -0.0057397247 -0.0003698148 0.005628838 0.35384622 -0.037010983 -0.007639351 -0.010156144 0.021171048 -0.10893908 -0.013966624 0.07081664 0.020160312 -0.062490653 -0.083032325 0.12452351 -0.005031417 0.0 0.06466964181189049
0.104540974 0.0031187346 0.13810226 -0.0048843604 0.12542526 -0.0116298655 -0.025113143 0.00803168 0.0 0.34389755 -0.21795839 0.40370962 -0.040254243 -0.54404587 0.27874345 -0.60385793 0.101039305 -0.52286696 0.1613478 -0.16593699 0.07820808 -0.054951154 -0.005616322 -0.000310835 0.005602573 0.35355976 -0.036868118 -0.0097351065 -0.0076972204 0.020745065 -0.10631534 -0.017866857 0.07960432 0.017427718 -0.058303896 -0.081827134 0.12280873 -0.0043642805 0.0 0.05923626991574002
0.10903436 0.004498099 0.13837428 -0.0028865964 0.124447234 -0.011263616 -0.028368365 0.0060719177 0.0 0.33943832 -0.21745908 0.39905488 -0.039689247 -0.5490509 0.27826577 -0.6086675 0.10049594 -0.52737486 0.16083981 -0.0997118 -0.052566703 -0.054957375 -0.005486736 -0.00039326103 0.0055910377 0.35320508 -0.036891125 -0.011936223 -0.015063164 0.020135606 -0.103465974 -0.023136763 0.08515401 0.0145633565 -0.05412812 -0.08862897 0.122771725 -0.004182041 0.0 0.0534414531863386
0.113531195 0.005861551 0.13828975 -0.0045562168 0.12337136 -0.01089954 -0.031188054 0.007763837 0.0 0.33495685 -0.21698964 0.39439696 -0.03916072 -0.554024 0.27785313 -0.61346406 0.10002421 -0.5322365 0.16107312 -0.16641337 0.0759437 -0.054963864 -0.005351002 -0.0003257073 0.005607321 0.35264334 -0.037135754 -0.019305917 -0.019787455 0.01935624 -0.10038733 -0.02748374 0.092758894 0.011564965 -0.049955662 -0.09020311 0.123233564 -0.003306419 0.0 0.047329758722011395
0.118026875 0.0072383196 0.13841766 -0.0028077925 0.12219481 -0.01057392 -0.034143075 0.0060169385 0.0 0.3304356 -0.21659738 0.3897288 -0.038719434 -0.5589536 0.27751103 -0.6182468 0.09963309 -0.5367454 0.16061693 -0.10177068 -0.055216834 -0.054972414 -0.0052072816 -0.0004061677 0.0055486592 0.349807 -0.03937849 -0.13151783 -0.113466285 0.017805519 -0.09689678 -0.05741437 0.11052749 0.010340871 -0.046922214 -0.011054107 0.060824372 -0.0030741552 0.0 0.04128705988566707
0.12253101 0.008584099 0.1383278 -0.0051123053 0.12092674 -0.010222743 -0.036805738 0.00831929 0.0 0.32591274 -0.21618508 0.38506144 -0.038259022 -0.5638775 0.2772007 -0.62302625 0.09927465 -0.54159284 0.16089511 -0.16566259 0.07563438 -0.05497802 -0.005065437 -0.00025492566 0.0054547195 0.34359324 -0.0432744 -0.21301544 -0.11481191 0.016447186 -0.093673415 -0.032301523 0.08516622 0.010201261 -0.04523358 -0.0026198586 0.043005858 -0.0038176498 0.0 0.035328827899874835
0.12703954 0.009930411 0.13850035 -0.0036244534 0.11956609 -0.009845423 -0.039659012 0.006852174 0.0 0.3214397 -0.21569803 0.3803988 -0.037709065 -0.56887573 0.27673945 -0.6278348 0.09875048 -0.5462879 0.16022006 -0.10973101 -0.059095584 -0.054982632 -0.0049400735 -0.00031457873 0.005394387 0.3360005 -0.046573807 -0.23114698 -0.10373472 0.015485999 -0.0909094 -0.029952455 0.07860055 0.010129736 -0.043720946 -0.0038907696 0.04492911 -0.005293254 0.0 0.028938519977212196
0.13155009 0.011259609 0.13837284 -0.00498148 0.118123345 -0.009419645 -0.042142585 0.008257109 0.0 0.31703764 -0.21510342 0.37575063 -0.037033107 -0.5739577 0.27610284 -0.63267064 0.09803255 -0.5512652 0.16013005 -0.16198511 0.076090865 -0.05498593 -0.004832462 -0.00027784912 0.005413276 0.32834512 -0.049709905 -0.22531848 -0.10704052 0.014740469 -0.08833012 -0.02367158 0.072794765 0.010115469 -0.042338546 -0.0013550703 0.037809644 -0.006037098 0.0 0.022276886607314167
0.1360616 0.012604709 0.13858566 -0.0031869079 0.11659036 -0.008988375 -0.044898488 0.0065276404 0.0 0.31267902 -0.21446285 0.371104 -0.036297843 -0.5791094 0.2753021 -0.6375344 0.09713709 -0.5562635 0.15903097 -0.12323179 -0.06487317 -0.054988507 -0.004737861 -0.00033041695 0.0053977673 0.32084465 -0.05291525 -0.22205654 -0.11144875 0.014106978 -0.08592714 -0.022251379 0.06839124 0.010150387 -0.041212607 -0.0005245322 0.029925797 -0.0072423327 0.0 0.015245343173953985
0.14057463 0.013932381 0.13844313 -0.0046125357 0.11497921 -0.008518002 -0.047232952 0.008036567 0.0 0.30837914 -0.21373905 0.36646923 -0.035464574 -0.584328 0.27434924 -0.6424181 0.09607477 -0.5613564 0.15858625 -0.15426464 0.07703587 -0.054991476 -0.004658345 -0.00032857773 0.005375641 0.31352487 -0.056150686 -0.21664949 -0.113623075 0.013525705 -0.08360844 -0.021299567 0.06708093 0.010215096 -0.040353213 0.00017675622 0.022023553 -0.007953025 0.0 0.007772558461129675
0.14509064 0.015274514 0.13869657 -0.0027635996 0.11328018 -0.008044092 -0.049899023 0.006284321 0.0 0.3041187 -0.21297613 0.36183324 -0.034579717 -0.5896143 0.27323133 -0.64732885 0.09483492 -0.56676793 0.15712991 -0.14581989 -0.06886238 -0.05499237 -0.0045895623 -0.0003415247 0.0054673823 0.30635303 -0.059442133 -0.21355425 -0.11761547 0.0129734995 -0.08136408 -0.021224745 0.06422572 0.010275233 -0.03970684 -0.00057212176 0.016481519 -0.009125132 0.0 0.0
