120
0.0328624 -0.17483746 0.13407505 -0.046090674 -0.4310378 0.11729726 -0.13407505 0.046090674 0.0 0.22150114 0.41920158 0.073144585 0.53386015 -0.5383677 -0.25737482 -0.39001113 -0.3720334 -0.25812674 0.14537445 -0.13631965 0.045358714 0.0 0.0 -1.2446524573034374
0.036240548 -0.1773792 0.11204405 0.078505784 -0.43265983 0.12501106 -0.11204405 -0.078505784 0.0 0.225889 0.41357085 0.07989697 0.5312253 -0.54759365 -0.2473988 -0.40160164 -0.36505327 -0.25928327 0.14954162 -0.11395984 -0.07908818 0.12529548 0.0 -1.255242318367153
0.040957525 -0.1774078 0.07605671 0.11896204 -0.43101582 0.1368818 -0.07605671 -0.11896204 0.0 0.23744582 0.40166914 0.09576151 0.5244771 -0.55921453 -0.23117252 -0.4175302 -0.3539805 -0.256932 0.15517081 -0.077698074 -0.11939789 0.13453314 0.0 -1.2596607413837473
0.044609107 -0.17476395 -0.021220926 0.13845299 -0.42673934 0.14674875 0.021220926 -0.13845299 0.0 0.25020614 0.38902572 0.11270946 0.51650476 -0.56717885 -0.21681088 -0.42968217 -0.34428996 -0.25219253 0.15919206 0.019817352 -0.13877623 0.11373929 0.0 -1.2581126263692064
0.048612386 -0.172414 0.06152989 0.12672623 -0.42324188 0.15508449 -0.06152989 -0.12672623 0.0 0.2607201 0.37678087 0.12714107 0.5083593 -0.5746107 -0.20406222 -0.44103163 -0.33564067 -0.24844253 0.16223535 -0.06272797 -0.12696455 0.10785692 0.0 -1.261161352900744
0.051925078 -0.16927335 -0.026666064 0.13771743 -0.41807497 0.16455168 0.026666064 -0.13771743 0.0 0.27289864 0.36331975 0.14378105 0.4992789 -0.5813345 -0.18934833 -0.4522169 -0.3253075 -0.24317183 0.16586414 0.025643812 -0.13788582 0.13071412 0.0 -1.2614585575145953
0.05488359 -0.16549361 -0.0011623369 0.14159665 -0.41175312 0.17433093 0.0011623369 -0.14159665 0.0 0.2857704 0.34872776 0.16150363 0.48913437 -0.5873317 -0.1736217 -0.46306497 -0.31402832 -0.23694357 0.16950047 0.00029089398 -0.14170918 0.12662002 0.0 -1.2619889491206386
0.05788182 -0.16173695 -0.005450363 0.14146726 -0.40521055 0.18407707 0.005450363 -0.14146726 0.0 0.29808086 0.33352438 0.1788928 0.4782671 -0.5930684 -0.1574025 -0.47388038 -0.30214524 -0.23071106 0.17302215 0.0047083613 -0.1415365 0.1324007 0.0 -1.2626817853770564
0.061617263 -0.15884288 0.055562627 0.12981932 -0.3991594 0.1947393 -0.055562627 -0.12981932 0.0 0.3092916 0.31741962 0.19567595 0.46657637 -0.5998267 -0.13937373 -0.48621106 -0.28853047 -0.2252275 0.17707631 -0.0561937 -0.1298543 0.14173968 0.0 -1.2662239789935406
0.06566411 -0.15626617 0.05123933 0.1317244 -0.39161497 0.20852457 -0.05123933 -0.1317244 0.0 0.3217411 0.29839334 0.21512704 0.4526324 -0.6074813 -0.11597597 -0.50086725 -0.27021503 -0.21870266 0.1828567 -0.05177535 -0.1317295 0.18527211 0.0 -1.2708708492253284
0.069843695 -0.1547649 0.097092465 0.090782896 -0.38535658 0.22109482 -0.097092465 -0.090782896 0.0 0.33111435 0.28128377 0.23099262 0.43981418 -0.6145029 -0.09416832 -0.5143812 -0.25269872 -0.21367502 0.18827417 -0.09754687 -0.090768464 0.12618934 0.0 -1.2794660230864738
0.072528265 -0.15168218 -0.03209717 0.13303429 -0.38330296 0.22174855 0.03209717 -0.13303429 0.0 0.33384907 0.27319044 0.23566924 0.43293077 -0.6162791 -0.090695 -0.5180993 -0.25043532 -0.21204877 0.18683606 0.03171195 -0.13301745 -0.008813786 0.0 -1.2753421470810162
0.07516091 -0.14774004 0.024359647 0.13974 -0.38663182 0.21134801 -0.024359647 -0.13974 0.0 0.32968605 0.2733318 0.22916748 0.43161088 -0.61498755 -0.10448822 -0.514469 -0.2627673 -0.21489465 0.17895837 -0.024686534 -0.1397306 -0.07932869 0.0 -1.268166403844074
0.07893171 -0.14481749 0.058750827 0.12858789 -0.39065716 0.20227323 -0.058750827 -0.12858789 0.0 0.32488117 0.27268776 0.22250573 0.4297722 -0.61527795 -0.11623012 -0.5129025 -0.27331457 -0.21856065 0.1719083 -0.05902814 -0.12858327 -0.01546223 0.0 -1.265504488768252
0.08067973 -0.14088584 -0.06685627 0.120958365 -0.38950107 0.19895542 0.06685627 -0.120958365 0.0 0.32620335 0.26766148 0.22420321 0.42498988 -0.6148816 -0.11901078 -0.51288146 -0.27633917 -0.21748614 0.16817987 0.06662108 -0.12095394 0.025675999 0.0 -1.263613603194408
0.081381604 -0.13631609 -0.048692226 0.12735537 -0.38578033 0.19832747 0.048692226 -0.12735537 0.0 0.3305308 0.26038936 0.22999495 0.41865748 -0.61410165 -0.11753367 -0.5135658 -0.27580178 -0.2140657 0.16595729 0.0484928 -0.12734981 0.040714763 0.0 -1.2614054234279002
0.08234154 -0.13445862 0.023144014 0.020649308 -0.38190436 0.20333306 -0.023144014 -0.020649308 0.0 0.33543083 0.2521546 0.23783524 0.41225255 -0.61602044 -0.10825725 -0.51842487 -0.2683552 -0.21082306 0.16779724 -0.02331304 -0.020641515 0.08107324 0.0 -1.2742412595458252
0.083603576 -0.13167027 -0.032598574 0.1391553 -0.37723446 0.20827378 0.032598574 -0.1391553 0.0 0.34096873 0.24200052 0.24676123 0.4041153 -0.61785084 -0.09832468 -0.5236434 -0.26043946 -0.20694347 0.1691487 0.03245539 -0.13914572 0.07532254 0.0 -1.2722878514460103
0.085302055 -0.12819894 0.0082111135 0.10683126 -0.37384745 0.21005523 -0.0082111135 -0.10683126 0.0 0.34478113 0.23299591 0.25301805 0.39650673 -0.61903965 -0.09289635 -0.5272766 -0.25640717 -0.20416749 0.16837837 -0.008332419 -0.106821336 0.039595634 0.0 -1.2737104785613917
0.08915755 -0.12693714 0.12206931 0.0662818 -0.37720755 0.20594475 -0.12206931 -0.0662818 0.0 0.34134945 0.23102695 0.2490995 0.39426357 -0.62149584 -0.0977362 -0.52924585 -0.26097283 -0.2074079 0.16477405 -0.12217222 -0.06627372 -0.044791706 0.0 -1.2772431856894955
0.09288147 -0.12467452 0.024193373 0.13658135 -0.38049328 0.19995664 -0.024193373 -0.13658135 0.0 0.33790752 0.22917315 0.24471979 0.39187625 -0.62303007 -0.10512496 -0.5298423 -0.26782805 -0.21046273 0.15976392 -0.024280692 -0.13657501 -0.0017641764 0.0 -1.2738825210050106
0.09578133 -0.12082151 0.012716659 0.1414907 -0.38269237 0.1920203 -0.012716659 -0.1414907 0.0 0.33544284 0.22716448 0.24091558 0.38909298 -0.6227032 -0.11505248 -0.5281759 -0.276981 -0.21233863 0.1532323 -0.012790759 -0.14148596 -0.04511453 0.0 -1.2676685577174187
0.09979175 -0.11875299 0.10339098 0.09447008 -0.38625383 0.18585958 -0.10339098 -0.09447008 0.0 0.33165365 0.22538331 0.23614047 0.38673225 -0.6243872 -0.12267142 -0.52887404 -0.28402036 -0.21566899 0.14811149 -0.10345385 -0.09446646 -0.0060011595 0.0 -1.269433363134403
0.104473695 -0.11761064 0.098888434 0.10181601 -0.39117017 0.17932042 -0.098888434 -0.10181601 0.0 0.32639262 0.22467363 0.22957213 0.3852415 -0.62678987 -0.13113448 -0.52996933 -0.29170236 -0.22028632 0.14295916 -0.09894178 -0.10181339 -0.042358276 0.0 -1.2689766042413826
0.10750602 -0.11488994 -0.0033023825 0.12940094 -0.39300916 0.17397015 0.0033023825 -0.12940094 0.0 0.32438076 0.22198096 0.22696616 0.3821891 -0.6274772 -0.13735539 -0.5300627 -0.29756352 -0.22199345 0.13824217 0.0032571307 -0.1293989 0.007020244 0.0 -1.2661963235502007
0.1093215 -0.11044529 -0.032726526 0.13806614 -0.39259368 0.16843313 0.032726526 -0.13806614 0.0 0.32469735 0.2178992 0.22695793 0.3779094 -0.62642974 -0.14336744 -0.5286903 -0.30337763 -0.22150725 0.13305221 0.03268814 -0.1380645 -0.013880624 0.0 -1.2606246616212948
0.11244073 -0.1071156 0.061394677 0.12618063 -0.3931387 0.16487755 -0.061394677 -0.12618063 0.0 0.3242651 0.21268047 0.22689693 0.37291682 -0.627697 -0.14638002 -0.53032887 -0.3066164 -0.22213595 0.12910013 -0.06142723 -0.12617916 0.024988526 0.0 -1.2590867456880708
0.115767896 -0.10371822 0.015900526 0.14062916 -0.39324626 0.16261606 -0.015900526 -0.14062916 0.0 0.32443222 0.20610046 0.2280302 0.36691993 -0.6296736 -0.1472242 -0.53327155 -0.30804366 -0.22246294 0.12581018 -0.015928125 -0.14062776 0.022590412 0.0 -1.2549921395795793
0.1182225 -0.09959756 -0.008192121 0.1413834 -0.39200562 0.16084406 0.008192121 -0.1413834 0.0 0.3259865 0.19879901 0.23082612 0.36035627 -0.6308126 -0.14716585 -0.5356522 -0.30872312 -0.22151174 0.1227238 0.008168723 -0.14138204 0.034176767 0.0 -1.25028674817786
0.12188314 -0.09694051 0.08904564 0.1081784 -0.39178398 0.1616988 -0.08904564 -0.1081784 0.0 0.32663324 0.1905079 0.23353781 0.35326383 -0.63449377 -0.14324522 -0.5413983 -0.30600113 -0.22179008 0.121410646 -0.08906546 -0.108177 0.054744594 0.0 -1.2516735029012636
0.1265693 -0.09671539 0.13134393 0.051741008 -0.39268222 0.1665773 -0.13134393 -0.051741008 0.0 0.32614923 0.18189548 0.23612538 0.34637028 -0.6410735 -0.13375694 -0.55104965 -0.29823172 -0.22347514 0.123105235 -0.13136072 -0.051739506 0.076249756 0.0 -1.2605644323245948
0.13100027 -0.09553361 0.083229095 0.112233624 -0.38786718 0.18187973 -0.083229095 -0.112233624 0.0 0.33088815 0.16333099 0.24870934 0.33186257 -0.6501257 -0.106424525 -0.56794685 -0.2749561 -0.22089544 0.13048798 -0.08324326 -0.11223168 0.23459777 0.0 -1.2685398653875422
0.13528839 -0.0933668 0.093570255 0.10611007 -0.37793225 0.20389359 -0.093570255 -0.10611007 0.0 0.33795482 0.13711765 0.26727948 0.3107876 -0.6589602 -0.066147454 -0.5882849 -0.2398174 -0.21478918 0.1414047 -0.09358213 -0.10610763 0.2492761 0.0 -1.2785840189871474
0.13889116 -0.090302706 0.057129987 0.128972 -0.36494765 0.22622819 -0.057129987 -0.128972 0.0 0.34437665 0.10870231 0.286233 0.28695932 -0.6644711 -0.023140151 -0.6063275 -0.20139717 -0.20666279 0.15229377 -0.05713989 -0.1289692 0.26414636 0.0 -1.2862940174731352
0.14254746 -0.087221354 0.0917054 0.107593544 -0.34982905 0.24901755 -0.0917054 -0.107593544 0.0 0.34872285 0.07878662 0.30406964 0.26089194 -0.66715866 0.022741633 -0.6225055 -0.15936367 -0.19751538 0.16345571 -0.09171359 -0.10759056 0.2751448 0.0 -1.298056845707932
0.14507328 -0.083325066 0.027356887 0.13827933 -0.33431247 0.26745045 -0.027356887 -0.13827933 0.0 0.35137594 0.05115277 0.31892887 0.23582393 -0.665984 0.06277293 -0.63353693 -0.12189823 -0.18802468 0.17195141 -0.027363658 -0.13827635 0.21924081 0.0 -1.3030026216728379
0.14562261 -0.078633435 -0.018585121 0.13979568 -0.3164587 0.28366733 0.018585121 -0.13979568 0.0 0.3539048 0.023732586 0.3333978 0.21010779 -0.6606032 0.10073719 -0.64009625 -0.08563801 -0.17661363 0.17896077 0.018579552 -0.13979279 0.24275076 0.0 -1.3076180307797987
0.14672826 -0.07403138 0.045479733 0.13386622 -0.29987136 0.2973651 -0.045479733 -0.13386622 0.0 0.35381573 -0.002045156 0.34444857 0.18522072 -0.6543028 0.13526246 -0.6449356 -0.052003406 -0.16651277 0.18451329 -0.045484304 -0.1338635 0.19872044 0.0 -1.3123159381060725
0.14908333 -0.06986003 0.07859806 0.11778828 -0.28698623 0.30781272 -0.07859806 -0.11778828 0.0 0.35091588 -0.023901284 0.35092193 0.16359872 -0.6490781 0.16363096 -0.6490841 -0.023869038 -0.15943603 0.18843547 -0.078601815 -0.117785774 0.17011574 0.0 -1.3188828811538407
0.15142743 -0.06565197 0.06775044 0.1248153 -0.27934214 0.3128193 -0.06775044 -0.1248153 0.0 0.34747797 -0.03938781 0.35355878 0.14801356 -0.6459152 0.18044455 -0.651996 -0.006956816 -0.1557267 0.18937232 -0.06775355 -0.12481307 0.08420489 0.0 -1.320158548645358
0.15508102 -0.06302491 0.13267304 0.044389207 -0.2850971 0.30845904 -0.13267304 -0.044389207 0.0 0.34400707 -0.039651938 0.34886536 0.14778511 -0.6507989 0.17369601 -0.6556572 -0.013741032 -0.16067916 0.18582107 -0.13267569 -0.04438734 -0.095631614 0.0 -1.3237895035318101
0.15808815 -0.059687015 0.062326353 0.12521873 -0.293987 0.2996199 -0.062326353 -0.12521873 0.0 0.34167436 -0.03636807 0.34293887 0.15112767 -0.6570384 0.15787168 -0.6583029 -0.029624054 -0.16724122 0.17938946 -0.062328637 -0.1252172 -0.04808767 0.0 -1.3193441399515742
0.15912922 -0.05504457 0.011561658 0.14126928 -0.30030435 0.28964332 -0.011561658 -0.14126928 0.0 0.34128284 -0.034885865 0.33918318 0.15260237 -0.66075414 0.14140418 -0.65865445 -0.04608407 -0.17142192 0.17170624 -0.011563618 -0.14126801 -0.072428405 0.0 -1.3111075032937167
0.15924712 -0.05023407 -0.0061474745 0.14168622 -0.30589002 0.27889353 0.0061474745 -0.14168622 0.0 0.34193096 -0.03300598 0.33615917 0.15440516 -0.6633669 0.12362236 -0.65759516 -0.06378879 -0.17472222 0.16350368 0.006145792 -0.14168517 -0.06623115 0.0 -1.3021285314075748
0.15878229 -0.04544902 -0.026825994 0.1392025 -0.30988923 0.26890138 0.026825994 -0.1392025 0.0 0.3431349 -0.031952035 0.33418143 0.15533407 -0.6646778 0.107582025 -0.6557243 -0.07970408 -0.17678086 0.15575565 0.02682455 -0.13920164 -0.054831177 0.0 -1.2927835120982396
0.1583422 -0.040651802 -0.018301034 0.14073233 -0.3138626 0.2585974 0.018301034 -0.14073233 0.0 0.34440154 -0.030611213 0.33212337 0.15648635 -0.6657303 0.09100264 -0.6534521 -0.096094914 -0.17876588 0.14783348 0.018299798 -0.14073162 -0.06691414 0.0 -1.2821493863764164
0.15589015 -0.03694177 -0.11492254 0.07929559 -0.31592745 0.24914236 0.11492254 -0.07929559 0.0 0.34767362 -0.027601099 0.33186927 0.15923165 -0.664572 0.0749418 -0.64876765 -0.11189094 -0.17876597 0.14094587 0.11492148 -0.07929501 -0.06857086 0.0 -1.277336112556944
0.15520573 -0.03324192 0.022705486 0.13225532 -0.31710312 0.24270476 -0.022705486 -0.13225532 0.0 0.34893125 -0.028130142 0.3314671 0.15855476 -0.66418576 0.06541255 -0.64672154 -0.12127235 -0.17898552 0.13573155 -0.02270639 -0.13225482 -0.006159331 0.0 -1.2692858889361933
0.15593393 -0.028509533 0.0012321421 0.141341 -0.3150523 0.24100861 -0.0012321421 -0.141341 0.0 0.34830952 -0.03630782 0.33266652 0.1505385 -0.6638472 0.06710917 -0.6482042 -0.11973715 -0.17798439 0.13269372 -0.001232904 -0.14134058 0.06546525 0.0 -1.2616955799464737
0.1573033 -0.023950987 0.047110867 0.13326888 -0.3107234 0.24329452 -0.047110867 -0.13326888 0.0 0.34633255 -0.04864858 0.3348324 0.13849841 -0.6632849 0.077164225 -0.6517847 -0.10998276 -0.17608851 0.13196991 -0.047111504 -0.1332685 0.09190393 0.0 -1.2559394065783165
0.1601009 -0.020129893 0.09483005 0.104440674 -0.3036226 0.25145045 -0.09483005 -0.104440674 0.0 0.34143737 -0.06611988 0.33730984 0.12133469 -0.66244787 0.09932113 -0.6583203 -0.08813344 -0.17347233 0.13491456 -0.09483058 -0.10444034 0.17647244 0.0 -1.258364992287989
0.16319737 -0.016460944 0.09107095 0.10825284 -0.2933291 0.26333815 -0.09107095 -0.10825284 0.0 0.3343279 -0.08737539 0.33996245 0.10003993 -0.6595859 0.13009088 -0.66522044 -0.057324443 -0.16942061 0.14018624 -0.09107138 -0.10825253 0.1973347 0.0 -1.2614723848536322
0.16526785 -0.01219496 0.057894886 0.12863271 -0.27931607 0.2765326 -0.057894886 -0.12863271 0.0 0.3259847 -0.11149355 0.34294194 0.07523809 -0.6529601 0.16567671 -0.66991735 -0.021054912 -0.16308133 0.14611332 -0.05789524 -0.12863243 0.23456654 0.0 -1.2637508424871906
0.16803801 -0.008512739 0.114569545 0.07830256 -0.2664398 0.28871506 -0.114569545 -0.07830256 0.0 0.31584507 -0.13306405 0.34338078 0.052403025 -0.645777 0.19926006 -0.67331266 0.013792981 -0.15780015 0.15190454 -0.11456983 -0.07830231 0.1854491 0.0 -1.2724488227821367
0.16939446 -0.004276012 0.029433623 0.13632894 -0.2536447 0.29794696 -0.029433623 -0.13632894 0.0 0.30653983 -0.15277088 0.34342995 0.03106429 -0.6370243 0.22781153 -0.6739144 0.043976363 -0.15207076 0.15581173 -0.029433852 -0.13632871 0.18348894 0.0 -1.2737631864598593
0.17037612 0.00039507146 0.07427383 0.12062021 -0.24304155 0.30397713 -0.07427383 -0.12062021 0.0 0.2978282 -0.1697456 0.3423647 0.012388293 -0.62901604 0.24991624 -0.6735525 0.06778236 -0.14749306 0.15772335 -0.074274026 -0.12062001 0.13090906 0.0 -1.2764214291669318
0.1693415 0.00468183 -0.040116005 0.13367948 -0.23652533 0.304749 0.040116005 -0.13367948 0.0 0.2939825 -0.18054958 0.34244394 0.0005794904 -0.6235778 0.2590404 -0.6720392 0.077911325 -0.14415923 0.15646487 0.04011585 -0.1336793 0.044730905 0.0 -1.273309270416836
0.16812281 0.009253112 0.021996323 0.14016207 -0.23791862 0.2989177 -0.021996323 -0.14016207 0.0 0.29483452 -0.18391493 0.34245527 -0.002563026 -0.6247549 0.2514143 -0.6723756 0.070062384 -0.14486572 0.15106362 -0.021996455 -0.14016192 -0.05448251 0.0 -1.2657322921481113
0.16840713 0.014034226 0.053282965 0.13140485 -0.24474226 0.28994563 -0.053282965 -0.13140485 0.0 0.29673722 -0.18308002 0.34103906 -0.000888924 -0.63064677 0.23538761 -0.67494863 0.053196512 -0.14900549 0.14381506 -0.05328308 -0.13140473 -0.070578545 0.0 -1.257551121083934
0.16704662 0.018382013 -0.046443496 0.13257252 -0.24991307 0.280626 0.046443496 -0.13257252 0.0 0.3005996 -0.18185547 0.34137508 0.001157124 -0.63469213 0.21862629 -0.67546755 0.035613697 -0.15137234 0.13637133 0.0464434 -0.13257241 -0.06662857 0.0 -1.247577997575465
0.16649488 0.022935305 0.043430157 0.13407753 -0.2580725 0.2688701 -0.043430157 -0.13407753 0.0 0.30530044 -0.17785603 0.3408834 0.0062366263 -0.64094406 0.19601238 -0.676527 0.011919734 -0.15549122 0.12746021 -0.043430243 -0.13407744 -0.122885466 0.0 -1.2343956133944023
0.16790517 0.02752078 0.07247919 0.12233411 -0.2731947 0.25133044 -0.07247919 -0.12233411 0.0 0.3117453 -0.16675867 0.3381078 0.018878797 -0.6519587 0.1594788 -0.6783212 -0.02615866 -0.16369227 0.11520958 -0.07247927 -0.12233404 -0.21478736 0.0 -1.2176234125600385
0.16868657 0.031719513 0.01731386 0.12622891 -0.2856092 0.23443311 -0.01731386 -0.12622891 0.0 0.31788722 -0.15639345 0.33570948 0.030257605 -0.65976286 0.12530968 -0.67758507 -0.061341386 -0.16998003 0.10347674 -0.017313927 -0.12622885 -0.13142988 0.0 -1.2011569299433114
0.17108023 0.035449248 0.1125081 0.08250285 -0.2956444 0.22152877 -0.1125081 -0.08250285 0.0 0.32014188 -0.14963235 0.33193555 0.037496377 -0.6660843 0.10039601 -0.67787796 -0.086732715 -0.17585218 0.09436944 -0.11250816 -0.08250281 -0.1060555 0.0 -1.1896092757245706
0.17453532 0.038786955 0.10213869 0.09808115 -0.30373076 0.212214 -0.10213869 -0.09808115 0.0 0.31955782 -0.1462057 0.3275009 0.04112599 -0.67160136 0.08348915 -0.67954445 -0.10384253 -0.18134898 0.08754494 -0.10213874 -0.09808111 -0.050607014 0.0 -1.1771313225118987
0.17570817 0.043090973 0.0034680287 0.13924648 -0.3045679 0.20871994 -0.0034680287 -0.13924648 0.0 0.31782934 -0.15124531 0.32623726 0.036066085 -0.6727568 0.080908366 -0.68116474 -0.10640303 -0.18249586 0.08374759 -0.0034680716 -0.13924645 0.051154222 0.0 -1.16199170873212
0.17648436 0.04745687 0.047821518 0.12293387 -0.30010816 0.2122871 -0.047821518 -0.12293387 0.0 0.31269586 -0.16377746 0.32598284 0.02325117 -0.6715032 0.094115056 -0.68479013 -0.09291357 -0.18133476 0.084175624 -0.04782155 -0.12293384 0.12327543 0.0 -1.1511020113350303
0.17786807 0.052043647 0.05656567 0.12923385 -0.29054552 0.22329265 -0.05656567 -0.12923385 0.0 0.30177647 -0.1842708 0.32481554 0.0018083589 -0.66760665 0.124683335 -0.6906457 -0.061395824 -0.17862673 0.08915148 -0.0565657 -0.12923382 0.23398712 0.0 -1.144454000939404
0.1799574 0.05631559 0.09668634 0.10247145 -0.27308565 0.24383268 -0.09668634 -0.10247145 0.0 0.28178218 -0.21341449 0.32082263 -0.030023936 -0.6572603 0.17819177 -0.69630075 -0.005198787 -0.17318325 0.10051773 -0.09668636 -0.102471426 0.36510542 0.0 -1.1492149741085005
0.18179165 0.06073632 0.08095287 0.11621336 -0.25342855 0.26341465 -0.08095287 -0.11621336 0.0 0.2586825 -0.24125908 0.31384003 -0.06205558 -0.641912 0.23211792 -0.6970695 0.052914422 -0.16663551 0.1118012 -0.08095289 -0.11621334 0.2928954 0.0 -1.1523409819853883
0.1822418 0.06310886 0.007985828 0.033445675 -0.2348425 0.27913278 -0.007985828 -0.033445675 0.0 0.2391353 -0.26151344 0.30720353 -0.08680522 -0.6245737 0.27622533 -0.6926419 0.1015171 -0.15932716 0.12159834 -0.0079858415 -0.033445656 0.24087878 0.0 -1.16211556148077
0.18160696 0.06302657 -0.038090043 -0.013805702 -0.21516737 0.29392484 0.038090043 0.013805702 0.0 0.221841 -0.2770191 0.3013669 -0.107219584 -0.6042306 0.3169186 -0.6837565 0.14711909 -0.15028596 0.13172103 0.03809003 0.013805719 0.23726447 0.0 -1.1758998654314592
0.18222155 0.060453676 -0.0058640726 -0.120661035 -0.19892251 0.30727586 0.0058640726 0.120661035 0.0 0.20780365 -0.28562137 0.29605207 -0.12018719 -0.58626354 0.35047108 -0.67451197 0.18503691 -0.142564 0.14191753 0.005864064 0.12066105 0.15147416 0.0 -1.195877056625429
0.18262696 0.059470948 -0.00025019853 0.033463385 -0.19110872 0.3131703 0.00025019853 -0.033463385 0.0 0.20078631 -0.28963283 0.29311094 -0.12643842 -0.5772592 0.36595967 -0.6695838 0.20276529 -0.13886903 0.14646493 0.00025019204 -0.03346337 0.052240793 0.0 -1.2004037572363677
0.18074033 0.06045344 -0.05929577 0.06501982 -0.19486243 0.3083361 0.05929577 -0.06501982 0.0 0.20653854 -0.28817922 0.29626474 -0.123541884 -0.5818011 0.3549979 -0.6715273 0.19036055 -0.13998681 0.14247976 0.059295766 -0.06501981 -0.12864973 0.0 -1.1943117770415985
0.1778382 0.06366718 -0.014448767 0.14229606 -0.21380362 0.2904461 0.014448767 -0.14229606 0.0 0.22668292 -0.27781874 0.3051705 -0.10753677 -0.6029999 0.31106377 -0.68148756 0.1407818 -0.14793295 0.12864153 0.014448761 -0.14229606 -0.3130517 0.0 -1.175460602886298
0.17802706 0.06801245 0.090882406 0.1051807 -0.24324313 0.26368034 -0.090882406 -0.1051807 0.0 0.2516104 -0.25792608 0.31276187 -0.08067839 -0.6325592 0.24546279 -0.6937107 0.068215095 -0.16159667 0.1092345 -0.090882406 -0.105180696 -0.38900733 0.0 -1.1552892751500432
0.17879194 0.0727125 0.038792796 0.13624017 -0.26942438 0.23454995 -0.038792796 -0.13624017 0.0 0.27351615 -0.23679802 0.31725404 -0.054470714 -0.6551582 0.17879814 -0.6988961 -0.0035291712 -0.17323592 0.08871631 -0.0387928 -0.13624017 -0.31861535 0.0 -1.1295746058259115
0.17819127 0.07744666 -0.0074237348 0.14116673 -0.28529197 0.21045072 0.0074237348 -0.14116673 0.0 0.28915307 -0.22194517 0.32008836 -0.037014756 -0.66620713 0.12797351 -0.6971425 -0.0569569 -0.17918183 0.07166922 0.00742373 -0.14116673 -0.20320323 0.0 -1.1041540142599229
0.17670465 0.08188531 -0.0359629 0.13340992 -0.29366493 0.1926115 0.0359629 -0.13340992 0.0 0.29993597 -0.213087 0.32238966 -0.026936311 -0.67041403 0.09281678 -0.69286776 -0.093333915 -0.18132481 0.058822997 0.035962895 -0.13340992 -0.13670789 0.0 -1.0793340839230956
0.17600435 0.086540274 0.014198498 0.13956612 -0.29347757 0.18798357 -0.014198498 -0.13956612 0.0 0.3000163 -0.21787146 0.32251912 -0.031726684 -0.670253 0.0882882 -0.69275576 -0.09785657 -0.18117274 0.054165453 -0.014198502 -0.13956612 0.09487991 0.0 -1.059736470781441
0.17678295 0.09122255 0.059334636 0.12768127 -0.28562525 0.19743018 -0.059334636 -0.12768127 0.0 0.2876093 -0.23656921 0.31906122 -0.05172597 -0.66676944 0.116017684 -0.6982213 -0.06882556 -0.17990331 0.058352705 -0.05933464 -0.12768127 0.22836132 0.0 -1.0465529060825634
0.17913805 0.09531799 0.11079914 0.087377094 -0.2740058 0.21397218 -0.11079914 -0.087377094 0.0 0.26665625 -0.2599876 0.31127256 -0.077873245 -0.66000396 0.16008046 -0.70462024 -0.022033881 -0.17852147 0.06767656 -0.11079914 -0.087377094 0.27936104 0.0 -1.0422421752122664
0.18062663 0.099709295 0.06393749 0.1246037 -0.25528306 0.2353861 -0.06393749 -0.1246037 0.0 0.23789163 -0.28780794 0.2996124 -0.11075769 -0.64465564 0.21841978 -0.70637643 0.041369516 -0.17413338 0.08067866 -0.06393749 -0.1246037 0.38781804 0.0 -1.0403257552560363
0.18146151 0.10443324 0.08437681 0.113341495 -0.23084497 0.25794482 -0.08437681 -0.113341495 0.0 0.20226161 -0.31596458 0.28294304 -0.14671105 -0.6197424 0.28359 -0.70042384 0.11433646 -0.16707067 0.09530257 -0.08437681 -0.113341495 0.40047094 0.0 -1.0438643049322613
0.18248516 0.109140724 0.097922534 0.10263157 -0.2092749 0.27467984 -0.097922534 -0.10263157 0.0 0.16886634 -0.3368449 0.26486358 -0.17578347 -0.59413064 0.33620185 -0.69012785 0.17514043 -0.16082442 0.10683404 -0.097922534 -0.10263157 0.29181132 0.0 -1.045839612220703
0.18138294 0.11355456 0.012239595 0.14028808 -0.19483517 0.2818894 -0.012239595 -0.14028808 0.0 0.1478301 -0.35019746 0.25285283 -0.19487047 -0.5755579 0.3652507 -0.68058056 0.2099237 -0.15603182 0.11155453 -0.012239596 -0.14028808 0.15127847 0.0 -1.037703350875152
0.17897554 0.1177426 0.0126214 0.14167523 -0.18855788 0.2816246 -0.0126214 -0.14167523 0.0 0.13901395 -0.35841447 0.24769242 -0.20562299 -0.56719553 0.37399548 -0.67587405 0.221204 -0.15380685 0.110417 -0.012621401 -0.14167523 0.045003872 0.0 -1.025447270793573
0.17665112 0.12198258 0.017778246 0.14127773 -0.1909684 0.2755512 -0.017778246 -0.14127773 0.0 0.14087652 -0.36228284 0.24853072 -0.20876795 -0.57021534 0.36538786 -0.67786956 0.21187295 -0.15507315 0.10457987 -0.017778248 -0.14127773 -0.06670879 0.0 -1.0082772852906066
0.17427771 0.12363934 -0.06285216 0.045883924 -0.19903217 0.26629785 0.06285216 -0.045883924 0.0 0.15404691 -0.36003152 0.25648466 -0.20298772 -0.5810823 0.34334695 -0.6835201 0.18630315 -0.15741518 0.09662849 0.06285216 -0.04588392 -0.15895271 0.0 -0.9911361094214189
0.17266129 0.12181077 -0.07115129 -0.068298034 -0.20598155 0.25983584 0.07115129 0.068298034 0.0 0.16899073 -0.35363713 0.26582 -0.19307452 -0.5905138 0.32334816 -0.68734306 0.16278559 -0.15840012 0.091741614 0.07115129 0.068298034 -0.10908011 0.0 -0.9819511748492213
0.17179653 0.121464044 0.0036965315 0.05678539 -0.21002795 0.25568652 -0.0036965315 -0.05678539 0.0 0.17669609 -0.350447 0.2704134 -0.18804836 -0.59571266 0.31177726 -0.68943 0.14937863 -0.15921624 0.08854036 -0.003696532 -0.05678539 -0.039804004 0.0 -0.9678110699023033
0.17029496 0.123137906 -0.027712723 0.06953606 -0.21549639 0.24846256 0.027712723 -0.06953606 0.0 0.185445 -0.3483618 0.275298 -0.18379359 -0.60239905 0.29542235 -0.69225204 0.13085416 -0.16074854 0.082563974 0.027712723 -0.06953606 -0.11479639 0.0 -0.9481624030655353
0.16758424 0.1265241 -0.018557735 0.1414989 -0.22110309 0.23844527 0.018557735 -0.1414989 0.0 0.19543344 -0.34760132 0.28091657 -0.18072149 -0.6091093 0.27518857 -0.6945924 0.10830871 -0.16200057 0.07404771 0.018557735 -0.1414989 -0.078581564 0.0 -0.9223210004851696
0.16632642 0.13102363 0.05118222 0.13130645 -0.22496414 0.23105085 -0.05118222 -0.13130645 0.0 0.19892368 -0.34970075 0.28229728 -0.18175703 -0.6134025 0.26290223 -0.6967761 0.09495853 -0.16379485 0.06741105 -0.05118222 -0.13130645 -0.02105469 0.0 -0.8989953472286545
0.16748238 0.13554017 0.111301795 0.086281195 -0.22540645 0.2300969 -0.111301795 -0.086281195 0.0 0.19185142 -0.35543633 0.277129 -0.18845133 -0.6134576 0.26636237 -0.6987352 0.09937739 -0.16610153 0.06577225 -0.111301795 -0.086281195 0.082904205 0.0 -0.8830035544087527
0.16957763 0.13952109 0.11252757 0.07002216 -0.22235438 0.23408516 -0.11252757 -0.07002216 0.0 0.17765903 -0.36336154 0.26776767 -0.19893318 -0.60918355 0.28164616 -0.6992922 0.11721781 -0.16786441 0.068101704 -0.11252757 -0.07002216 0.120312735 0.0 -0.8697936983754562
0.17062563 0.1440992 0.080844685 0.115311496 -0.21504144 0.24033287 -0.080844685 -0.115311496 0.0 0.15812173 -0.37424222 0.25542364 -0.21396561 -0.5993849 0.30497786 -0.6966868 0.14470127 -0.16795547 0.07209918 -0.080844685 -0.115311496 0.18851958 0.0 -0.8541318826288189
0.17070082 0.14890274 0.07834182 0.11786961 -0.20488381 0.24737269 -0.07834182 -0.11786961 0.0 0.13547234 -0.38596055 0.24106123 -0.23101786 -0.58529973 0.33212292 -0.69088864 0.17718023 -0.16670237 0.076897345 -0.07834182 -0.11786961 0.19250087 0.0 -0.8386858645414795
0.1694361 0.15347755 0.03168476 0.13817477 -0.19710481 0.2504946 -0.03168476 -0.13817477 0.0 0.11911511 -0.39522848 0.2304744 -0.24437967 -0.5740525 0.34953654 -0.6854118 0.19868773 -0.16538212 0.07870013 -0.03168476 -0.13817477 0.101620615 0.0 -0.8167932764891643
0.1676334 0.15610394 -0.012054761 0.073439345 -0.18861839 0.25392774 0.012054761 -0.073439345 0.0 0.10527456 -0.4022584 0.22174077 -0.25531667 -0.5619484 0.3658365 -0.67841464 0.21889476 -0.16280498 0.08114656 0.012054761 -0.073439345 0.13674614 0.0 -0.7994916301934832
0.16847506 0.15710896 0.07245844 -0.041302856 -0.18352821 0.25831208 -0.07245844 0.041302856 0.0 0.09393722 -0.40498742 0.2140256 -0.26099077 -0.55395645 0.37948057 -0.67404485 0.23548394 -0.16202436 0.08494181 -0.07245844 0.041302856 0.055480074 0.0 -0.7880578721008356
0.17044161 0.15503672 -0.04263245 -0.11425084 -0.18432666 0.2607291 0.04263245 0.11425084 0.0 0.09470224 -0.40191424 0.2144507 -0.2576348 -0.5550396 0.3810237 -0.67478806 0.23674425 -0.16241401 0.087410025 0.04263245 0.11425084 -0.05277689 0.0 -0.7720136669413031
0.16973242 0.15082367 -0.12287212 -0.055579238 -0.18630387 0.25985825 0.12287212 0.055579238 0.0 0.10587022 -0.39709502 0.22272071 -0.2504587 -0.55933964 0.372744 -0.67619014 0.22610767 -0.16094287 0.08701011 0.12287212 0.055579238 -0.083198436 0.0 -0.7484371779018425
0.16598238 0.14891759 -0.116557375 0.0728056 -0.18780516 0.25496492 0.116557375 -0.0728056 0.0 0.118668936 -0.39544028 0.23228402 -0.24628311 -0.5632209 0.35966402 -0.676836 0.21050684 -0.15866941 0.08271286 0.116557375 -0.0728056 -0.0723226 0.0 -0.7173398810285337
0.16298278 0.15041095 -0.0017012248 0.104017824 -0.19410455 0.24601527 0.0017012248 -0.104017824 0.0 0.13253973 -0.39449766 0.24143943 -0.24186376 -0.57260805 0.3389346 -0.6815077 0.18630071 -0.15960158 0.07475754 0.0017012248 -0.104017824 -0.13812302 0.0 -0.6816327552064669
0.16057456 0.15445527 0.013190124 0.14167634 -0.20338343 0.23388067 -0.013190124 -0.14167634 0.0 0.14698988 -0.39396632 0.25010428 -0.23736598 -0.58509755 0.31257755 -0.688212 0.15597719 -0.1624989 0.06403332 -0.013190124 -0.14167634 -0.12939225 0.0 -0.6403904651009683
0.15742102 0.15800638 -0.042670462 0.13494185 -0.21014613 0.22237495 0.042670462 -0.13494185 0.0 0.16073057 -0.39358267 0.2586274 -0.23366877 -0.5942467 0.2884478 -0.69214356 0.1285339 -0.16368568 0.053967416 0.042670462 -0.13494185 -0.10897103 0.0 -0.5960740510723396
0.15415841 0.16112606 -0.03374281 0.12863584 -0.21494804 0.21214113 0.03374281 -0.12863584 0.0 0.1728397 -0.3933124 0.2662717 -0.23074946 -0.60073066 0.26755458 -0.69416267 0.10499163 -0.16384292 0.045084447 0.03374281 -0.12863584 -0.09193385 0.0 -0.5495885968929289
0.15288243 0.16527998 0.065344214 0.11902863 -0.21872105 0.20494622 -0.065344214 -0.11902863 0.0 0.17727044 -0.39517382 0.26848146 -0.23135439 -0.60522205 0.2551044 -0.69643307 0.09128497 -0.16534717 0.038600504 -0.065344214 -0.11902863 -0.019633638 0.0 -0.5055956423795254
0.15290755 0.17009674 0.06968769 0.12352803 -0.22223368 0.19947895 -0.06968769 -0.12352803 0.0 0.17719254 -0.3983605 0.26746267 -0.23402072 -0.60901594 0.24742001 -0.6992861 0.08308026 -0.16790682 0.033442043 -0.06968769 -0.12352803 -0.018662319 0.0 -0.4586318313990546
0.15243329 0.17484337 0.046443265 0.13294873 -0.2251871 0.19383822 -0.046443265 -0.13294873 0.0 0.17756504 -0.40176567 0.26691782 -0.23692536 -0.6122306 0.23962276 -0.7015833 0.07478244 -0.16993564 0.028106684 -0.046443265 -0.13294873 -0.01812306 0.0 -0.40754496142884244
0.15076219 0.1792791 0.006070822 0.14064924 -0.22260961 0.19292413 -0.006070822 -0.14064924 0.0 0.17003988 -0.40938783 0.2621601 -0.24607795 -0.60882586 0.24522996 -0.7009461 0.081920095 -0.17016123 0.026284292 -0.006070822 -0.14064924 0.11592266 0.0 -0.3573841973067573
0.1496727 0.18389288 0.060921844 0.12750298 -0.21757312 0.19567533 -0.060921844 -0.12750298 0.0 0.15493537 -0.4192968 0.2524079 -0.25912392 -0.6018475 0.26072958 -0.6993201 0.10055669 -0.17066634 0.027391579 -0.060921844 -0.12750298 0.123712845 0.0 -0.3068196857857264
0.15072577 0.18844332 0.1191392 0.07514701 -0.2106155 0.20347875 -0.1191392 -0.07514701 0.0 0.12965155 -0.42990237 0.23526224 -0.27497452 -0.5910195 0.2882825 -0.6966302 0.13335468 -0.17245804 0.03299804 -0.1191392 -0.07514701 0.22792143 0.0 -0.26296750806054614
0.1523904 0.19294941 0.118002005 0.07816738 -0.2012854 0.21397339 -0.118002005 -0.07816738 0.0 0.09787147 -0.43982968 0.21315303 -0.29195672 -0.57550275 0.32287827 -0.6907843 0.17500533 -0.17408426 0.04140525 -0.118002005 -0.07816738 0.23322342 0.0 -0.21928616561435055
0.15123941 0.1970851 0.013106289 0.13759476 -0.19066328 0.22119205 -0.013106289 -0.13759476 0.0 0.07087065 -0.44854918 0.19436613 -0.30746368 -0.5580899 0.35117882 -0.6815854 0.21009333 -0.17330895 0.047357377 -0.013106289 -0.13759476 0.1885766 0.0 -0.16607583893959155
0.15009287 0.20158343 0.092897706 0.10606982 -0.18345167 0.22497736 -0.092897706 -0.10606982 0.0 0.04964551 -0.45518366 0.17897294 -0.31942406 -0.5450782 0.37032223 -0.67440563 0.23456264 -0.17343341 0.050566062 -0.092897706 -0.10606982 0.12872691 0.0 -0.11282619332048482
0.15103084 0.20623541 0.12725002 0.061854064 -0.18140247 0.22712767 -0.12725002 -0.061854064 0.0 0.033644658 -0.45895398 0.16651349 -0.3266584 -0.53906304 0.38197535 -0.67193186 0.24967976 -0.17599538 0.05251258 -0.12725002 -0.061854064 0.07354795 0.0 -0.05895331228971479
0.15104492 0.21091013 0.08339467 0.11362111 -0.17929785 0.22820966 -0.08339467 -0.11362111 0.0 0.019215727 -0.46283713 0.15522243 -0.3337696 -0.5331377 0.3915995 -0.6691444 0.26253197 -0.1780845 0.05351509 -0.08339467 -0.11362111 0.0981036 0.0 0.0
