98
-0.1672553 0.11097858 -0.10228735 0.11542366 0.08453912 -0.27405462 0.10228735 -0.11542366 0.0 0.13803835 -0.6841702 0.3028727 -0.5948064 -0.17373441 0.28431007 -0.33856875 0.19494623 -0.056130353 0.07311641 0.026394654 -0.10502514 -0.058203064 -0.028052576 0.17466004 -0.1667252 0.19652285 -0.40076494 0.12910819 0.06425726 0.09671919 -0.33282745 0.14735694 -0.03979973 0.22230545 -0.3925286 0.045827217 -0.16762424 0.0 0.0 0.03873423132096723
-0.17128792 0.10866 -0.1299115 0.051270597 0.09146984 -0.2755263 0.1299115 -0.051270597 0.0 0.1493795 -0.6850424 0.31324258 -0.5939098 -0.17279771 0.28002658 -0.33666077 0.18889403 -0.053335026 0.068714686 0.16404513 -0.12862128 -0.054231983 -0.03244286 0.107968 -0.09263089 0.2026484 -0.4008788 0.08097448 -0.10901893 0.104148 -0.33007622 0.093651675 0.08388418 0.23037213 -0.3910769 0.091020286 0.035046 -0.16351748 0.0 0.038137006841780945
-0.17498985 0.10570913 -0.13108495 0.04749766 0.10973725 -0.2721305 0.13108495 -0.04749766 0.0 0.18826331 -0.67819774 0.34731275 -0.57890254 -0.1822615 0.26936105 -0.34131092 0.17006586 -0.05004135 0.060425594 0.20410791 -0.17015159 -0.047824018 -0.038073506 0.1464381 -0.087547965 0.22689335 -0.39573035 0.1432251 -0.1949432 0.12313499 -0.32165286 0.06266119 0.07562992 0.25116983 -0.3785837 0.013097689 -0.0051568346 -0.29382065 0.0 0.03618775155072784
-0.17865631 0.10271744 -0.13551219 0.032615047 0.13599886 -0.26351 0.13551219 -0.032615047 0.0 0.24714528 -0.661886 0.39763284 -0.550039 -0.1988843 0.25256133 -0.34937185 0.14071436 -0.047685936 0.051016964 0.20500721 -0.15289809 -0.03968974 -0.044388175 0.14120768 -0.07572133 0.26418227 -0.38181847 0.19047278 -0.16334881 0.15072729 -0.3077818 0.058239155 0.08550449 0.28145915 -0.35747883 0.010739404 -0.025073903 -0.38242424 0.0 0.03415381675351329
-0.18236275 0.0997479 -0.1379726 0.02309028 0.16666037 -0.24912636 0.1379726 -0.02309028 0.0 0.31755182 -0.6342091 0.4559479 -0.507707 -0.21872994 0.23040532 -0.357126 0.10390323 -0.045056984 0.04143821 0.22358042 -0.13254073 -0.029730909 -0.050225936 0.15788852 -0.061400905 0.30861247 -0.3580022 0.21259674 -0.14378512 0.18297294 -0.28780898 0.058013786 0.09323315 0.3166821 -0.32863903 0.016191274 -0.056938484 -0.43553972 0.0 0.03226901560094279
-0.18616824 0.096936636 -0.13871041 0.013537705 0.19828549 -0.2292309 0.13871041 -0.013537705 0.0 0.39144635 -0.5949437 0.51476884 -0.45370698 -0.2384936 0.20401308 -0.3618161 0.062776364 -0.0412686 0.03246626 0.24188033 -0.10769203 -0.018214503 -0.0547963 0.16940945 -0.047218435 0.354553 -0.32526207 0.22702521 -0.12455339 0.21598509 -0.26199237 0.059386376 0.103260815 0.3520925 -0.29270872 0.01320311 -0.045561764 -0.45144153 0.0 0.030334167006673463
-0.18999757 0.09424041 -0.13792951 -0.0010101269 0.22809123 -0.20477065 0.13792951 0.0010101269 0.0 0.46215516 -0.54575604 0.56835943 -0.3912345 -0.25575536 0.17518827 -0.36195964 0.02066675 -0.03610447 0.024928154 0.25600317 -0.07324943 -0.005823272 -0.057459902 0.17645283 -0.02749475 0.3978386 -0.28549933 0.23981564 -0.09765513 0.24651138 -0.23148566 0.054394063 0.11494274 0.38392615 -0.25130492 0.010206951 -0.028280932 -0.45431644 0.0 0.02847953437223559
-0.19382818 0.09161693 -0.13593742 -0.01477394 0.2547242 -0.1766774 0.13593742 0.01477394 0.0 0.5264215 -0.48850673 0.61416554 -0.32280448 -0.26957968 0.1451638 -0.35732374 -0.020538436 -0.02981968 0.019234939 0.26338077 -0.039157525 0.006960417 -0.057899084 0.18259561 -0.003499063 0.4364723 -0.24026032 0.24967112 -0.06991654 0.27300528 -0.19742696 0.047835752 0.1253228 0.41050735 -0.20619847 0.005751939 -0.015065329 -0.4395823 0.0 0.02735396026604814
-0.19574876 0.08870107 0.009403656 -0.12267916 0.27551645 -0.14549597 -0.009403656 0.12267916 0.0 0.57995254 -0.42545247 0.6488831 -0.2510827 -0.28108907 0.11654722 -0.35001966 -0.057822563 -0.02612532 0.017431289 -0.0213982 0.16840553 0.017916927 -0.055057514 0.043447655 0.11628509 0.46734437 -0.19104129 0.11384465 0.05259822 0.292727 -0.16056736 -0.102818675 0.22888419 0.4291658 -0.15905842 -0.1408315 0.08343086 -0.41205296 0.0 0.029642828493609934
-0.19624025 0.08502635 -0.038529716 -0.12088879 0.29061007 -0.11266027 0.038529716 0.12088879 0.0 0.62249875 -0.35945347 0.6729299 -0.17886291 -0.29021972 0.09010328 -0.3406509 -0.090487264 -0.024798177 0.018627413 0.07665507 0.15546328 0.026856944 -0.049434155 0.093888395 0.123585194 0.49052155 -0.13999805 0.16739267 0.06181314 0.30571377 -0.122651815 -0.06768869 0.2145562 0.44037336 -0.11190748 -0.09358466 0.071629055 -0.38994294 0.0 0.03200340716081844
-0.19750597 0.08088498 -0.0656416 -0.11181832 0.3021419 -0.08005936 0.0656416 0.11181832 0.0 0.6564207 -0.29346853 0.6890827 -0.10883527 -0.29562807 0.06536195 -0.32829008 -0.11927132 -0.022214524 0.020588355 0.14519583 0.12518793 0.035423957 -0.042377632 0.12308436 0.12339737 0.5083044 -0.08945878 0.19921775 0.06437451 0.31393522 -0.08623378 -0.06305548 0.17131144 0.44679993 -0.06671467 -0.06273117 0.056823466 -0.34968153 0.0 0.03411546812302933
-0.19905844 0.07670796 -0.0600848 -0.11766959 0.30984792 -0.049614068 0.0600848 0.11766959 0.0 0.68125075 -0.23159449 0.6978277 -0.044828717 -0.29825643 0.04358166 -0.31483337 -0.14318411 -0.01895201 0.022874113 0.1616846 0.11621494 0.04284663 -0.03461606 0.11930952 0.13240413 0.52043825 -0.04303094 0.18489462 0.05170024 0.3183873 -0.052003868 -0.037443656 0.21695414 0.4482161 -0.024547271 -0.080301605 0.121420465 -0.30526045 0.0 0.03573103739910003
-0.2010336 0.07268696 -0.06855182 -0.11361476 0.3147268 -0.022221804 0.06855182 0.11361476 0.0 0.69874185 -0.17581022 0.7012528 0.011672963 -0.2986575 0.025064882 -0.3011685 -0.1624183 -0.014807793 0.02526159 0.19001493 0.10220585 0.049363118 -0.026634516 0.12856731 0.13384114 0.5286122 -0.0017972472 0.19739142 0.05577531 0.31979394 -0.021439934 -0.043692384 0.18030693 0.4460383 0.012884028 -0.07231164 0.10466182 -0.26005122 0.0 0.03716910520697191
-0.20372283 0.06908769 -0.08505744 -0.102108106 0.31800815 0.0015281844 0.08505744 0.102108106 0.0 0.7109972 -0.12737714 0.7016036 0.059887413 -0.2971407 0.009788034 -0.28774706 -0.17747651 -0.009611623 0.027350549 0.21069291 0.06990223 0.05550189 -0.018954003 0.14636753 0.1241489 0.534636 0.0337309 0.21622598 0.04926423 0.31917396 0.0046083815 -0.027934857 0.16058178 0.44205242 0.044446018 -0.055787783 0.09125309 -0.21484965 0.0 0.0385866552501765
-0.2071084 0.0661382 -0.098846555 -0.08813663 0.32056788 0.021307735 0.098846555 0.08813663 0.0 0.7197168 -0.08703026 0.70061797 0.099494494 -0.29418075 -0.002365859 -0.27508193 -0.18889062 -0.0037811215 0.02862878 0.2176426 0.031384293 0.061576724 -0.012014197 0.16207358 0.10925855 0.5397628 0.0631094 0.23201388 0.040440824 0.3176851 0.0262848 -0.0149956485 0.14363198 0.43744612 0.07013742 -0.041926835 0.076693185 -0.17041259 0.0 0.03983569784201497
-0.21082547 0.06355739 -0.09862034 -0.08961384 0.32275176 0.03738091 0.09862034 0.08961384 0.0 0.725968 -0.054671496 0.6993162 0.13092466 -0.29052997 -0.011217994 -0.2638782 -0.19681415 0.0024917794 0.030070426 0.2217491 0.05159979 0.06752377 -0.0057290653 0.16483897 0.108631164 0.5446556 0.086587116 0.23355007 0.046470366 0.31577232 0.04400063 -0.015699618 0.14250413 0.43278572 0.09033758 -0.04177318 0.07273036 -0.1277884 0.0 0.041025697541303835
-0.21459077 0.061058473 -0.097097866 -0.090983294 0.32476568 0.050151825 0.097097866 0.090983294 0.0 0.73056114 -0.02976687 0.69835544 0.15494654 -0.28678274 -0.016817315 -0.254577 -0.20153072 0.009067973 0.031982012 0.22019796 0.052165944 0.073259994 1.0656938e-05 0.16672628 0.10728252 0.5497124 0.10464244 0.23298444 0.050947677 0.31366932 0.0583082 -0.017803436 0.14376913 0.4284072 0.10568467 -0.04296817 0.07060317 -0.08987037 0.0 0.042148946326442026
-0.21838073 0.05860718 -0.09600901 -0.091896 0.3269088 0.05998417 0.09600901 0.091896 0.0 0.7342687 -0.01153402 0.6982538 0.17247461 -0.28312555 -0.019604836 -0.24711066 -0.20361347 0.015862346 0.03416018 0.22037826 0.060175393 0.07888782 0.005238482 0.16769165 0.10881729 0.5553255 0.117850654 0.23275921 0.054876585 0.31171617 0.069655046 -0.01943789 0.14392711 0.4246842 0.11682247 -0.042189162 0.06696157 -0.057465043 0.0 0.04316517858437941
-0.2221865 0.056191858 -0.09542039 -0.09224891 0.32935125 0.06727716 0.09542039 0.09224891 0.0 0.7375873 0.0009424663 0.69923645 0.18447848 -0.2796222 -0.020059215 -0.24127139 -0.20359522 0.02290265 0.036552727 0.22069013 0.065708525 0.08453033 0.009936808 0.16987582 0.107878245 0.56167704 0.12685461 0.23276465 0.057452366 0.31008434 0.078510664 -0.020707559 0.14455976 0.42182297 0.12421984 -0.038294666 0.054887548 -0.030139534 0.0 0.04403420777768236
-0.22600324 0.053806856 -0.095320955 -0.092060216 0.3321675 0.07240346 0.095320955 0.092060216 0.0 0.7407974 0.0085399505 0.70133686 0.19184056 -0.2762664 -0.018615818 -0.23680583 -0.20191643 0.030221647 0.039337832 0.22317375 0.08535807 0.09029608 0.014065854 0.1731982 0.10539242 0.56880003 0.13223024 0.232866 0.058023278 0.30886605 0.08529879 -0.021338424 0.14476827 0.41976672 0.12865975 -0.0381654 0.056174837 -0.0077240593 0.0 0.044902964938343726
-0.22983496 0.05146515 -0.09615555 -0.090760596 0.33537334 0.075708665 0.09615555 0.090760596 0.0 0.74404305 0.012100458 0.704468 0.19537638 -0.27300358 -0.015690709 -0.23342851 -0.19896664 0.037812077 0.04247965 0.22462994 0.09640933 0.096227765 0.01770656 0.17650591 0.10566602 0.5766289 0.13448377 0.23319218 0.054705277 0.30807185 0.090400994 -0.02131037 0.14427711 0.41846082 0.1307991 -0.03559115 0.05459308 0.010186003 0.0 0.04583835315915757
-0.23368838 0.04917377 -0.09741867 -0.08908205 0.33894363 0.07751592 0.09741867 0.08908205 0.0 0.74737674 0.012405393 0.7084758 0.19582559 -0.26976526 -0.011645718 -0.23086439 -0.19506593 0.04567176 0.04573043 0.22700125 0.10261525 0.102370426 0.020911995 0.1806541 0.10477276 0.58386767 0.13305496 0.18347034 -0.004776789 0.3079218 0.09422045 -0.012232956 0.14834541 0.4174764 0.13173032 -0.044160195 0.08335617 0.023984043 0.0 0.04670997287585246
-0.2375678 0.04693977 -0.09921577 -0.08678516 0.3428221 0.078144334 0.09921577 0.08678516 0.0 0.75079656 0.0102192685 0.71316123 0.19390333 -0.2664871 -0.006818238 -0.2288518 -0.1905023 0.05375914 0.04893507 0.22911237 0.10535241 0.108739585 0.023750242 0.18509082 0.10489482 0.5908761 0.12864392 0.1771503 -0.014420435 0.3102287 0.09881757 0.09495833 0.22327869 0.4169148 0.13183351 -0.042475052 0.09016046 0.033195212 0.0 0.04701004900571612
-0.24144879 0.04472882 -0.09959705 -0.0858886 0.34689888 0.07795795 0.09959705 0.0858886 0.0 0.7542429 0.006349271 0.7182689 0.1903659 -0.26315314 -0.0014955414 -0.22717911 -0.18551217 0.06197545 0.05221045 0.22802846 0.11561584 0.115306996 0.026364882 0.18830882 0.107626244 0.5981358 0.12293408 0.18342161 -0.008003968 0.31593704 0.10312527 0.16966693 0.20125747 0.41666558 0.13119899 -0.04193071 0.093515 0.039163858 0.0 0.04682282651519374
-0.24532346 0.042525843 -0.10049815 -0.08440157 0.35110095 0.07721618 0.10049815 0.08440157 0.0 0.7576782 0.0013750597 0.7236199 0.18575586 -0.2597444 0.0041114315 -0.22568606 -0.18026938 0.070270285 0.055564422 0.22767358 0.12072692 0.12206916 0.028815545 0.19268993 0.10869148 0.6056762 0.11645473 0.1871882 -0.005902884 0.32277146 0.106552 0.16985 0.19792703 0.416615 0.13005263 -0.040897217 0.09417372 0.042802226 0.0 0.04676516498279445
-0.24921007 0.040359832 -0.102275535 -0.08187814 0.35540122 0.07608835 0.102275535 0.08187814 0.0 0.7611063 -0.004288027 0.7291089 0.18046159 -0.25622234 0.00980907 -0.22422498 -0.17494054 0.07871058 0.058776833 0.23074411 0.117448494 0.12906747 0.03106886 0.19895238 0.10663926 0.6133401 0.10947591 0.19007953 -0.0052192644 0.33004624 0.10933255 0.1850834 0.18411157 0.41670662 0.12861519 -0.038845632 0.09503354 0.04412407 0.0 0.04662954882983633
-0.25311387 0.038234547 -0.1037625 -0.07976154 0.35975954 0.07475743 0.1037625 0.07976154 0.0 0.76452315 -0.010232932 0.73463136 0.17486902 -0.252579 0.015446132 -0.22268721 -0.16965581 0.08729321 0.06171383 0.23363434 0.11180631 0.13630885 0.033155657 0.20529957 0.10513063 0.621051 0.10233654 0.19253181 -0.0020329857 0.33802423 0.111313336 0.20638241 0.16126066 0.4168752 0.12711585 -0.037041526 0.0959608 0.04370718 0.0 0.046326471269191205
-0.25703025 0.03613982 -0.10509955 -0.07782212 0.36413565 0.07338037 0.10509955 0.07782212 0.0 0.7679231 -0.016133152 0.7401041 0.16929165 -0.24882813 0.020923624 -0.22100912 -0.16450116 0.095971815 0.06439451 0.23570521 0.10696209 0.14379327 0.035130005 0.21235299 0.10342338 0.628707 0.09541606 0.1926545 0.005262323 0.346666 0.11240773 0.22426541 0.13399483 0.41706046 0.12571837 -0.035406698 0.0964236 0.04197111 0.0 0.04589074908948489
-0.26095808 0.034071073 -0.10634098 -0.07601134 0.36850417 0.07207603 0.10634098 0.07601134 0.0 0.7713122 -0.021746418 0.7454758 0.163965 -0.24498509 0.026171133 -0.21914874 -0.1595403 0.10470746 0.06685804 0.23744601 0.101878695 0.15154189 0.037044726 0.22079183 0.10222476 0.63622963 0.089025006 0.19195703 0.014911121 0.35578465 0.11266632 0.23692717 0.10741241 0.41722122 0.12453437 -0.033918094 0.0963885 0.03937576 0.0 0.045395100871335387
-0.26489615 0.032024827 -0.107451804 -0.07436356 0.37284938 0.070926644 0.107451804 0.07436356 0.0 0.7747007 -0.026912507 0.7507196 0.1590476 -0.24106757 0.031148719 -0.21708654 -0.15481138 0.11348952 0.06904624 0.23961274 0.09274194 0.1596849 0.038954414 0.23949191 0.10259464 0.6436264 0.08332274 0.1924178 0.024113458 0.36513242 0.11212769 0.24388766 0.07933467 0.4173302 0.12362717 -0.032655265 0.09575717 0.036263146 0.0 0.044781487894939374
-0.26883727 0.02998902 -0.10812164 -0.07327614 0.3771552 0.06999565 0.10812164 0.07327614 0.0 0.7780928 -0.03152285 0.75581735 0.15464926 -0.23710057 0.035846695 -0.2148251 -0.15032542 0.122299336 0.070954755 0.24115682 0.08468322 0.16814733 0.04087731 0.23890805 0.09959068 0.6509305 0.0783559 0.19346741 0.03161101 0.3745218 0.11082492 0.245932 0.051172607 0.41736332 0.123040445 -0.03189883 0.09522794 0.03284072 0.0 0.04419579319577835
-0.2727868 0.02796876 -0.109176606 -0.07171448 0.38142338 0.069317035 0.109176606 0.07171448 0.0 0.7815072 -0.035515614 0.760773 0.15083444 -0.23309395 0.040252015 -0.21235974 -0.14609805 0.13112175 0.07261312 0.24290211 0.07622162 0.17664471 0.042758547 0.24068877 0.09560829 0.6595948 0.07555394 0.24612072 0.10674775 0.38012934 0.10969105 0.071099184 0.063051924 0.41838598 0.120112374 0.020667799 -0.03284278 0.029235573 0.0 0.043863027300627466
-0.27677053 0.025982909 -0.110992424 -0.06971014 0.38567805 0.06890882 0.110992424 0.06971014 0.0 0.78498346 -0.038850788 0.76561445 0.1476461 -0.22903565 0.044344608 -0.20966662 -0.14215228 0.13994962 0.074068144 0.24475625 0.06899354 0.18518957 0.04458172 0.24302381 0.09037965 0.6684976 0.0744906 0.24568999 0.11395706 0.38126126 0.10983048 -0.027769858 0.10139126 0.4202066 0.11556024 0.033539563 -0.04809654 0.02517238 0.0 0.043532920897713316
-0.28079063 0.024062566 -0.11283055 -0.06692729 0.38991565 0.06879975 0.11283055 0.06692729 0.0 0.7885401 -0.041452162 0.7703365 0.14516209 -0.2249395 0.048076063 -0.20673586 -0.13853818 0.14875701 0.075396866 0.2462822 0.06326141 0.19376777 0.04639127 0.24502115 0.08638293 0.67739373 0.07393229 0.2498589 0.103218324 0.38188642 0.11177664 0.008269963 0.14562769 0.4219515 0.11133939 0.028771305 -0.046285305 0.020631094 0.0 0.04317602240367494
-0.28483585 0.022201939 -0.11386262 -0.064995475 0.39411896 0.06903152 0.11386262 0.064995475 0.0 0.79217494 -0.04325568 0.774925 0.14344914 -0.22083405 0.051449634 -0.20358413 -0.13525519 0.15752934 0.07667817 0.24728923 0.058992114 0.20235315 0.048270226 0.24617201 0.084097825 0.6863387 0.07362126 0.25374296 0.087734245 0.38325873 0.114880845 0.030635655 0.15418544 0.42351982 0.10758404 0.030011112 -0.04767785 0.016471889 0.0 0.04274228239385546
-0.28889844 0.020383803 -0.11468879 -0.06342127 0.39828295 0.0695992 0.11468879 0.06342127 0.0 0.7958797 -0.044303235 0.779388 0.14247009 -0.21673638 0.054514244 -0.20024467 -0.13225907 0.16625297 0.07798572 0.24797851 0.05695271 0.21093448 0.050238382 0.24721618 0.081562966 0.6953044 0.07347901 0.25606644 0.07302464 0.38513434 0.11825211 0.049485862 0.13834181 0.42499363 0.104261436 0.03064265 -0.047450814 0.01256748 0.0 0.042222911275077865
-0.2929764 0.018602697 -0.115403384 -0.06205356 0.40240762 0.07049221 0.115403384 0.06205356 0.0 0.79965144 -0.04463506 0.78373545 0.1421882 -0.21265528 0.057302795 -0.19673927 -0.12952046 0.17493102 0.07936771 0.24869093 0.055535786 0.21950696 0.052302707 0.24812171 0.079381146 0.70415473 0.07350736 0.25431204 0.05930409 0.38752308 0.12133834 0.06704384 0.116753735 0.42657343 0.1012176 0.040473618 -0.053650253 0.009005664 0.0 0.041468900619284904
-0.29706773 0.016852733 -0.11596135 -0.060996458 0.40649435 0.07168873 0.11596135 0.060996458 0.0 0.80348384 -0.044312507 0.78797907 0.14254533 -0.20859608 0.05985295 -0.19309126 -0.12700489 0.18356712 0.08085697 0.24934499 0.05530483 0.22806686 0.054474287 0.24885432 0.07773824 0.71277463 0.073796466 0.24913572 0.0512351 0.39028153 0.12442035 0.07804407 0.115198486 0.42824766 0.09844047 0.043753743 -0.054981172 0.0059103635 0.0 0.040587634257067316
-0.30117166 0.015124187 -0.116416596 -0.060332235 0.41054767 0.07315638 0.116416596 0.060332235 0.0 0.8073688 -0.04341951 0.7921345 0.14346057 -0.20455927 0.06221118 -0.189325 -0.12466891 0.19216955 0.08248609 0.24999174 0.056285523 0.23661184 0.056764882 0.24939807 0.07699729 0.72125685 0.074445434 0.24667595 0.048453934 0.39269036 0.12768763 0.056823686 0.1110176 0.4299907 0.09595826 0.048485074 -0.05580696 0.0033873734 0.0 0.03965423782241122
-0.30529183 0.013423182 -0.11709939 -0.059283048 0.41457793 0.07484435 0.11709939 0.059283048 0.0 0.8113027 -0.042059034 0.7962227 0.14483356 -0.20053783 0.064406864 -0.18545783 -0.122485735 0.20074604 0.084262416 0.25075448 0.057469405 0.24514781 0.059155244 0.25017518 0.075672664 0.72958046 0.07533068 0.24311867 0.040223718 0.39400473 0.13099979 0.020631753 0.10411241 0.4308176 0.094634674 0.005156384 -0.011672024 0.0012385639 0.0 0.03935194922171057
-0.30944473 0.011780607 -0.118438154 -0.0571437 0.41860765 0.07669337 0.118438154 0.0571437 0.0 0.81529826 -0.04032587 0.8002729 0.14657113 -0.19651112 0.066435516 -0.18148568 -0.12046148 0.20932253 0.08611835 0.25223842 0.05564438 0.2536924 0.061607055 0.2515174 0.07340269 0.7375754 0.076478794 0.22972003 0.039878648 0.39422908 0.13473782 0.00257616 0.11625431 0.43118474 0.09428173 0.009302535 -0.0056809336 -0.0005886363 0.0 0.03906332903911281
-0.31362787 0.010196313 -0.119293 -0.05583238 0.42264023 0.07866236 0.119293 0.05583238 0.0 0.819346 -0.038305655 0.80429643 0.1485894 -0.1924772 0.06832508 -0.17742763 -0.11856997 0.21790455 0.08802301 0.2532896 0.054969963 0.2622486 0.06411504 0.2524182 0.072459795 0.74303913 0.07624313 0.111434124 -0.045086626 0.39423978 0.13932055 0.0054865223 0.13986756 0.43062356 0.09523062 -0.02182385 0.048478853 -0.0017556213 0.0 0.03931400767650693
-0.31783828 0.008682645 -0.12040101 -0.05349009 0.42009297 0.07975924 -0.07543051 0.013099761 0.0 0.8234361 -0.036123335 0.8083104 0.15076557 -0.18843044 0.07009502 -0.17330472 -0.116793886 0.22649467 0.08993838 0.25441933 0.052949037 0.27081493 0.0666441 0.2534137 0.070521556 0.74834156 0.07739886 0.18956338 0.075881965 0.39409563 0.14370298 -0.006734383 0.11560215 0.43261015 0.09696386 0.0767158 0.044200264 -0.0025081604 0.0 0.04090742615422962
-0.32207194 0.0071874782 -0.12060815 -0.05414661 0.4177321 0.08043816 -0.07004261 0.014742664 0.0 0.82754946 -0.0339495 0.81234646 0.15293314 -0.18436092 0.07185066 -0.16915795 -0.11503198 0.23511273 0.09183206 0.25478068 0.052858863 0.27939874 0.06917148 0.25348628 0.071321964 0.7536137 0.07774584 0.13168816 -0.052613124 0.3936114 0.14727642 -0.015709788 0.09201752 0.43509343 0.09909658 0.07356302 0.06050713 -0.00065695524 0.0 0.04267956514769879
-0.32631108 0.005728264 -0.12124022 -0.05223061 0.41558427 0.0809318 -0.064383715 0.01387088 0.0 0.83165544 -0.032173995 0.81645757 0.15470906 -0.18025203 0.07365369 -0.16505416 -0.11322936 0.24377804 0.09351323 0.2553621 0.047786254 0.2880248 0.07145652 0.25442818 0.06521333 0.75890183 0.07868547 0.17276885 0.086776376 0.3930056 0.14992212 -0.018980395 0.0706465 0.43757403 0.10074961 0.072637096 0.045947302 0.00089496974 0.0 0.044502157045586535
-0.3305813 0.004302547 -0.12205495 -0.05171528 0.41366944 0.081254445 -0.058690432 0.014448268 0.0 0.8357823 -0.030781843 0.8206683 0.156108 -0.17607759 0.07549985 -0.16096357 -0.11139 0.25252268 0.09500246 0.2563552 0.046567585 0.2967303 0.07352829 0.25550887 0.064475305 0.76395243 0.078621715 0.1290647 -0.048248377 0.39242664 0.15162066 -0.019222938 0.04663312 0.4400697 0.10213921 0.07151221 0.04660587 0.0026958096 0.0 0.04635331515849
-0.3348616 0.0029285934 -0.1227071 -0.049646344 0.4119643 0.08138695 -0.05330319 0.013515499 0.0 0.8399123 -0.029799223 0.8249611 0.15710373 -0.17185463 0.07736414 -0.15690345 -0.10953881 0.26132047 0.09624279 0.25684997 0.04099349 0.30548567 0.07532931 0.25633377 0.05847321 0.7691424 0.079072505 0.16640268 0.09159468 0.3919547 0.15244025 -0.016851397 0.027386025 0.4426173 0.10301247 0.07243837 0.034098644 0.004073879 0.0 0.04830653077044035
-0.3391734 0.0015980051 -0.123658046 -0.04861166 0.41048154 0.08136019 -0.04775416 0.013647119 0.0 0.8440686 -0.02918031 0.8293502 0.15774111 -0.16756406 0.079243064 -0.15284568 -0.10767836 0.2701863 0.09726974 0.25767908 0.03917829 0.31432033 0.07691318 0.25753894 0.05751589 0.77423143 0.0785429 0.13239744 -0.043940634 0.39166957 0.15252826 -0.012617412 0.011157076 0.4451801 0.10365636 0.07098959 0.03507495 0.0057012057 0.0 0.05027362754401667
-0.3434996 0.0003631498 -0.12473099 -0.04465273 0.40920258 0.081127055 -0.042215105 0.010878031 0.0 0.8482391 -0.028970359 0.8338206 0.15797444 -0.16321833 0.08107563 -0.1487998 -0.10586917 0.27909407 0.09795327 0.25802067 0.029354682 0.32320946 0.078195736 0.2587054 0.049930073 0.7794574 0.07854431 0.16308762 0.09509727 0.39158437 0.15194137 -0.007854111 -0.004270757 0.4477417 0.10404077 0.07031959 0.03075813 0.006757886 0.0 0.05239756260043931
-0.34786382 -0.00078448554 -0.12587027 -0.04257797 0.40814045 0.08072491 -0.036735144 0.010002167 0.0 0.8524485 -0.029106509 0.8383844 0.15786529 -0.15879849 0.08285664 -0.14473437 -0.10411514 0.2880696 0.098342314 0.25904024 0.025833223 0.33218163 0.079233795 0.26009497 0.048001632 0.7847146 0.07777105 0.14078277 -0.03239305 0.39178917 0.15065652 0.00041010516 -0.022474615 0.45030686 0.10425044 0.06912279 0.030759938 0.008069732 0.0 0.05452205170121364
-0.3522465 -0.0018227178 -0.12694393 -0.038421847 0.40727514 0.080116525 -0.031443205 0.0070564374 0.0 0.8566773 -0.02964306 0.843028 0.15735947 -0.15431882 0.08456325 -0.14066952 -0.10243928 0.29708874 0.09838683 0.25938812 0.017024094 0.34120697 0.07999651 0.26107994 0.042191602 0.79016924 0.07763562 0.16622414 0.10507032 0.39236382 0.14859027 0.010996028 -0.04229731 0.4528613 0.104245156 0.06804046 0.028025916 0.009440033 0.0 0.05680525962898692
-0.35666403 -0.0027248468 -0.1283271 -0.03406811 0.40662426 0.07925366 -0.02596176 0.00393011 0.0 0.8609408 -0.030655755 0.8477768 0.15638156 -0.14975558 0.08617343 -0.13659155 -0.10086389 0.30618337 0.09807462 0.26070607 0.01173717 0.35031468 0.08046172 0.26252335 0.03865312 0.7974972 0.0767317 0.24053168 -0.017022444 0.39604267 0.14509952 0.14930266 -0.09948174 0.4560462 0.10287291 0.09235989 -0.016428068 0.011335815 0.0 0.05846077873864512
-0.36107916 -0.0034680807 -0.12868266 -0.028729295 0.4061639 0.07801974 -0.021630185 -0.00013420152 0.0 0.86519396 -0.03236653 0.8526271 0.15471186 -0.14512433 0.08768854 -0.13255747 -0.09938984 0.3153449 0.097329356 0.26092768 0.0044834134 0.3594974 0.08048983 0.26332703 0.03137843 0.8053598 0.07214472 0.20786071 -0.08171715 0.402925 0.14069372 0.21117748 -0.08449583 0.45920295 0.10098395 0.08064251 -0.012677524 0.015227735 0.0 0.06028300777750759
-0.3655153 -0.004046433 -0.12966385 -0.02333123 0.40593937 0.076256715 -0.01680069 -0.0041612657 0.0 0.86944264 -0.035113823 0.8576551 0.15201528 -0.14036684 0.08914834 -0.12857929 -0.09798077 0.32462403 0.096007355 0.26166457 -0.0024806783 0.36879224 0.079860926 0.2642821 0.022688925 0.8137058 0.06733297 0.2559106 -0.018085727 0.41096535 0.13623455 0.22424333 -0.08009443 0.4623454 0.098497406 0.07999349 -0.019343667 0.018948937 0.0 0.06232330712422594
-0.36996496 -0.004439232 -0.13046797 -0.01688054 0.40593183 0.07395344 -0.012268882 -0.009158079 0.0 0.8736714 -0.038905784 0.86284 0.1482811 -0.13549006 0.09051344 -0.12465863 -0.096673444 0.33401036 0.09406674 0.26229215 -0.011021666 0.37818828 0.07849023 0.26508644 0.011319983 0.82161665 0.06082503 0.20000857 -0.09860732 0.41916174 0.1314092 0.22140583 -0.08232047 0.4655217 0.09533558 0.07837253 -0.026135527 0.022787074 0.0 0.0644716249663316
-0.37443227 -0.004670702 -0.1311806 -0.012023536 0.40613377 0.071120426 -0.007943526 -0.012483094 0.0 0.8778682 -0.043754086 0.86817485 0.14349519 -0.13048793 0.09179754 -0.120794624 -0.095451735 0.34348002 0.0914468 0.2620346 -0.020214235 0.3876289 0.0758447 0.26261425 -0.022033023 0.8298249 0.053733032 0.2523138 -0.03770807 0.4268341 0.12581487 0.1933436 -0.09793181 0.4687235 0.0915007 0.076820135 -0.031588934 0.02650017 0.0 0.06719077685926331
-0.37890226 -0.004735694 -0.1315317 -0.0057059824 0.40651202 0.0677734 -0.0040868483 -0.017207313 0.0 0.8820036 -0.04962208 0.8736189 0.13769035 -0.12538072 0.09297186 -0.11699601 -0.09434056 0.3529905 0.088100515 0.26120374 -0.031343784 0.39695454 0.07218479 0.25912577 -0.031015486 0.8380286 0.04558382 0.2179947 -0.08935268 0.433494 0.12004662 0.1547075 -0.06967225 0.4719434 0.08697091 0.07589849 -0.0398058 0.029832628 0.0 0.07015916588124256
-0.38338187 -0.004667018 -0.13191459 -0.0016876416 0.4070519 0.06397331 -0.00029774854 -0.019588577 0.0 0.88606787 -0.056418154 0.8791476 0.13095409 -0.12017108 0.09404579 -0.11325077 -0.093326464 0.36250883 0.084052324 0.2598232 -0.0406569 0.40646803 0.06866718 0.26577315 0.000906702 0.84636664 0.03675946 0.24825592 -0.050452817 0.43858534 0.11534422 0.099819526 -0.015067747 0.47519726 0.081765294 0.075965665 -0.046930432 0.03280584 0.0 0.07311754602297585
-0.38786396 -0.0045028836 -0.13205314 0.0021168499 0.42497325 0.06220082 0.5117649 0.09816532 0.0 0.8900416 -0.06398014 0.8847133 0.12344414 -0.11488285 0.09502657 -0.10955456 -0.092397705 0.37199542 0.07935945 0.25806004 -0.050169382 0.4133414 0.065415435 0.1687184 0.008314811 0.8546803 0.027207691 0.2294475 -0.08162843 0.44288373 0.112037785 0.09721694 0.033089332 0.47844645 0.07598605 0.07533415 -0.05335024 0.034630645 0.0 0.07188188210644395
-0.39235187 -0.0044528516 -0.1321379 -0.0038463762 0.4424988 0.061559487 0.502706 0.098127514 0.0 0.89391285 -0.07201143 0.8902843 0.11545345 -0.10952841 0.09610123 -0.10589987 -0.09136365 0.38156435 0.074675955 0.2628498 -0.029882472 0.4191978 0.061227303 0.15100673 -0.021560825 0.8626054 0.017173454 0.22575639 -0.05570622 0.447358 0.10950772 0.10594326 0.051740233 0.48158386 0.06997885 0.07137258 -0.04638682 0.03739445 0.0 0.07076471072336547
-0.39684913 -0.0043403623 -0.13241498 0.004887028 0.45975402 0.06024918 0.4940689 0.083464906 0.0 0.8976841 -0.080596104 0.8958424 0.10689485 -0.10410939 0.09707244 -0.10226769 -0.09041852 0.39129084 0.07019341 0.26725534 -0.020308828 0.42568675 0.056925863 0.17785513 -0.0037181762 0.87030774 0.006980441 0.22088252 -0.057408813 0.4526527 0.10688617 0.13947575 0.046921566 0.48462418 0.063586235 0.06980715 -0.05673375 0.037449908 0.0 0.06917496276590057
-0.40134412 -0.004180496 -0.13239065 0.003757945 0.47670418 0.05844587 0.48531893 0.078869656 0.0 0.90136147 -0.08939463 0.9013251 0.09810537 -0.098674886 0.09791135 -0.09863851 -0.08958864 0.4010339 0.06580182 0.2677464 -0.015498179 0.4320669 0.052861746 0.17283924 0.0039491737 0.87574345 -0.0012385976 0.11519413 0.05079907 0.45811483 0.10135282 0.124884486 -0.09200986 0.48713064 0.058935016 0.05415461 0.02614136 0.038244497 0.0 0.06801795738251235
-0.40583166 -0.0038660264 -0.13178574 0.013930405 0.493342 0.056056112 0.47617152 0.06317766 0.0 0.9049353 -0.09850012 0.9067196 0.08899139 -0.09323512 0.09850775 -0.09501944 -0.08898377 0.41034025 0.061383657 0.19453546 0.00988373 0.43914443 0.048653197 0.2550381 -0.0289101 0.87803215 -0.006659168 0.04764992 0.10245236 0.46366477 0.09200807 0.1419388 -0.15581544 0.4893772 0.05447659 0.04725745 -0.00029077582 0.038071085 0.0 0.06730037935754754
-0.4103025 -0.0034246359 -0.13134414 0.015742125 0.50965226 0.053143036 0.46736282 0.05606417 0.0 0.9083948 -0.10783379 0.9120046 0.07963146 -0.08781009 0.09888349 -0.091419846 -0.08858176 0.41823855 0.05800144 0.21462086 0.033055704 0.44606137 0.043929566 0.19126254 -0.014755584 0.88065547 -0.013351558 0.09592281 0.031138023 0.47013456 0.08244047 0.17894158 -0.14562151 0.49141565 0.0496669 0.043784108 -0.0014985915 0.03859828 0.0 0.06640924367229584
-0.41467547 -0.002684799 -0.12700938 0.031071523 0.5074953 0.04876476 -0.08206176 0.016599748 0.0 0.9116536 -0.11752382 0.9170852 0.06989749 -0.08249514 0.09886606 -0.087926745 -0.088555254 0.4262688 0.05467656 0.22007786 0.01937019 0.45315865 0.038719438 0.19630358 -0.033345446 0.8821943 -0.019587344 0.03385067 0.07813289 0.47714934 0.07279397 0.18841478 -0.15238374 0.49447832 0.044391494 0.08305015 -0.02098106 0.037850555 0.0 0.07032118508979703
-0.4182623 -0.0023144518 -0.092995614 0.0034444258 0.50466526 0.04499653 -0.11010539 0.044928085 0.0 0.9140492 -0.12680754 0.92128575 0.060552754 -0.07796922 0.09914753 -0.08520574 -0.08821277 0.4338725 0.051689696 0.21160826 0.038570683 0.45933083 0.03391001 0.14572884 0.0071237874 0.8838579 -0.027129926 0.066090226 0.0013339662 0.48224777 0.06510547 0.08447683 -0.034914494 0.49783924 0.038893383 0.078573555 -0.016030097 0.035331458 0.0 0.0753318282557834
-0.4223121 -0.0009933985 -0.11965437 0.06660436 0.5023558 0.04090119 -0.077688985 -0.01785281 0.0 0.91693825 -0.13596931 0.92574394 0.05132381 -0.07315267 0.09828736 -0.08195834 -0.08900575 0.44202703 0.048308916 0.24677184 -0.02324828 0.46599394 0.028526917 0.17607738 -0.056998182 0.8849847 -0.033962663 0.0125193335 0.030666426 0.48465228 0.05776383 0.02011208 -0.13634875 0.50102884 0.03290213 0.083161645 -0.06963791 0.030392513 0.0 0.07992251026550048
-0.42465073 -0.0016529406 -0.041461125 -0.071108505 0.49859172 0.038845003 -0.15027057 0.12019372 0.0 0.91813004 -0.14317149 0.92851555 0.044040665 -0.06994929 0.09943003 -0.0803348 -0.08778213 0.4486377 0.0466128 0.16868293 0.10367817 0.47075987 0.024715545 0.059006263 0.00067643035 0.88565856 -0.03962796 0.037920684 0.07421529 0.4835385 0.052924436 -0.044609528 0.10936723 0.5020694 0.029497346 -0.0065741623 0.08798154 0.031656146 0.0 0.08606537592869452
-0.42702356 -0.0015747009 -0.08904192 0.06242569 0.49480894 0.036617175 0.381873 -0.0018399787 0.0 0.91937935 -0.15036826 0.93118644 0.03675962 -0.06682888 0.09973094 -0.078636 -0.08739694 0.45463526 0.044022974 0.09031422 -0.06323778 0.4745488 0.019939674 0.12694858 -0.07112856 0.88528633 -0.045170914 -0.030003019 0.0064818645 0.48521417 0.048908815 0.17438397 -0.05741654 0.5043227 0.026315242 0.09387985 -0.02960304 0.032985747 0.0 0.08682868936020316
-0.42977265 -0.002451303 -0.0778759 -0.07965635 0.5075439 0.034848414 0.36349177 0.13613653 0.0 0.9208273 -0.15776466 0.9342784 0.02925224 -0.063145 0.10099149 -0.07659611 -0.0860254 0.4583465 0.04000485 0.08832395 0.050687734 0.47882766 0.016677674 0.11502449 0.087223664 0.8857649 -0.050235644 0.05968505 0.1366586 0.48777533 0.04610925 0.053559054 0.10028511 0.5077459 0.023969376 0.08582655 0.12828578 0.028819703 0.0 0.08830804895825936
-0.43204296 -0.0024477276 -0.057799093 0.06610058 0.5194084 0.03315634 0.33623463 -0.01292064 0.0 0.9220443 -0.16393457 0.9367121 0.022990827 -0.06022341 0.10121909 -0.07489121 -0.085706316 0.4612307 0.03595379 0.069410585 -0.09190631 0.48245364 0.013775464 0.09517389 -0.053332064 0.8862947 -0.05646795 0.00059036154 -0.12175419 0.4896825 0.043097727 0.03868815 -0.055771835 0.5103113 0.022101784 0.06173508 -0.018264968 0.0254509 0.0 0.08868508398460762
-0.43415645 -0.0031800529 -0.068141624 -0.07561363 0.53093624 0.0319111 0.33957493 0.12557428 0.0 0.9230937 -0.16955613 0.93901306 0.01726684 -0.05737609 0.10217041 -0.07329551 -0.084652565 0.4649376 0.033248514 0.12021566 0.08020002 0.4862775 0.011372786 0.11516479 0.08407735 0.88867646 -0.0625027 0.14045697 0.082575545 0.49387285 0.040617004 0.13982446 0.07582287 0.51335424 0.01893173 0.09916802 0.04223827 0.018839467 0.0 0.08898847637747688
-0.43586192 -0.0030657211 -0.035974357 0.06760973 0.541658 0.031208137 0.3004346 -0.019983847 0.0 0.92412305 -0.17337185 0.94076115 0.01338849 -0.05529395 0.1021252 -0.071932085 -0.08463514 0.46849334 0.03138346 0.08764107 -0.06098489 0.48955682 0.009525686 0.08151116 -0.058582045 0.8922759 -0.06572133 0.09281879 -0.048929665 0.49800557 0.038454156 0.10359015 -0.067339644 0.5159543 0.016068146 0.058601137 -0.08010736 0.013674043 0.0 0.0888154308956954
-0.43770385 -0.0036613888 -0.06963099 -0.07009003 0.55234414 0.031151393 0.32728717 0.11550403 0.0 0.92536235 -0.17637737 0.9426935 0.01031993 -0.053025465 0.10275256 -0.070356585 -0.08394474 0.4722391 0.030321958 0.12111316 0.078041606 0.49311167 0.008545444 0.12030113 0.08521478 0.8958883 -0.06822188 0.1282593 0.0763556 0.5022967 0.037130397 0.13512537 0.076954745 0.51865345 0.014630757 0.09353122 0.07631492 0.0077193226 0.0 0.08904505890037401
-0.43923914 -0.003420069 -0.02583226 0.0697584 0.56234515 0.031578578 0.27674687 -0.02584593 0.0 0.926654 -0.17788199 0.94421124 0.008794189 -0.051395036 0.10243268 -0.068952255 -0.08424349 0.47571158 0.029462928 0.08406107 -0.07041862 0.4966602 0.008021365 0.087978765 -0.05916998 0.8991776 -0.069035865 0.07783058 -0.041161526 0.50626403 0.036277324 0.09820702 -0.06813931 0.52182525 0.013326604 0.0767999 -0.083709024 0.0054783467 0.0 0.08839103311464194
-0.4405711 -0.003961567 -0.0510229 -0.07102168 0.5720158 0.032406077 0.2953968 0.113336936 0.0 0.92771035 -0.17913528 0.9456031 0.0075090434 -0.049833287 0.10293681 -0.06772599 -0.083707504 0.4795403 0.029257417 0.11504437 0.07690714 0.50026107 0.0077689076 0.11552766 0.08335105 0.90251625 -0.069538146 0.11886556 0.08592535 0.51021373 0.03593703 0.14287086 0.0752403 0.52519464 0.012663829 0.111745544 0.07146026 0.0020856687 0.0 0.0879268086679331
-0.44163898 -0.0036845068 -0.015613107 0.07016664 0.58106387 0.033564765 0.25353187 -0.028906867 0.0 0.92879254 -0.17927696 0.9466378 0.007371903 -0.04882279 0.10254671 -0.06666807 -0.08410215 0.4832601 0.029467976 0.09848446 -0.057031583 0.5035793 0.007734266 0.08313442 -0.06445316 0.9058433 -0.06881199 0.08148916 -0.0367862 0.5137536 0.03590115 0.07744621 -0.060824115 0.528235 0.012198586 0.07286661 -0.07912161 -0.00043941126 0.0 0.08678637351482374
-0.4426632 -0.004184058 -0.042646524 -0.070654355 0.58995265 0.035092514 0.27430624 0.11073722 0.0 0.929791 -0.17923358 0.94770783 0.0074084215 -0.047716204 0.10296481 -0.06563303 -0.083677195 0.48693293 0.03004689 0.11019521 0.08143842 0.5070073 0.008233324 0.110914685 0.08158261 0.90919286 -0.0681145 0.11173812 0.07921706 0.5175576 0.03649507 0.14871669 0.08258097 0.5313567 0.012207659 0.10554934 0.066970535 -0.0023259954 0.0 0.08604529879611636
-0.44349515 -0.0038684218 -0.009676079 0.07070057 0.5983055 0.036801342 0.23517492 -0.031378116 0.0 0.93082446 -0.178403 0.94849575 0.008262401 -0.0470531 0.10250931 -0.06472439 -0.084156096 0.49047306 0.03070461 0.10682288 -0.048320215 0.510267 0.008817355 0.087978214 -0.06625525 0.91240776 -0.066471696 0.07742583 -0.03456687 0.52083904 0.037319247 0.07008823 -0.05655383 0.53400624 0.013064385 0.06560516 -0.04639661 -0.0038248168 0.0 0.08454363302981333
-0.44423848 -0.004343608 -0.032616343 -0.07122956 0.60647607 0.03872748 0.2521536 0.10959921 0.0 0.93167746 -0.17764266 0.94927716 0.00902951 -0.046307772 0.102894574 -0.063907474 -0.0837776 0.49385118 0.031708933 0.100601375 0.080869585 0.51355994 0.009925512 0.1042189 0.08951273 0.91550446 -0.06522798 0.099269904 0.06995762 0.5243538 0.038845915 0.13317052 0.104668275 0.53673893 0.014644964 0.09190434 0.10281896 -0.0042841774 0.0 0.0835402465787414
-0.44489866 -0.004002945 -0.008209727 0.07148843 0.61423695 0.04064737 0.22189243 -0.03376127 0.0 0.93260914 -0.17643203 0.94988614 0.010270287 -0.045859557 0.10241433 -0.06313657 -0.084287986 0.49723148 0.03272437 0.097199365 -0.05376918 0.516767 0.010822692 0.08504636 -0.058185995 0.9185136 -0.06369973 0.07488947 -0.05320867 0.5273862 0.04044274 0.066668026 -0.04262745 0.5394937 0.016514657 0.07345117 -0.032091208 -0.004360378 0.0 0.08178729372216698
-0.44549507 -0.0044548796 -0.026133433 -0.071393795 0.62186676 0.04255141 0.23416485 0.10821662 0.0 0.9333212 -0.17563052 0.9505169 0.011079301 -0.045268822 0.102789685 -0.06246452 -0.083920136 0.5003726 0.03360976 0.095911406 0.07497086 0.5201228 0.012018776 0.10630979 0.089532994 0.9190309 -0.060911383 -0.029196419 0.15879135 0.53068703 0.041353483 0.115151994 0.07602977 0.5428968 0.0182609 0.11108218 0.09761698 -0.0035913668 0.0 0.08050791448595992
-0.44609404 -0.004095327 -0.009744828 0.072203 0.62918854 0.044337466 0.21223332 -0.036032468 0.0 0.93416065 -0.17457311 0.9510624 0.012163549 -0.044866454 0.10230621 -0.061768204 -0.08443045 0.5037524 0.034129284 0.08619281 -0.07186545 0.52353704 0.012634587 0.09476557 -0.06521847 0.91974825 -0.05912062 0.05260847 -0.09688294 0.53403234 0.04207638 0.11131241 -0.06314386 0.54638636 0.019585941 0.100052156 -0.04838316 -0.003956871 0.0 0.07835177119909083
-0.44654372 -0.0045305025 -0.017553182 -0.07179007 0.63631076 0.04605873 0.2146938 0.1070505 0.0 0.9346864 -0.17397265 0.95154667 0.012767757 -0.044402182 0.10268922 -0.06126246 -0.08405119 0.5071587 0.03485744 0.09578702 0.07766422 0.5269851 0.013456622 0.10425869 0.084296145 0.9202297 -0.05702319 -0.014238477 0.16524851 0.53747153 0.042937554 0.12207603 0.08586034 0.5499757 0.021 0.1114532 0.098511115 -0.001585916 0.0 0.0764366293096643
-0.4470671 -0.004164725 -0.012097613 0.07240848 0.64321554 0.047534328 0.20400015 -0.037860207 0.0 0.935372 -0.17332295 0.9520204 0.013436478 -0.044029813 0.10222798 -0.060678218 -0.08453144 0.5108008 0.035441507 0.11353278 -0.059611544 0.53051066 0.013973579 0.10329488 -0.06297219 0.92121273 -0.05571757 0.056755546 -0.105706714 0.5408437 0.04360358 0.08423853 -0.061524663 0.5536743 0.022209192 0.108624585 -0.040767506 -0.0030219068 0.0 0.0734428119053509
-0.447325 -0.0045806956 -0.00612277 -0.071861364 0.64980865 0.049041685 0.19296536 0.10549338 0.0 0.935661 -0.17295729 0.95231456 0.013801671 -0.043733202 0.10262061 -0.060386755 -0.08413835 0.5141898 0.036161527 0.089466415 0.08080879 0.53398204 0.014735991 0.09961458 0.08313971 0.92152715 -0.054126516 -0.024896732 0.1576438 0.54431826 0.044591807 0.1251638 0.09656487 0.55735505 0.023642084 0.10695448 0.103303835 -0.00050811254 0.0 0.07093283155104049
-0.44790068 -0.004245206 -0.023094278 0.07113693 0.65643805 0.050365217 0.20497917 -0.038224198 0.0 0.936364 -0.1724796 0.95284545 0.014294636 -0.043283805 0.102195464 -0.05976521 -0.08457877 0.5180232 0.03664443 0.1377711 -0.05052884 0.5377833 0.015261272 0.124689735 -0.06291854 0.92256564 -0.053232256 0.06793276 -0.11116661 0.547834 0.045316152 0.10053695 -0.056347683 0.5614061 0.024889328 0.12887885 -0.037810724 -0.0029791903 0.0 0.06723931873847315
-0.4476665 -0.004488132 0.027315965 -0.06444286 0.66219395 0.05172547 0.14977139 0.0964923 0.0 0.9361567 -0.17219225 0.95263314 0.014582425 -0.043498434 0.10245688 -0.059974898 -0.08431779 0.52102625 0.037119236 0.07350299 0.070509754 0.5409633 0.015973587 0.07577022 0.076335415 0.9223721 -0.051934894 -0.058727574 0.1442365 0.550926 0.046441615 0.052505776 0.08551804 0.5647854 0.026408637 0.07793535 0.10265316 -0.00087109755 0.0 0.06367853194399416
-0.4480356 -0.004164211 -0.036841 0.06425901 0.66829216 0.053091053 0.20922686 -0.032882243 0.0 0.9366681 -0.17161 0.95295763 0.015181068 -0.043261383 0.10205853 -0.059550907 -0.08473253 0.5249122 0.037615407 0.15661679 -0.047353726 0.5448552 0.016500236 0.14573687 -0.056169927 0.9232342 -0.051097732 0.0832761 -0.1080955 0.554413 0.047553655 0.119127885 -0.040800832 0.5687617 0.027947187 0.1452832 -0.024449615 -0.004090927 0.0 0.059283826665553443
-0.44736034 -0.0040087453 0.061162084 -0.041361474 0.6732397 0.05431901 0.106664225 0.071984164 0.0 0.93605685 -0.17129686 0.9522647 0.015501302 -0.043992195 0.10194309 -0.06020003 -0.08485508 0.5277592 0.03793004 0.036730967 0.042053837 0.5478771 0.017058667 0.049733087 0.053741302 0.9225975 -0.049922116 -0.09321931 0.11671517 0.5571827 0.048807282 0.06201238 0.08251553 0.5718077 0.029561562 0.049831424 0.08589101 -0.0019032675 0.0 0.05472507972240083
-0.44738948 -0.0034440993 -0.043076582 0.058236003 0.6786708 0.05546017 0.20644607 -0.02825209 0.0 0.93621415 -0.17089473 0.952229 0.015920084 -0.044116676 0.101332515 -0.060131505 -0.0854823 0.5315079 0.03824387 0.15907535 -0.048168298 0.5517299 0.017480636 0.15849723 -0.043121886 0.9231033 -0.04938754 0.0901142 -0.10505125 0.5604587 0.049885217 0.13046004 -0.031149521 0.5755881 0.031129662 0.15577096 -0.012236686 -0.003550997 0.0 0.04959448150232405
-0.44676292 -0.003332392 0.06299787 -0.0389748 0.68338215 0.056585193 0.09605471 0.06821424 0.0 0.93563 -0.17068037 0.95159054 0.016139086 -0.044779956 0.10126171 -0.06074045 -0.08555776 0.53463215 0.03857303 0.038868286 0.042910945 0.5550498 0.018018175 0.053231616 0.048808523 0.9229731 -0.05298436 -0.07238082 -0.103774115 0.563489 0.050670266 0.06892282 0.05994966 0.5791072 0.031941116 0.0629704 0.050877504 -0.0006724306 0.0 0.044482816150773014
-0.4467607 -0.0027129662 -0.042603526 0.05915448 0.6885076 0.05740345 0.19744185 -0.030579178 0.0 0.9356932 -0.17065102 0.9515247 0.016179428 -0.0449044 0.10061372 -0.06073583 -0.086216725 0.538493 0.038609724 0.17340402 -0.03949256 0.55899507 0.01828819 0.16562067 -0.045066472 0.92275566 -0.057537176 0.038469233 -0.19388984 0.56701285 0.050908443 0.14024581 -0.051416863 0.58340853 0.03227834 0.17328323 -0.041301485 -0.0019970534 0.0 0.0380827428595244
-0.4462123 -0.0026874181 0.058341496 -0.043627758 0.6930462 0.05829542 0.09241609 0.07143497 0.0 0.9351282 -0.17072015 0.95097756 0.016108783 -0.04544333 0.10063895 -0.061292734 -0.08618998 0.541793 0.038823225 0.060621098 0.052770153 0.5626135 0.018905511 0.066258095 0.06508619 0.9219672 -0.062153354 -0.06693384 -0.09020558 0.57031435 0.05149866 0.042270944 0.05935935 0.58742744 0.0328138 0.07844317 0.05899078 0.0003532373 0.0 0.03179231208497704
-0.44629595 -0.0021686929 -0.04400299 0.05781777 0.69800806 0.05898454 0.19077311 -0.030680714 0.0 0.93524134 -0.17084152 0.9510103 0.015994208 -0.045446906 0.10009545 -0.06121589 -0.08674028 0.54580855 0.03895584 0.15302804 -0.044836722 0.5669946 0.019445853 0.17520005 -0.027499124 0.92169935 -0.0668704 0.03343659 -0.19290997 0.57429606 0.05188037 0.1781344 -0.034145217 0.5922233 0.0329305 0.18891805 -0.052230902 -0.00077738235 0.0 0.02452882882000204
-0.44581527 -0.002221146 0.055597894 -0.046308592 0.70237464 0.05968116 0.08731236 0.07267165 0.0 0.934697 -0.17113034 0.9505422 0.015698928 -0.045880593 0.10020688 -0.061725836 -0.086622395 0.5494598 0.039465956 0.07762347 0.07578865 0.5709679 0.020389909 0.077104926 0.07634656 0.9207286 -0.07172226 -0.0713167 -0.08801355 0.57780236 0.05227205 0.05467662 0.055996154 0.59673035 0.03296579 0.09039872 0.05125558 0.0014847834 0.0 0.017026037014909484
-0.44594404 -0.0017548503 -0.04450643 0.05731438 0.7071435 0.060191255 0.18364348 -0.031622875 0.0 0.9348151 -0.17144668 0.9506285 0.015385285 -0.045808665 0.09972357 -0.061622094 -0.087108396 0.5535845 0.039684694 0.15995978 -0.04329134 0.57548267 0.021132652 0.17247681 -0.023502458 0.9204908 -0.076655485 0.037969142 -0.19345053 0.58212465 0.05248284 0.18165548 -0.036745243 0.60173637 0.03272736 0.1890275 -0.054239366 5.7388563e-05 0.0 0.008575377665460127
-0.44550687 -0.0018578717 0.05354435 -0.04831837 0.7113188 0.06075479 0.081938066 0.07325251 0.0 0.9342871 -0.17185774 0.9502106 0.014964882 -0.046176717 0.09989032 -0.062100235 -0.0869323 0.5574445 0.040326275 0.08056175 0.07986409 0.57955337 0.022009512 0.07808583 0.08018585 0.91954327 -0.08162365 -0.07198213 -0.085670836 0.58601373 0.052727543 0.070008926 0.05625662 0.6062234 0.03263533 0.09017811 0.051718634 0.0017271391 0.0 0.0
