98
-0.12637956 -0.060934607 -0.16573481 0.017641151 -0.062250245 -0.028648702 0.16573481 -0.017641151 0.0 -0.62720764 0.0062291254 -0.61925817 -0.18110228 0.3798427 -0.13870504 0.37189323 0.048626356 0.07766405 -0.060351104 0.09753245 0.06495596 0.23028322 -0.04708111 0.30448884 -0.12971497 -0.39056078 -0.14881453 -0.007509985 -0.11190977 -0.35572708 -0.18937668 0.07302902 0.13317938 -0.36207652 -0.18842332 0.008599503 0.123417675 0.0 0.0 -0.0179819787668146
-0.12265475 -0.058822986 -0.08943934 -0.10824813 -0.06012061 -0.02275037 0.08943934 0.10824813 0.0 -0.6218916 0.046579476 -0.6254024 -0.14088765 0.3744223 -0.15961164 0.37793308 0.02785548 0.076358825 -0.06129021 0.07238445 0.12925526 0.23100662 -0.062045187 0.036529493 0.016335757 -0.3995523 -0.1222893 -0.039141696 0.15948866 -0.36361644 -0.16132571 0.10163659 0.2274165 -0.3697615 -0.16175075 0.11376567 0.1531513 0.36207035 0.0 -0.019449466528820222
-0.12032467 -0.054725308 -0.06398327 -0.12400162 -0.058204148 -0.017111007 0.06398327 0.12400162 0.0 -0.617868 0.06756268 -0.6265065 -0.11973823 0.37243167 -0.16580994 0.3810701 0.021490961 0.07693997 -0.05915958 0.06421775 0.119162746 0.22814369 -0.06711357 -0.061118893 0.0600352 -0.40457615 -0.10533978 -0.063225776 0.18401088 -0.36347514 -0.14349595 0.14194779 0.2269822 -0.3685047 -0.14685664 0.20179607 0.12860192 -0.078656964 0.0 -0.020038157409733005
-0.118455075 -0.050359655 -0.049309123 -0.13083968 -0.05501406 -0.017011864 0.049309123 0.13083968 0.0 -0.61945355 0.025430731 -0.61401415 -0.16199036 0.38556495 -0.1329804 0.38012558 0.054440685 0.08295305 -0.049030636 0.051323052 0.12271819 0.23000929 -0.04749947 -0.07928858 0.07468691 -0.39830923 -0.12943244 -0.08469549 0.17374201 -0.34672627 -0.16318035 0.16065374 0.19397944 -0.35038528 -0.1685649 0.17370942 0.1750341 -0.40009436 0.0 -0.020218040338011577
-0.116309196 -0.046122625 -0.045904785 -0.13224296 -0.050530583 -0.020407528 0.045904785 0.13224296 0.0 -0.6150435 -0.06186173 -0.5819609 -0.2464201 0.4023504 -0.069979616 0.3692678 0.11457875 0.09063143 -0.031610258 0.042457093 0.1413703 0.23164941 -0.010455713 -0.08199074 0.08039058 -0.3781573 -0.18165496 -0.09328033 0.15081668 -0.31391934 -0.20570904 0.15268281 0.19750297 -0.3160378 -0.21232364 0.17379887 0.17105101 -0.6256241 0.0 -0.02052963049129236
-0.113526985 -0.042280834 -0.04277639 -0.13331209 -0.04426918 -0.02549332 0.04277639 0.13331209 0.0 -0.5891197 -0.17889225 -0.5198323 -0.35312057 0.4093854 0.016412176 0.34009802 0.1906405 0.09600079 -0.007822862 0.032153223 0.14982021 0.2263652 0.038432445 -0.07367311 0.07325276 -0.3378128 -0.24919906 -0.096757054 0.12688312 -0.26206404 -0.25695008 0.14170362 0.21031184 -0.262328 -0.26420912 0.15030202 0.20804597 -0.79220194 0.0 -0.02200313662140346
-0.11005793 -0.03905155 -0.037859097 -0.13479686 -0.03598182 -0.030648572 0.037859097 0.13479686 0.0 -0.5287098 -0.3092386 -0.41997042 -0.46198675 0.39468634 0.11795665 0.28594694 0.2707048 0.09531145 0.02052095 0.010339207 0.15748093 0.20798938 0.0931212 -0.07460776 0.06082031 -0.2725272 -0.3188911 -0.09946296 0.10468134 -0.18955724 -0.30401558 0.12749141 0.22709101 -0.18794112 -0.31119254 0.13065253 0.22609901 -0.91546106 0.0 -0.021750005045161794
-0.10611398 -0.03643261 -0.020277888 -0.13812338 -0.026079431 -0.034400653 0.020277888 0.13812338 0.0 -0.42699286 -0.43397757 -0.2815524 -0.5523132 0.34957108 0.22336914 0.20413062 0.3417048 0.085420035 0.050419778 -0.030044578 0.1570088 0.17326988 0.14623214 -0.063639 0.031640895 -0.18179429 -0.37723082 -0.1084791 0.079956904 -0.09975869 -0.33451015 0.06011154 0.2671961 -0.095721245 -0.3414717 0.087522596 0.24879496 -1.0074595 0.0 -0.019879551483741736
-0.10182332 -0.034433782 -0.0017131062 -0.13964498 -0.01540216 -0.035673104 0.0017131062 0.13964498 0.0 -0.28594735 -0.5328638 -0.11283301 -0.60488933 0.27130312 0.31838712 0.09818878 0.39041266 0.06505368 0.07746447 -0.07461102 0.1409723 0.12201951 0.19017756 -0.072840475 0.024412706 -0.07068326 -0.41178247 -0.10509873 0.04740465 -0.0004956315 -0.3395715 0.004589754 0.27993152 0.006327303 -0.34570226 0.03208083 0.262294 -1.0639311 0.0 -0.016302811350165425
-0.09720041 -0.03349555 0.000446811 -0.13988039 -0.004792098 -0.03392388 -0.000446811 0.13988039 0.0 -0.11830325 -0.58845836 0.06830003 -0.60677415 0.1659841 0.38844332 -0.020619184 0.40675908 0.03621789 0.096853144 -0.09338484 0.108170874 0.05896625 0.2177641 -0.0563986 0.0108972145 0.049578954 -0.41374078 -0.07917249 0.024131127 0.096554145 -0.31574488 -0.05616064 0.26911095 0.1060761 -0.3198286 -0.019413298 0.26460943 -1.072662 0.0 -0.011547674322786972
-0.092491046 -0.033905957 0.0012762098 -0.14023927 0.0047912956 -0.029147701 -0.0012762098 0.14023927 1.0 0.058054533 -0.59266907 0.24187987 -0.55573 0.044871423 0.4246718 -0.13895391 0.38773274 0.0027465664 0.10567011 -0.10060613 0.06881627 -0.00832111 0.22545326 -0.021678345 0.00087417435 0.16613561 -0.3810361 -0.04727567 0.009100492 0.18062335 -0.26576662 -0.10437314 0.23458175 0.19208871 -0.26654956 -0.07191117 0.24550676 -1.065229 0.0 -0.010764844011468822
-0.09055219 -0.034531012 0.0036095425 -0.04370842 0.013940818 -0.032324024 0.017494991 -0.19261216 0.0 0.22435854 -0.5494743 0.39000753 -0.46162975 -0.07849675 0.42183146 -0.24414572 0.3339869 -0.030190218 0.103730924 -0.06691014 0.096314654 -0.069799535 0.21235578 0.11594053 -0.029005751 0.26730126 -0.3204584 -0.012510242 -0.09332757 0.24440444 -0.19907123 -0.1258128 0.10731975 0.2562201 -0.19614448 -0.11243042 0.11288883 -1.0294567 0.99444443 -0.010973332719067634
-0.08968531 -0.03538272 -0.0048836325 -0.0367035 0.025022864 -0.0333559 0.08738994 -0.17906386 0.0 0.36569515 -0.4662645 0.50111544 -0.33658183 -0.19052535 0.3856598 -0.32594565 0.25597715 -0.060305 0.0959108 -0.07723094 0.1530233 -0.12091483 0.1841556 0.11753126 -0.048838533 0.3454132 -0.2387584 0.027708957 -0.09741107 0.28491992 -0.12306394 -0.1289557 0.04897553 0.29578403 -0.11649531 -0.120116815 0.06807686 -0.9731319 0.9611111 -0.011436733213616067
-0.0885387 -0.03640422 0.015831476 -0.043265317 0.03700726 -0.030162673 0.117370866 -0.1379597 0.0 0.47586328 -0.35102773 0.572011 -0.19005612 -0.28650433 0.32273176 -0.38265207 0.16176014 -0.087593615 0.08119572 -0.11697408 0.14264242 -0.16138066 0.1453107 0.11861808 -0.0015610724 0.39788866 -0.14117396 0.042365447 -0.07753835 0.30239546 -0.04202547 -0.1512709 0.031761352 0.31129357 -0.032924633 -0.1405736 0.021721361 -0.9663934 0.92777777 -0.013018941537313408
-0.08746575 -0.03760643 0.01922452 -0.04430896 0.048495565 -0.022966066 0.15101945 -0.0934207 0.0 0.5487065 -0.21723102 0.60082656 -0.03712066 -0.35976204 0.24085325 -0.41188216 0.06074289 -0.11019153 0.060178883 -0.1411492 0.11666454 -0.1888978 0.10056346 0.121561706 0.028537972 0.4230142 -0.037406847 0.071234815 -0.0528509 0.29806322 0.036190238 -0.14963108 0.00464001 0.30479416 0.04688326 -0.13594237 -0.006549142 -0.89987534 0.89444447 -0.014274562923070288
-0.08643779 -0.03868556 0.03033493 -0.03282977 0.058087807 -0.012704605 0.16257057 -0.05796711 0.0 0.5836571 -0.079282805 0.59141546 0.10805661 -0.40772814 0.14943445 -0.41548645 -0.037904974 -0.12693217 0.034759082 -0.16579223 0.07461498 -0.20360671 0.054375034 0.110522695 0.047303457 0.42257857 0.063092574 0.08253893 -0.035274968 0.27591896 0.10481139 -0.14759704 -0.039295096 0.28060833 0.116398886 -0.1240531 -0.05198611 -0.8442722 0.8611111 -0.014096877758583641
-0.08531588 -0.03958796 0.03880528 -0.019109946 0.06502272 -0.00073586096 0.16365452 -0.026723169 0.0 0.5857622 0.049100537 0.5529508 0.23370731 -0.4316187 0.05871321 -0.3988073 -0.12589356 -0.13749318 0.0076558446 -0.17984788 0.030375628 -0.20723233 0.011385096 0.09590244 0.06267994 0.40202075 0.15202503 0.08644071 -0.020497574 0.24220014 0.15933712 -0.1392815 -0.07370592 0.24512863 0.17135042 -0.11310018 -0.08378142 -0.7424763 0.8277778 -0.012005898411823063
-0.083972834 -0.040304575 0.045624632 -0.0032670202 0.06934588 0.011182611 0.15634134 -0.0043208455 0.0 0.5652135 0.15625103 0.4989908 0.33166713 -0.43656167 -0.02152059 -0.37033898 -0.19693668 -0.14280431 -0.018083813 -0.18521339 -0.011585939 -0.20302132 -0.024554217 0.08114069 0.066241086 0.37008554 0.22309054 0.08445161 -0.01145924 0.20451818 0.19764286 -0.1254796 -0.10679916 0.2061253 0.20977856 -0.09577326 -0.11418542 -0.61642534 0.79444444 -0.009886946073758784
-0.08252628 -0.040929005 0.046909973 0.004921275 0.07212567 0.021317527 0.14882657 0.015301482 0.0 0.53619343 0.23371676 0.4460578 0.3981303 -0.43081447 -0.082593106 -0.34067884 -0.24700665 -0.14503202 -0.03920128 -0.18235265 -0.03864301 -0.19516583 -0.050202694 0.070771135 0.07373429 0.33806202 0.27268463 0.08365352 -0.0017811189 0.17110807 0.22011875 -0.11079129 -0.12412094 0.17207393 0.2322103 -0.07667219 -0.12999478 -0.43278813 0.76111114 -0.007948472532495955
-0.08102423 -0.041529704 0.047226008 0.010721195 0.07453622 0.028970582 0.14062947 0.026917234 0.0 0.5100855 0.28307042 0.40479323 0.43821478 -0.42264345 -0.123344235 -0.31735113 -0.2784886 -0.14670627 -0.05465756 -0.17847416 -0.0564607 -0.18736106 -0.06579657 0.06390999 0.07696043 0.31355515 0.30363008 0.08233832 0.00446398 0.14619389 0.23076054 -0.098480806 -0.13389179 0.14722745 0.24274866 -0.060024932 -0.1403522 -0.28053042 0.7277778 -0.00601268271458346
-0.07945488 -0.042131197 0.04825815 0.014188829 0.077393934 0.033923887 0.1324719 0.031989764 0.0 0.49293947 0.3089387 0.37966302 0.4583532 -0.41721427 -0.145788 -0.30393782 -0.2952025 -0.14961563 -0.06450787 -0.17672369 -0.0661464 -0.18162473 -0.072856344 0.059601344 0.077538185 0.29996505 0.31990907 0.08024426 0.0073286686 0.1308235 0.23339127 -0.09118033 -0.13774683 0.13250847 0.2451986 -0.05314598 -0.14703341 -0.12759855 0.6944444 -0.004211268918357304
-0.07736432 -0.04251792 0.05444207 0.03297628 0.08057294 0.036432546 0.12038976 0.016202651 0.0 0.48349229 0.3197022 0.3666558 0.4663497 -0.41546413 -0.15677825 -0.29862764 -0.30342573 -0.15146004 -0.06781535 -0.07840482 0.05978466 -0.18422018 -0.07698215 -0.20022695 -0.028219106 0.29465494 0.3268452 0.07356562 -0.00930315 0.12205367 0.23122904 -0.089144126 -0.15799367 0.12453221 0.24279386 -0.061426077 -0.16636905 -0.05766386 0.6611111 -0.0022248220240376135
-0.0752109 -0.042935796 0.05855589 0.029311916 0.08424566 0.0373046 0.111509256 0.019121217 0.0 0.4805128 0.32024541 0.36320186 0.46651366 -0.41689542 -0.15914458 -0.2995845 -0.30541283 -0.1558398 -0.06575378 -0.16108772 0.06804301 -0.19067226 -0.07903003 -0.19793142 -0.05110992 0.29599658 0.32762372 0.06922639 -0.0038272047 0.11828051 0.22631685 -0.08877084 -0.15589902 0.121504016 0.23768213 -0.06883036 -0.16149299 0.020282501 0.62777776 8.498360040735259e-05
-0.07299758 -0.043409392 0.060780108 0.0294429 0.08833843 0.03661523 0.10545952 0.015332659 0.0 0.48302034 0.31233275 0.36781988 0.46026888 -0.42117292 -0.15413357 -0.30597243 -0.30206972 -0.16256632 -0.06153481 -0.17672293 0.05138031 -0.19836585 -0.07874207 -0.19054298 -0.08527957 0.30297887 0.32311678 0.06744409 -0.007882045 0.11854399 0.21928881 -0.08532532 -0.15733886 0.12241827 0.2304713 -0.07455102 -0.16061327 0.07394403 0.59444445 0.002369189949779728
-0.07071654 -0.043903057 0.06357323 0.028419627 0.09266299 0.034572028 0.09940524 0.01076885 0.0 0.4891847 0.2981617 0.3780393 0.44916812 -0.4273284 -0.14360741 -0.316183 -0.29461387 -0.17027877 -0.055361655 -0.18229814 0.048416905 -0.2063762 -0.07710966 -0.16453195 -0.1276269 0.3138819 0.31438586 0.06552376 -0.012923798 0.12156637 0.21067424 -0.081996575 -0.15782236 0.12580377 0.22170603 -0.08581316 -0.15759854 0.11483717 0.5611111 0.004632252804807696
-0.06836178 -0.0444024 0.06637312 0.027440092 0.0969871 0.031470083 0.09355195 0.0051058354 0.0 0.49715057 0.2798421 0.39138934 0.4346672 -0.43434453 -0.1293927 -0.3285833 -0.2842178 -0.17838384 -0.04764411 -0.18672921 0.04692906 -0.21368562 -0.07475239 -0.122101545 -0.15784001 0.32693526 0.30254754 0.06348629 -0.01896381 0.126188 0.20087412 -0.07593876 -0.16062506 0.1304635 0.2119062 -0.08950038 -0.15404114 0.1360438 0.5277778 0.006874578961691753
-0.0659344 -0.04492176 0.069627345 0.025255008 0.10110013 0.027655974 0.087202646 0.00030449443 0.0 0.5054059 0.25928906 0.40579513 0.418141 -0.4414153 -0.113116406 -0.34180456 -0.27196836 -0.18653038 -0.038930718 -0.1913898 0.046904095 -0.21990517 -0.07176814 -0.087409995 -0.16497113 0.34064293 0.28874403 0.060865518 -0.022855349 0.1313022 0.19034334 -0.07634496 -0.16066715 0.13544504 0.20151265 -0.094705924 -0.15082905 0.14582868 0.49444443 0.009065112546112794
-0.0634403 -0.045497563 0.073262535 0.021598564 0.10487489 0.023377083 0.08032348 -0.0029949844 0.0 0.5131613 0.23761047 0.42014775 0.4004132 -0.44813344 -0.09565916 -0.35511988 -0.2584619 -0.19455005 -0.029525552 -0.19636442 0.048335675 -0.22517352 -0.06817659 -0.0629927 -0.16182527 0.35419005 0.2737678 0.05764399 -0.021082401 0.13620466 0.17944624 -0.081682585 -0.15751205 0.14017206 0.19080652 -0.10096227 -0.14696127 0.14994892 0.4611111 0.011229680672072834
-0.06087334 -0.046113692 0.07649638 0.018811012 0.10824572 0.018816007 0.07365736 -0.0068595377 0.0 0.5199312 0.2156842 0.43368772 0.38217238 -0.4542492 -0.07779286 -0.36800572 -0.24428104 -0.20233753 -0.019754153 -0.20094566 0.048767935 -0.22998011 -0.064260624 -0.062142618 -0.15875112 0.3670395 0.25823835 0.054829568 -0.020837186 0.1405039 0.16844444 -0.08662229 -0.15475562 0.14428578 0.18001178 -0.10623374 -0.14409545 0.14767078 0.42777777 0.013303247415443226
-0.05822598 -0.04675046 0.07960187 0.016332768 0.11118055 0.014145141 0.06693913 -0.010520282 0.0 0.5254308 0.1942876 0.44587734 0.3640742 -0.4596513 -0.06021099 -0.3800978 -0.2299976 -0.20986053 -0.009950071 -0.20568514 0.048209447 -0.23488227 -0.06038677 -0.07797703 -0.15696083 0.37882128 0.24269727 0.05202418 -0.020947969 0.14394234 0.15757154 -0.09276199 -0.15174167 0.14757368 0.16933575 -0.1101524 -0.14213112 0.1410928 0.39444444 0.015279155273117795
-0.055496767 -0.047416076 0.08277636 0.013369754 0.1136724 0.009533822 0.06001188 -0.013053348 0.0 0.52956027 0.17403856 0.45641577 0.34668308 -0.46435505 -0.043420862 -0.39121056 -0.21606539 -0.2171511 -0.0003726046 -0.21066236 0.04758378 -0.24036634 -0.05673761 -0.10869691 -0.15156631 0.38933942 0.22763486 0.049043372 -0.020085009 0.14639094 0.14704803 -0.09873368 -0.14794803 0.1499846 0.15896256 -0.110950455 -0.14036146 0.13119945 0.3611111 0.0171927396535451
-0.054690056 -0.049775325 0.024607912 -0.08351629 0.11706735 0.006560837 0.11430826 0.07806852 0.0 0.5347267 0.1538903 0.4687924 0.32941502 -0.4673394 -0.022234328 -0.40140513 -0.19775905 -0.22205952 0.009776583 -0.121433005 0.0028118375 -0.24276742 -0.047455944 0.06296199 0.03810322 0.40132254 0.21289583 0.10732966 0.07439881 0.15007558 0.13824964 -0.044262573 -0.04999067 0.15384285 0.15023366 -0.05201203 -0.044075053 0.15741336 0.32777777 0.0184641334581805
-0.05510954 -0.05270208 0.015770279 -0.08694549 0.121061325 0.008284338 0.11943473 0.08054073 0.0 0.5353485 0.15242545 0.47084504 0.328481 -0.46811786 -0.015537469 -0.4036144 -0.191593 -0.22528283 0.0109098395 -0.07996726 -0.030178698 -0.24010773 -0.043198645 0.1058662 0.089287944 0.40694073 0.21222758 0.11714851 0.07960751 0.14995037 0.13538377 -0.03304253 -0.04650557 0.15365173 0.14748274 -0.035988957 -0.042993132 -0.05862336 0.29444444 0.019974945645677464
-0.055623785 -0.055714842 0.020807832 -0.08891059 0.12430204 0.016823146 0.11097904 0.08874468 0.0 0.52706814 0.17989899 0.45452398 0.35279664 -0.4675968 -0.034105442 -0.39505267 -0.2070031 -0.22801617 -0.000597932 -0.0696762 -0.03324454 -0.23427404 -0.05030133 0.103319116 0.12867899 0.40059128 0.23376566 0.11313011 0.09167284 0.142516 0.14058365 -0.030479612 -0.044639233 0.14562172 0.15290686 -0.030245474 -0.043154188 -0.24005878 0.2611111 0.021397347697158925
-0.056255016 -0.05881508 0.025264718 -0.09114991 0.12576613 0.031083688 0.102565266 0.102255404 0.0 0.5083489 0.22852027 0.42090362 0.3943804 -0.46368366 -0.071994305 -0.3762384 -0.23785442 -0.22916286 -0.021877762 -0.058592256 -0.035889335 -0.22611831 -0.06516751 0.07590518 0.17713283 0.3821786 0.27162105 0.10853764 0.1081839 0.1288559 0.15105551 -0.020760821 -0.042373285 0.13089366 0.16363491 -0.019573666 -0.041443523 -0.3703812 0.22777778 0.023059120279969147
-0.057198748 -0.061952557 0.026795652 -0.09435466 0.12437832 0.049584292 0.09553786 0.11968101 0.0 0.477058 0.2896501 0.37077445 0.44411713 -0.45304963 -0.12272839 -0.3467661 -0.27719542 -0.22656336 -0.049893137 -0.04139146 -0.03609803 -0.21462183 -0.08491747 0.07341014 0.18500836 0.3511088 0.31891042 0.10216929 0.13350281 0.10999842 0.16377036 -0.00407621 -0.037015256 0.11058004 0.17652342 -0.0032268758 -0.036393538 -0.46108156 0.19444445 0.025432264923709424
-0.058604248 -0.06503947 0.026981333 -0.09805738 0.11915203 0.070891276 0.08757881 0.13892995 0.0 0.4314336 0.35598883 0.3048345 0.4942962 -0.43280467 -0.1808989 -0.3062056 -0.31920627 -0.21835175 -0.08194034 -0.019760273 -0.033186432 -0.1988705 -0.106996074 0.062400345 0.20126125 0.30666995 0.3695826 0.090265766 0.15947087 0.08673214 0.17633568 0.017208895 -0.02760863 0.08556668 0.18905956 0.017635396 -0.027282337 -0.5271577 0.16111112 0.0278560004500209
-0.060455 -0.067797884 0.024067644 -0.09698693 0.109357834 0.093429014 0.080032475 0.15344681 0.0 0.3706176 0.42121956 0.22427115 0.5384329 -0.40086663 -0.24208152 -0.25452018 -0.35929486 -0.20513271 -0.1144436 -0.057513874 -0.004947095 -0.17711188 -0.13076906 0.0906002 0.16889766 0.24874377 0.4172164 0.08008653 0.13102566 0.05981654 0.1867906 0.042046737 -0.01856497 0.05671101 0.19918369 0.041800264 -0.018673904 -0.5764759 0.12777779 0.030253745901865636
-0.06281403 -0.07023177 0.02309515 -0.09956996 0.09438711 0.1159492 0.06771084 0.17062533 0.0 0.29445824 0.48021567 0.13066246 0.5714691 -0.35602272 -0.30210832 -0.19222693 -0.39336178 -0.1834296 -0.1480589 0.02481912 -0.02886707 -0.15193014 -0.15103836 0.00668869 0.23542158 0.17702048 0.4596566 0.006543525 0.23404057 0.029879285 0.19393706 0.064151816 -0.00096338306 0.024738176 0.20562737 0.063396506 -0.0014184213 -0.6197974 0.094444446 0.03132151477682102
-0.06567169 -0.07212155 0.016714811 -0.10263803 0.07412604 0.13691366 0.058111947 0.18632545 0.0 0.20430702 0.52793074 0.026986724 0.5888714 -0.2980301 -0.35683683 -0.120709814 -0.41777748 -0.15299137 -0.17863448 0.051781785 -0.011017745 -0.12256774 -0.16773343 0.036701296 0.2281709 0.094476685 0.48911098 0.08781023 0.12002682 -0.0020864978 0.19671112 0.08893888 0.022058567 -0.00923659 0.20728646 0.08800735 0.021282112 -0.6518207 0.06111111 0.031474520363978666
-0.06914245 -0.07319351 0.0043828813 -0.11126166 0.04857101 0.15509811 0.05196262 0.20491986 0.0 0.10149743 0.56039625 -0.08408681 0.5871309 -0.22667146 -0.40265173 -0.04108722 -0.42938635 -0.114498936 -0.20389195 0.08288459 0.010444197 -0.08900344 -0.17964488 0.008180134 0.243164 0.001789309 0.5044141 -0.028790435 0.2199632 -0.035286512 0.19449116 0.11657929 0.054929517 -0.044327307 0.2034963 0.11513875 0.05337596 -0.69456565 0.027777778 0.03133916139863783
-0.0700614 -0.07239333 -0.056003403 0.02699424 0.018260844 0.16605201 0.091364875 0.07337723 0.0 -0.012751347 0.57031876 -0.19991618 0.5591128 -0.14015096 -0.43909967 0.047013868 -0.4278937 -0.06873829 -0.22591291 0.06329197 -0.16592886 -0.05034969 -0.19065303 0.060091503 -0.0015738333 -0.09801761 0.49781498 0.14536119 0.022052834 -0.06859644 0.18338352 0.18609363 -0.054410387 -0.07929656 0.19032897 0.18530418 -0.0558777 -0.7508658 0.0 0.03189913711910136
-0.06705527 -0.06986782 -0.09880484 0.10094133 0.0018285335 0.16794953 0.12116523 0.00022899095 0.0 -0.078590035 0.56209046 -0.2630268 0.5283364 -0.08300546 -0.4553263 0.1014313 -0.42157227 -0.037660822 -0.23985958 0.09602521 -0.24260987 -0.023072783 -0.19767518 0.13998555 -0.110930994 -0.15450948 0.48205736 0.036954492 -0.030282404 -0.08273915 0.17089017 0.23149414 -0.110679634 -0.09423227 0.17641681 0.23036528 -0.11309079 -0.22567573 0.0 0.03180134529524675
-0.06270853 -0.068120144 -0.059122197 0.12615836 0.005991822 0.16727804 0.08143886 -0.027778374 0.0 -0.07299184 0.5585427 -0.25761297 0.52581215 -0.083049804 -0.45883384 0.10157132 -0.42610326 -0.0367554 -0.24842954 0.04994827 -0.267621 -0.020222735 -0.20224176 0.10352711 -0.15526967 -0.14861527 0.48111755 0.1406266 -0.066951126 -0.074812226 0.16709965 0.19170558 -0.13268219 -0.0863198 0.17260112 0.19031745 -0.13534807 0.18542092 0.0 0.0328540965219856
-0.058119416 -0.06695624 -0.04356846 0.13238952 0.024690531 0.16457553 0.07445105 -0.039151978 0.0 -0.017154902 0.5584988 -0.20407489 0.5437621 -0.12547919 -0.4531445 0.061440792 -0.43840778 -0.059838664 -0.25295106 0.020988377 -0.27233666 -0.036824074 -0.20523925 0.08074536 -0.17968735 -0.09984149 0.49058267 -0.015657118 -0.07632447 -0.052300088 0.16851375 0.17623605 -0.14675632 -0.06328927 0.17498775 0.17401554 -0.1503192 0.45914513 0.0 0.03336274900783722
-0.053534232 -0.06595473 -0.016159791 0.13723564 0.052851584 0.15669972 0.060383826 -0.052447114 0.0 0.07316935 0.54938054 -0.11369703 0.564782 -0.19583832 -0.43183866 -0.0089719305 -0.44724017 -0.10041583 -0.24934039 -0.025192188 -0.27282202 -0.068594 -0.2030886 -0.0038729254 -0.18729295 -0.018249607 0.49720934 0.106308505 -0.10214318 -0.019622022 0.16896778 0.1457262 -0.16774149 -0.02953287 0.1769957 0.1426233 -0.17144492 0.66169196 0.0 0.03432664401357788
-0.049001083 -0.06539108 0.028460734 0.13167605 0.08508366 0.14046296 0.03060089 -0.059699625 0.0 0.18345264 0.5182196 0.0037085842 0.5715893 -0.2809298 -0.38704568 -0.101185754 -0.44041535 -0.15240067 -0.23222193 -0.094439864 -0.2571226 -0.11175428 -0.19050469 -0.12009551 -0.16360912 0.08383492 0.48746657 -0.06924861 -0.063555494 0.018802395 0.16304043 0.09369566 -0.1851874 0.010619988 0.17282633 0.08999113 -0.18820216 0.7992612 0.0 0.03555563576004029
-0.044462916 -0.06476 0.045985993 0.126999 0.11586854 0.11468991 0.026113592 -0.07205061 0.0 0.29617447 0.4577783 0.13355684 0.5511151 -0.36423942 -0.3161789 -0.2016218 -0.40951568 -0.20658141 -0.19882484 -0.13522832 -0.23711087 -0.15813427 -0.1634917 -0.1681493 -0.09977978 0.1935941 0.45166197 0.044073515 -0.13786718 0.057810333 0.14744961 0.06327292 -0.2027151 0.05195219 0.15878493 0.0588923 -0.20482516 0.864097 0.0 0.03744694603666232
-0.040136334 -0.063676566 0.06042245 0.116855726 0.14074662 0.080457404 0.020658318 -0.08198646 0.0 0.39617255 0.36837342 0.2610592 0.49837583 -0.43228707 -0.22222875 -0.2971737 -0.35223117 -0.25465393 -0.14960304 -0.17094778 -0.20557745 -0.19875962 -0.1217365 -0.15574865 -0.036980715 0.296129 0.38836724 -0.073164016 -0.04109371 0.092673555 0.121787205 0.029845042 -0.21508434 0.08957145 0.13416833 0.024815038 -0.21617413 0.8962762 0.0 0.03907128458854275
-0.035978723 -0.06256953 0.088709 0.09059312 0.15609652 0.040801443 -0.0038512358 -0.077041015 0.0 0.47147304 0.25682402 0.37236938 0.41599283 -0.47653097 -0.112560116 -0.37742728 -0.27172893 -0.29083148 -0.08783793 -0.21498103 -0.15495369 -0.22737148 -0.06917672 -0.13108255 -1.5995576e-05 0.38080052 0.30077606 -0.021923799 -0.14402883 0.11903743 0.088295564 -0.019731618 -0.20450453 0.118868716 0.10105983 -0.02567688 -0.20442949 0.8901887 0.0 0.04103709654945479
-0.03200104 -0.061772157 0.10191704 0.054012895 0.16059676 0.0011712306 -0.018493025 -0.06038301 0.0 0.51473445 0.13818884 0.45534077 0.31603327 -0.4931629 -0.000732911 -0.43376923 -0.17857735 -0.31145766 -0.021074183 -0.2385786 -0.0915654 -0.24106033 -0.013918062 -0.103113525 0.0032074586 0.4377522 0.20248292 -0.089700505 0.018310515 0.13425995 0.05187766 -0.056802113 -0.18062532 0.13684534 0.06439118 -0.06329049 -0.17882933 0.81444377 0.0 0.044391521305519654
-0.027884522 -0.05971733 0.104642645 0.0925022 0.1557044 -0.037246674 -0.026741598 -0.116318665 0.0 0.52860963 0.01980305 0.5095503 0.20633185 -0.48526996 0.10468189 -0.4662106 -0.08184691 -0.31557325 0.042457633 -0.16801651 -0.2134278 -0.23927903 0.038516026 0.028713757 -0.04204637 0.4687093 0.098859236 -0.06624358 -0.16751236 0.1391999 0.014283523 -0.08021788 -0.22502238 0.14421733 0.026057186 -0.08744786 -0.22111255 0.78331566 0.0 0.04744234350953016
-0.024345625 -0.057130206 0.11208256 0.06418834 0.14246766 -0.07353154 -0.043050453 -0.10323933 0.0 0.5165559 -0.09720777 0.5383099 0.08902599 -0.45493683 0.20504732 -0.47669083 0.018813564 -0.3046184 0.10326699 -0.14780055 -0.20073129 -0.22448719 0.08732657 0.023880273 -0.07080704 0.47594655 -0.0069503086 -0.088754855 0.0001838151 0.13507849 -0.02295985 -0.11387135 -0.20045266 0.1422992 -0.012354738 -0.12061383 -0.19463144 0.7875899 0.0 0.04840993546647346
-0.021326624 -0.05485811 0.09564526 0.03207725 0.12210842 -0.10483069 -0.037964262 -0.08341833 0.0 0.48084456 -0.20514032 0.5413866 -0.027683537 -0.4050496 0.29520738 -0.46559164 0.11775059 -0.28167066 0.15968728 -0.15602015 -0.16006322 -0.20044583 0.13016732 0.025575763 -0.07674949 0.46097115 -0.10916576 -0.082110755 -0.11506923 0.12278319 -0.056610256 -0.116811775 -0.165494 0.13182567 -0.047527313 -0.124375954 -0.1581018 0.75034404 0.0 0.047784876421823844
-0.019381952 -0.053634074 0.043980755 -0.005126747 0.09808069 -0.12909667 0.0011328998 -0.055018038 0.0 0.42822868 -0.2966262 0.52280784 -0.134728 -0.34064925 0.36969426 -0.43522844 0.20779607 -0.24946766 0.20848186 -0.12639347 -0.10992996 -0.16972925 0.1644884 0.039403535 -0.08939135 0.42830366 -0.19864738 -0.016841589 0.0640389 0.10528969 -0.08430127 -0.086714126 -0.12389768 0.11572092 -0.07689509 -0.09375691 -0.11489106 0.6993847 0.0 0.047796212329847494
-0.018964432 -0.05325978 -0.0021237324 0.009921805 0.073929 -0.14678855 0.03485533 -0.0753975 0.0 0.3676506 -0.36850587 0.489684 -0.22615384 -0.2695269 0.42469087 -0.3915603 0.28233886 -0.21215932 0.24644493 -0.10084233 -0.10705582 -0.13642569 0.18847752 0.040442105 -0.121245675 0.38578454 -0.27303705 0.0015941183 -0.094256096 0.08589788 -0.1058735 -0.055403773 -0.13121818 0.0972673 -0.100151576 -0.06188233 -0.12235265 0.6148121 0.0 0.04725949217312872
-0.02029205 -0.05381803 -0.06327905 0.027709812 0.04643198 -0.16121665 0.082382426 -0.09637266 0.0 0.2917452 -0.43264663 0.43872502 -0.31622854 -0.18217157 0.46766394 -0.32915142 0.35124582 -0.16391023 0.27917403 -0.05418043 -0.10374795 -0.09644983 0.20644331 0.061401576 -0.14216101 0.3277239 -0.3423684 0.07227382 0.033392493 0.062727876 -0.12476272 -0.01268823 -0.13879496 0.074780576 -0.12098369 -0.018659206 -0.1287126 0.7438424 0.0 0.04674469413131354
-0.02277679 -0.055863578 -0.10613935 0.0407294 0.009737578 -0.17137744 0.10831077 -0.11008664 0.0 0.18340752 -0.49101186 0.35385218 -0.41287822 -0.0628605 0.49616003 -0.23330517 0.4180264 -0.09442351 0.3072766 -0.026417607 -0.08210239 -0.042733017 0.2182653 0.07516461 -0.15199742 0.23992215 -0.41266266 0.09459798 -0.12156138 0.03096819 -0.14067799 0.014967319 -0.13716362 0.043407895 -0.13951801 0.010071597 -0.12687911 0.94431883 0.0 0.0465542982118186
-0.025114622 -0.058980536 -0.106909014 0.044750873 -0.036594916 -0.17114167 0.08972054 -0.11008904 0.0 0.039522618 -0.5247783 0.22515428 -0.4983749 0.084336214 0.4916606 -0.10129544 0.4652572 -0.004390294 0.31946954 -0.03209004 -0.04813267 0.02253574 0.21627842 0.04911592 -0.13828099 0.11601108 -0.46564808 0.13221714 0.01375782 -0.010796364 -0.1478781 -0.0063107572 -0.11458392 0.0013881058 -0.14992781 -0.008467054 -0.10334657 1.1012433 0.0 0.04591728571177009
-0.026189577 -0.06298416 -0.12238047 0.034055546 -0.087036856 -0.1540072 0.08612611 -0.08894237 0.0 -0.12714063 -0.51152444 0.057152573 -0.5460537 0.24130858 0.4368433 0.057015385 0.47137257 0.097586855 0.3037192 -0.008176284 0.01236701 0.09186266 0.19351022 0.052825633 -0.10080893 -0.03604902 -0.4806371 0.075432144 -0.09771078 -0.05820804 -0.13955559 -0.0031297493 -0.07133819 -0.047304165 -0.14504083 -0.0027017496 -0.060750283 1.2240771 0.0 0.045202589651286394
-0.02529252 -0.0673416 -0.13190971 0.020567106 -0.13214025 -0.11751339 0.08041373 -0.058644585 0.0 -0.2907831 -0.43826342 -0.12953708 -0.53395027 0.38079274 0.3260285 0.21954672 0.42171535 0.1964598 0.25329012 0.023991823 0.06628468 0.15418826 0.1472968 0.058245108 -0.06714138 -0.19450189 -0.4403819 0.18551402 0.017727444 -0.10281221 -0.11233299 0.00088558724 -0.015201941 -0.09432134 -0.120884776 0.0048737377 -0.0049522934 1.2666667 0.0 0.04353555461734263
-0.022287812 -0.06851019 -0.075520545 -0.09372982 -0.16352361 -0.064296946 0.015669275 0.07623509 0.0 -0.4210872 -0.31001157 -0.30276483 -0.4554628 0.4729752 0.17558981 0.35465282 0.32104105 0.273102 0.17159781 0.032872755 0.050405543 0.19506423 0.083492704 -0.024909591 -0.0068668663 -0.3320134 -0.3453964 0.0014275234 0.072482966 -0.13587208 -0.067001835 -0.028050702 0.1559662 -0.13103943 -0.077863745 -0.037033115 0.15767418 1.2666667 0.0 0.04098950604917863
-0.018369628 -0.067246825 -0.083063506 -0.089597665 -0.17319328 -0.02062632 0.02240849 0.086983934 0.0 -0.47997028 -0.19758043 -0.3998364 -0.3670939 0.5042353 0.060286883 0.42410144 0.22980033 0.30672854 0.102294125 -0.0043991446 0.017547831 0.20829906 0.03470276 -0.035970576 0.012681293 -0.40175533 -0.25274256 0.14749508 0.11614291 -0.14768004 -0.026980154 0.0063623684 0.17156522 -0.14596991 -0.038536236 -0.0093302755 0.17424951 0.6163769 0.0 0.03784047335023648
-0.01476589 -0.065484375 -0.07478659 -0.087408334 -0.17355658 -0.0022779584 0.0157369 0.09008276 0.0 -0.49275646 -0.15157154 -0.42788777 -0.32749283 0.51035917 0.01847351 0.44549045 0.19439481 0.31403086 0.07579138 -0.02433528 0.03520968 0.20901987 0.016931463 -0.052495517 0.025072426 -0.42025316 -0.21313636 -0.0003798383 0.08668243 -0.14850637 -0.008186496 0.03431425 0.16298634 -0.1490525 -0.019701026 -0.01808328 0.1687281 0.12040346 0.0 0.0341580556716964
-0.01124881 -0.06366638 -0.07822266 -0.08706288 -0.17276238 -0.004657141 0.020677004 0.08787273 0.0 -0.48521194 -0.16385895 -0.41488907 -0.3376719 0.5121134 0.037383318 0.44179055 0.21119627 0.31059182 0.086862095 -0.02836479 0.04158808 0.2066765 0.024268568 -0.048764918 0.024148056 -0.4105828 -0.22266975 0.14445074 0.11264817 -0.14650826 -0.0074311993 0.06365722 0.15333074 -0.14884567 -0.018551335 -0.008168208 0.17159985 -0.26638103 0.0 0.03039292058454382
-0.007939159 -0.06204176 -0.057637185 -0.08376738 -0.17063989 -0.023145944 0.0019410779 0.07762665 0.0 -0.45914558 -0.21952891 -0.36788425 -0.3833203 0.50566983 0.10340685 0.41440848 0.26719823 0.2961255 0.12584639 -0.044571586 0.036959838 0.20010781 0.05011002 -0.063815035 0.010752509 -0.37835914 -0.2685048 -0.01452179 0.06781125 -0.14217399 -0.020801388 0.08350291 0.11865261 -0.14610422 -0.03136226 -0.01390214 0.15483099 -0.56490743 0.0 0.0282152767893259
-0.004848999 -0.0607721 -0.04844912 -0.08234357 -0.16333334 -0.05276007 -0.0036514138 0.06616092 0.0 -0.4074691 -0.29988164 -0.28672338 -0.44332752 0.47832137 0.20064959 0.35757565 0.34409547 0.26507306 0.18068792 -0.05031692 0.021382835 0.18483846 0.08705812 -0.059436485 -0.00954341 -0.31872997 -0.33209324 0.10294 0.12904665 -0.13264425 -0.04316908 0.10726617 0.121259354 -0.1386057 -0.053689092 -0.026488928 0.13911349 -0.7710771 0.0 0.02686627348050192
-0.0022075633 -0.060097728 -0.031118402 -0.061753213 -0.14680043 -0.0881833 -0.014461335 0.034478378 0.0 -0.3242317 -0.38499185 -0.1730616 -0.49591455 0.41852623 0.310326 0.26735613 0.42124873 0.21314321 0.23787266 -0.054391194 -0.018246537 0.15725534 0.12684995 -0.053488567 -0.051928807 -0.23091467 -0.39546147 -0.025088457 0.015049983 -0.11767427 -0.07030973 0.0027594005 0.053661298 -0.123515025 -0.08116963 -0.037646823 0.084407896 -0.91385 0.0 0.025189658356054134
0.0002761331 -0.05952193 -0.0073541286 -0.078623526 -0.119041264 -0.12266578 -0.028400032 0.041257534 0.0 -0.21027185 -0.4546221 -0.035112243 -0.52152026 0.32167783 0.41266435 0.14651823 0.4795625 0.14054686 0.28495368 -0.064105876 -0.022221634 0.11659724 0.16203699 -0.045128014 -0.053012334 -0.11760271 -0.43951258 0.033100076 0.14579384 -0.096114665 -0.09779615 -0.055034403 0.025122821 -0.099609755 -0.109080575 -0.061788213 0.04213139 -1.0006582 0.0 0.02338662100021857
0.0029178867 -0.058365043 0.0369893 -0.08176613 -0.08170104 -0.14984497 -0.0602351 0.03710069 0.0 -0.0756556 -0.49256366 0.11122448 -0.5077979 0.19247392 0.4888959 0.005593826 0.5041301 0.052835353 0.31170136 -0.08180463 -0.03258681 0.065205224 0.18612039 -0.051274832 -0.05922546 0.008650405 -0.45246843 -0.06335933 0.013443467 -0.06739611 -0.12062413 -0.08183817 0.0016938125 -0.0678378 -0.13191634 -0.08647376 0.016867083 -1.0346038 0.0 0.02169460857191119
0.0064049507 -0.057072602 0.05697585 -0.110471375 -0.03955441 -0.16500522 -0.06675644 0.062432367 0.0 0.06097502 -0.49118567 0.24482355 -0.45436215 0.048431493 0.5261633 -0.13541703 0.4893398 -0.037463315 0.31319648 -0.07177022 -0.012252919 0.0103139 0.1953073 -0.032358658 -0.029091192 0.13059634 -0.42906055 -0.07153626 0.1812219 -0.03434199 -0.13445069 -0.08309726 0.018457666 -0.031910826 -0.14497146 -0.09004716 0.032105125 -0.98625326 0.0 0.01938961219358761
0.008603669 -0.057744123 -0.041205987 -0.048247647 0.004042821 -0.16896214 0.04406205 0.000601507 0.0 0.18516105 -0.45659846 0.35330385 -0.3736271 -0.08921011 0.5231345 -0.25735292 0.44016314 -0.11815234 0.29366374 -0.014108423 0.057618376 -0.040503535 0.19002737 0.015795335 -0.052219763 0.23621435 -0.3791269 0.054335963 -0.023523254 0.00037365963 -0.13890155 0.0063056443 -0.0067707407 0.005565518 -0.14798802 0.018324701 0.012204318 -0.9061664 0.0 0.019068866786635164
0.009167298 -0.05960291 -0.031044513 -0.04239424 0.051288366 -0.16133276 0.04631715 -0.0014973888 0.0 0.30319008 -0.38750297 0.442486 -0.2619924 -0.22690369 0.4809191 -0.3661996 0.35540852 -0.1960693 0.25359258 -0.09574982 0.109163634 -0.08954221 0.17053507 0.030780092 -0.03535389 0.33092222 -0.29886246 -0.010586633 0.10048522 0.038108174 -0.13337834 -0.0044375327 0.012745899 0.045938645 -0.13982204 0.0091881035 0.044056207 -1.045678 0.0 0.019211946696785852
0.008925629 -0.0614891 -0.046300605 -0.039833862 0.099094175 -0.13845779 0.07322488 0.0034690336 0.0 0.4060237 -0.2780999 0.50160974 -0.11679412 -0.35868776 0.3929982 -0.45427382 0.23169239 -0.2662391 0.1862225 -0.09150967 0.0734213 -0.13450001 0.13536559 0.060421437 -0.020519035 0.40625292 -0.185675 0.09541613 -0.013982832 0.075999215 -0.11517564 -5.534701e-05 0.031289805 0.08552281 -0.11755187 0.00350428 0.08168835 -1.1178405 0.0 0.01996655852146669
0.008466451 -0.06263106 -0.011603381 -0.0136767 0.1403265 -0.09896663 0.04782759 -0.011394469 0.0 0.4746599 -0.13142145 0.51317436 0.05208029 -0.46550158 0.25749066 -0.50401604 0.07398893 -0.31616062 0.09113753 -0.12983455 0.0026921225 -0.16920668 0.084375 0.041114766 -0.022065068 0.44464168 -0.043948308 -0.057308294 0.034081038 0.109035455 -0.08504038 0.008039267 -0.048282407 0.117592044 -0.08131334 -0.04935783 0.06726063 -1.22269 0.0 0.02130423827753007
0.008634596 -0.06203441 0.009603189 0.04306663 0.1664294 -0.048109718 0.031745475 -0.05446973 0.0 0.49134868 0.031973638 0.46714675 0.21790512 -0.52448785 0.088828236 -0.5002859 -0.09710325 -0.3330578 -0.020780623 -0.1409547 -0.096619315 -0.18628523 0.022653248 0.031356465 -0.053068243 0.4345459 0.10441508 0.062305763 -0.05189214 0.13298632 -0.046261866 0.08913156 -0.06277849 0.13452207 -0.03742461 -0.1242491 -0.013032707 -1.202154 0.0 0.02243970707676733
0.0103389565 -0.060167175 0.04520826 0.08788165 0.17371505 -0.0068589533 -0.0034509972 -0.08844507 0.0 0.46642384 0.15278925 0.39600012 0.32656136 -0.53078455 -0.049031697 -0.46036085 -0.22280383 -0.32172132 -0.10956458 -0.15890165 -0.17270064 -0.18541987 -0.027064497 -0.0039371527 -0.063826226 0.3928697 0.20802507 -0.11110157 -0.11959937 0.14359264 -0.011929479 0.07438417 -0.019663984 0.13635051 -0.0043338193 -0.08042194 -0.075778656 -0.73296523 0.0 0.022621574042295887
0.0143662365 -0.058467224 0.09812528 0.0961634 0.17168096 0.014354576 -0.05779715 -0.09098109 0.0 0.4376308 0.21345799 0.34343734 0.3755809 -0.5212183 -0.12678415 -0.4270248 -0.28890708 -0.30914903 -0.16064931 -0.1995662 -0.19529492 -0.18096709 -0.055171873 -0.053347636 -0.05552434 0.3575327 0.25762966 -0.02907729 -0.074728824 0.14493187 0.006835762 0.019021876 -0.053969733 0.13389552 0.012490013 -0.025453232 -0.046763267 -0.3596279 0.0 0.021796144182171562
0.019056961 -0.058046073 0.11581191 0.07767002 0.16804804 0.02267951 -0.07695404 -0.07010481 0.0 0.41930598 0.23825088 0.3148617 0.39396745 -0.5156266 -0.16306853 -0.4111824 -0.3187851 -0.30499065 -0.18682086 -0.20855288 -0.18497574 -0.17905551 -0.06804519 -0.06324343 -0.026396869 0.33641672 0.2765371 -0.17002477 -0.12818296 0.14383502 0.0142167155 -0.027050875 -0.06405966 0.13315247 0.02015999 0.0125026535 -0.021318829 -0.14685899 0.0 0.020412165249885508
0.023791416 -0.057960443 0.112094685 0.082926296 0.1650514 0.023172189 -0.074399225 -0.074885786 0.0 0.41114685 0.2429275 0.303937 0.39675304 -0.5164659 -0.17503287 -0.409256 -0.3288584 -0.308555 -0.19869012 -0.204359 -0.19061339 -0.17975691 -0.072285384 -0.053892087 -0.03341138 0.32804057 0.2797056 -0.050836332 -0.046941128 0.14191677 0.013810852 -0.065197594 -0.10492295 0.13311605 0.021527437 0.012402768 -0.0322209 -0.008059877 0.0 0.01948769839966115
0.02853654 -0.057969328 0.11740586 0.075805 0.16271102 0.018042762 -0.08058011 -0.06858433 0.0 0.41116443 0.23345631 0.3065122 0.38903317 -0.523231 -0.16911206 -0.41857883 -0.3246889 -0.31895557 -0.19978759 -0.21246225 -0.18101725 -0.18280856 -0.070396245 -0.055844616 -0.03258283 0.32852992 0.2710578 -0.16935971 -0.12849554 0.13812469 0.0074351793 -0.15812239 -0.12535696 0.1338817 0.01802919 0.015423067 -0.046087045 0.105739415 0.0 0.018749736627043816
0.032175355 -0.06039051 0.13037145 -0.048870295 0.16007434 0.012861416 -0.09429999 0.054686192 0.0 0.41444197 0.21956913 0.31510118 0.37859008 -0.5330105 -0.15122747 -0.4336697 -0.3102484 -0.33363235 -0.19177045 -0.24696761 -0.031480026 -0.18785845 -0.060578864 -0.098646805 0.18446313 0.33351648 0.2599994 -0.071911015 0.08856886 0.13089044 0.0007422844 -0.24771696 -0.021648476 0.13424957 0.013537462 -0.006607068 0.028169159 0.12911622 0.0 0.01745862971722236
0.034888446 -0.06435304 0.12690815 -0.06255546 0.15708771 0.01233143 -0.09169758 0.06762564 0.0 0.413714 0.2145546 0.3170657 0.37522617 -0.5398494 -0.14023143 -0.4432011 -0.30090302 -0.3451657 -0.1868254 -0.2438147 -0.01746809 -0.19152813 -0.05149587 -0.0640318 0.17239785 0.3333878 0.25580844 -0.17415552 0.007766095 0.123460025 -0.0011293918 -0.20336804 0.023648739 0.13339178 0.012791068 -0.048812475 0.054733466 0.013835885 0.0 0.015753969865877744
0.0375738 -0.0683375 0.1296993 -0.056565873 0.15368588 0.01653278 -0.09548458 0.061948813 0.0 0.40650094 0.22190261 0.3077664 0.38130066 -0.54235655 -0.1452836 -0.443622 -0.30468166 -0.35103285 -0.19208215 -0.24629109 -0.023928273 -0.19305944 -0.048615944 -0.064059906 0.14963154 0.3259793 0.26232916 -0.079283774 0.10770354 0.11810286 0.0021034617 -0.124677114 0.06773407 0.13047355 0.01654819 -0.10318911 0.06389969 -0.08837549 0.0 0.014218264825456663
0.040398207 -0.072227046 0.13346668 -0.047183264 0.14960305 0.023879249 -0.10036236 0.053608935 0.0 0.3938173 0.23791802 0.28946093 0.39369348 -0.5413416 -0.16287385 -0.4369852 -0.31864932 -0.35233307 -0.20568918 -0.2472414 -0.037254956 -0.19387521 -0.05128548 -0.08540012 0.10605075 0.31167796 0.27510568 -0.17987664 -0.008122601 0.114963934 0.008943593 -0.0660602 0.079322346 0.12576073 0.02381169 -0.12236828 0.098439775 -0.15600963 0.0 0.012581475920952864
0.04329662 -0.07606444 0.13607383 -0.039210733 0.14469133 0.032888964 -0.10419288 0.047059383 0.0 0.37690365 0.25852346 0.26494238 0.40892598 -0.5372044 -0.18820094 -0.4252431 -0.33860344 -0.3500603 -0.22458687 -0.24733375 -0.048532497 -0.19446135 -0.058591433 -0.10564039 0.04107364 0.29337788 0.29180288 -0.08660216 0.09149499 0.11238994 0.017066507 -0.049377833 0.06758188 0.120346576 0.032937113 -0.11650865 0.08166921 -0.19490193 0.0 0.011432292061267273
0.046210323 -0.079891995 0.13814242 -0.03132908 0.13892367 0.04245327 -0.107587524 0.04072515 0.0 0.35688657 0.2806227 0.23654594 0.42440858 -0.5303121 -0.21740815 -0.4099715 -0.36119404 -0.34504208 -0.24622889 -0.24599233 -0.060587753 -0.19504568 -0.06916285 -0.13692851 -0.004738409 0.27140808 0.3087351 -0.18132894 -0.02636843 0.10972505 0.025423659 -0.037014984 0.053718414 0.11420536 0.041955996 -0.12119718 0.058813654 -0.21261036 0.0 0.010139120185021624
0.049038064 -0.083783664 0.13888162 -0.027959485 0.13242935 0.051843446 -0.1097248 0.038848896 0.0 0.33496162 0.30210382 0.20633847 0.43853086 -0.5212724 -0.24745926 -0.39264926 -0.3838863 -0.338161 -0.2685497 -0.24408443 -0.066990115 -0.19547094 -0.08149779 -0.14754173 -0.038415704 0.24825044 0.32540822 -0.09625329 0.085867345 0.10675129 0.033553082 -0.034418937 0.048262496 0.10714065 0.050051313 -0.13516538 0.034141164 -0.21374647 0.0 0.009492464039502786
0.05179733 -0.0877259 0.14012371 -0.021039363 0.12537192 0.060553 -0.112398826 0.033270914 0.0 0.31210735 0.32173115 0.17578487 0.4504651 -0.51079625 -0.27658808 -0.3744738 -0.40532205 -0.3301937 -0.2904005 -0.24165359 -0.07783981 -0.1955794 -0.09438273 -0.15707959 -0.050926182 0.2239386 0.33964875 -0.1810205 -0.038299937 0.10353975 0.041358434 -0.026630951 0.053650014 0.09907566 0.056663428 -0.15594125 0.0025775463 -0.2065503 0.0 0.008285735417266685
0.054491967 -0.0916673 0.13978858 -0.015000678 0.1180177 0.0682437 -0.11348501 0.028365048 0.0 0.28933483 0.33877292 0.14619005 0.45987546 -0.49969015 -0.3035633 -0.35654536 -0.42466584 -0.32193422 -0.31097272 -0.23902155 -0.08619063 -0.19574507 -0.106413744 -0.17357403 -0.032619897 0.20057634 0.3521586 -0.09977786 0.0747088 0.0990253 0.048337255 -0.08475643 0.033824082 0.09024355 0.061110787 -0.1731717 -0.041105814 -0.19048004 0.0 0.008220392322166212
0.057117466 -0.095622756 0.13944013 -0.009977057 0.11056909 0.074842386 -0.11451132 0.02425051 0.0 0.26733527 0.353101 0.11832669 0.4669109 -0.48865947 -0.32780153 -0.3396509 -0.4416114 -0.3140122 -0.32987684 -0.23633985 -0.09345474 -0.19660681 -0.1168208 -0.2013787 -0.009315306 0.17782773 0.36168727 -0.17572984 -0.052254803 0.0930909 0.054036766 -0.11228068 0.023255058 0.0810219 0.063369945 -0.18274698 -0.07702278 -0.17294581 0.0 0.007589777109441094
0.060989268 -0.09702403 0.07394639 0.11460468 0.10528366 0.07683853 -0.05017929 -0.09986179 0.0 0.25135547 0.3599466 0.098432615 0.46844015 -0.48019958 -0.34714848 -0.3272767 -0.455642 -0.308594 -0.34338632 -0.16652331 -0.06259607 -0.19670267 -0.124362834 -0.07784799 -0.015815621 0.16184969 0.3656925 -0.036881376 -0.0529822 0.08819433 0.05514594 -0.06774093 -0.114542596 0.07460871 0.061331958 -0.08582291 -0.17691383 -0.09279265 0.0 0.007578116857735009
0.0656068 -0.0959713 0.04192626 0.13403744 0.104978114 0.071896024 -0.018642887 -0.11991658 0.0 0.25310242 0.3530461 0.10127743 0.46307072 -0.48552063 -0.34666258 -0.33369565 -0.4566872 -0.31662425 -0.34100533 -0.10350041 -0.006676701 -0.1987831 -0.12227902 0.005463935 -0.00064272224 0.16372626 0.35920036 -0.065644234 -0.20287572 0.086734496 0.04906304 -0.054416295 -0.1762606 0.0738132 0.05584002 -0.010127871 -0.10863441 0.124538295 0.0 0.006840150894684524
0.07011272 -0.09440773 0.049014695 0.13161771 0.108751506 0.060505766 -0.025459139 -0.119449936 0.0 0.27494147 0.3304704 0.13098702 0.4506094 -0.50975406 -0.31714767 -0.3657996 -0.43728662 -0.34241918 -0.31867808 -0.09173641 -0.0020667817 -0.20625706 -0.10855902 0.015885787 -0.0059676752 0.18657061 0.3429493 -0.009619917 -0.071571484 0.086607225 0.036087267 -0.12370692 -0.22327925 0.078189686 0.04808749 0.054731835 -0.05687985 0.32951716 0.0 0.005881074292774138
0.07460674 -0.09279551 0.06288282 0.12575914 0.113636784 0.04368991 -0.038742173 -0.1166179 0.0 0.30884895 0.29252806 0.17960697 0.428369 -0.544878 -0.2609216 -0.41563603 -0.39676252 -0.37966982 -0.27713192 -0.086572394 0.0064546526 -0.21676996 -0.084511556 0.01747103 -0.00929685 0.22254577 0.31451315 -0.09317028 -0.1925066 0.086038694 0.019718446 -0.10235607 -0.1644154 0.0850215 0.036272943 0.057895686 -0.08283117 0.47182363 0.0 0.004171694686075374
0.079071864 -0.09109439 0.07767721 0.11735661 0.11696749 0.022789478 -0.053122915 -0.11199589 0.0 0.3457013 0.24016277 0.23775496 0.3934724 -0.57989633 -0.18224141 -0.47195 -0.33555102 -0.418923 -0.21799313 -0.078871556 0.01478349 -0.22615463 -0.052336227 0.021152083 -0.016012 0.26386726 0.27477363 -0.033078846 -0.061968397 0.08528399 0.003321397 -0.049412567 -0.07971654 0.090645045 0.019631758 0.032326523 -0.12121041 0.57029533 0.0 0.002302919824063644
0.083482616 -0.08924187 0.092268944 0.10651652 0.116773784 -0.00050783105 -0.06782719 -0.10534398 0.0 0.37763658 0.17577735 0.29667795 0.34489846 -0.6053013 -0.08688085 -0.5243427 -0.25600195 -0.45164132 -0.144546 -0.06340464 0.020890413 -0.2310191 -0.014729726 0.021370368 -0.02201499 0.30236682 0.22323686 -0.14709416 -0.15429457 0.08362309 -0.013201633 -0.009417631 -0.06556576 0.09289253 0.00068855635 0.0042305985 -0.09192629 0.6245419 0.0 0.0006079327492043429
0.087696396 -0.086980425 0.09738649 0.10203617 0.11225375 -0.02420265 -0.07375296 -0.10504706 0.0 0.39898378 0.10417306 0.34864432 0.2847892 -0.6146417 0.016312053 -0.56430227 -0.16430408 -0.47153476 -0.06321505 -0.041896645 0.013548222 -0.22924247 0.024532925 0.028054107 -0.03632464 0.33353642 0.16398624 -0.030836418 -0.07521652 0.07977021 -0.030107245 -0.0021672521 -0.08404777 0.091155976 -0.01864505 -0.015043379 -0.09349461 0.634415 0.0 0.0
