120
-0.05866684 -0.22085202 -0.05717759 -0.12973367 -0.035551455 -0.24323262 0.05717759 0.12973367 0.0 -0.22600427 -0.5264842 -0.07440905 -0.6368252 0.5140763 0.17168266 0.3624811 0.28202367 0.0621434 -0.18831865 0.05716873 0.12970266 0.0 0.5611111 2.9393728469895146
-0.056303706 -0.22102922 -0.05129606 -0.049702354 -0.033026267 -0.24156389 0.05129606 0.049702354 0.0 -0.22231485 -0.52559483 -0.070268 -0.6353127 0.51489383 0.17560388 0.36284694 0.28532174 0.06444209 -0.18625034 0.05128865 0.049676035 -0.02672571 0.5277778 2.900683955386419
-0.054078862 -0.22151743 -0.051191457 -0.044843763 -0.029707724 -0.24025138 0.051191457 0.044843763 0.0 -0.21707511 -0.52555335 -0.06429124 -0.63424253 0.51538444 0.18060476 0.3626006 0.28929394 0.06738489 -0.18428211 0.051185317 0.044821404 -0.024235658 0.49444443 2.8618516280516246
-0.05153267 -0.22139697 -0.034850676 -0.068439715 -0.028615411 -0.23807265 0.034850676 0.068439715 0.0 -0.21632476 -0.5231497 -0.06367134 -0.632022 0.516981 0.18212956 0.3643276 0.2910019 0.06854405 -0.18222055 0.034845445 0.06842077 0.0201012 0.4611111 2.835269090875049
-0.0500141 -0.22313912 -0.07632223 0.02143191 -0.026866976 -0.23778619 0.07632223 -0.02143191 0.0 -0.21523716 -0.522427 -0.06283671 -0.6316532 0.5197028 0.18114918 0.36730236 0.29037535 0.07042163 -0.18216021 0.07631775 -0.021447964 0.002342609 0.42777777 2.771520935930554
-0.047691897 -0.22392403 -0.047395952 -0.06678688 -0.026629638 -0.23616481 0.047395952 0.06678688 0.0 -0.21710707 -0.5193999 -0.065521434 -0.629754 0.52303416 0.17870271 0.37144855 0.2890569 0.071068965 -0.1812629 0.04739205 0.066773295 0.03958538 0.39444444 2.7479113623772244
-0.045373626 -0.2225216 0.009299805 -0.08362725 -0.029163597 -0.23313598 -0.009299805 0.08362725 0.0 -0.22298385 -0.51409405 -0.0727165 -0.62623674 0.5253776 0.17518917 0.37511024 0.28733182 0.06917859 -0.17939602 -0.009303251 0.083615765 0.041438818 0.3611111 2.7325615852828595
-0.04327018 -0.22077006 0.0005890933 -0.081818946 -0.033915043 -0.22976984 -0.0005890933 0.081818946 0.0 -0.23332001 -0.50679225 -0.08532736 -0.6219201 0.52868795 0.16737404 0.38069528 0.2825019 0.06548296 -0.17800936 -0.00059221184 0.081809275 0.089846745 0.32777777 2.720316756521955
-0.04092276 -0.21890505 -0.0010100814 -0.089514 -0.03910324 -0.22593968 0.0010100814 0.089514 0.0 -0.24476758 -0.4983473 -0.099436186 -0.6168169 0.53240144 0.15828389 0.38707006 0.27675346 0.06144807 -0.17645743 0.0010072491 0.089505866 0.073580824 0.29444444 2.714890393964395
-0.039327 -0.2163056 0.04071677 -0.08337681 -0.046236675 -0.22187136 -0.04071677 0.08337681 0.0 -0.2593239 -0.48851264 -0.11730973 -0.610939 0.53563106 0.14646989 0.3936169 0.26889628 0.055638928 -0.17517684 -0.040719364 0.083369985 0.11333908 0.2611111 2.710726539195276
-0.03667611 -0.21510203 -0.056240674 -0.07701757 -0.050130814 -0.21804741 0.056240674 0.07701757 0.0 -0.2689181 -0.4800319 -0.12957682 -0.6054921 0.5395442 0.13766137 0.40020293 0.26312155 0.052727893 -0.17356071 0.05623835 0.07701182 0.052028216 0.22777778 2.710683329269853
-0.03336271 -0.21487391 -0.06405153 -0.0759057 -0.052797113 -0.21432589 0.06405153 0.0759057 0.0 -0.27727824 -0.47144836 -0.14072242 -0.59993476 0.5445383 0.12836306 0.4079825 0.25684944 0.051012564 -0.17210624 0.06404945 0.07590088 0.094351016 0.19444445 2.715464429667024
-0.030111942 -0.21385583 -0.037011195 -0.09609996 -0.057165977 -0.20975213 0.037011195 0.09609996 0.0 -0.2887105 -0.46053264 -0.15578051 -0.59276676 0.54946816 0.11619325 0.41653815 0.24842738 0.047777556 -0.17043574 0.037009317 0.09609592 0.10079875 0.16111112 2.7317746395710882
-0.028763758 -0.2109366 0.06630473 -0.0830165 -0.06321702 -0.20528306 -0.06630473 0.0830165 0.0 -0.30069846 -0.45044893 -0.170972 -0.5858273 0.55104584 0.10604714 0.4213194 0.24142548 0.042637542 -0.16849023 -0.0663064 0.08301312 0.07501176 0.12777779 2.7450184593900406
-0.028039444 -0.2072881 0.053105112 -0.09841488 -0.07007139 -0.20051709 -0.053105112 0.09841488 0.0 -0.3133926 -0.4398882 -0.1869666 -0.57835376 0.5515165 0.09591827 0.42509043 0.23438384 0.03663912 -0.16628626 -0.0531066 0.09841205 0.09168204 0.094444446 2.7702113861239157
-0.026240848 -0.20388493 0.013912238 -0.11621083 -0.07482378 -0.19538304 -0.013912238 0.11621083 0.0 -0.3227209 -0.43001205 -0.19899163 -0.5708926 0.5523711 0.088996865 0.42864183 0.22987737 0.03252764 -0.16321881 -0.013913546 0.11620846 0.051651224 0.06111111 2.8091000783810554
-0.023801617 -0.20056203 0.006592429 -0.12457356 -0.07886588 -0.18978819 -0.006592429 0.12457356 0.0 -0.33125055 -0.41958314 -0.2102667 -0.56282824 0.5537071 0.082419015 0.43272325 0.22566411 0.029086987 -0.15970445 -0.0065935776 0.12457157 0.07827416 0.027777778 2.858043812022424
-0.021806557 -0.1965914 0.043234114 -0.1353412 -0.08256572 -0.1842978 -0.043234114 0.1353412 0.0 -0.3382327 -0.41043523 -0.21932374 -0.55540735 0.5538608 0.07877375 0.43495184 0.22374585 0.02580905 -0.15577146 -0.043235112 0.13533951 0.031568766 0.0 2.9153573184007326
-0.020512238 -0.19196169 0.06276734 -0.12723485 -0.08685715 -0.17877169 -0.06276734 0.12723485 0.0 -0.34547293 -0.4015308 -0.2284788 -0.54805255 0.5529705 0.075916134 0.43597642 0.22243789 0.021883 -0.15167165 -0.062768206 0.12723343 0.05513487 0.0 2.9724770040973407
-0.017395282 -0.18939114 -0.08056518 -0.10988721 -0.08945392 -0.17308873 0.08056518 0.10988721 0.0 -0.35240957 -0.39070782 -0.23832577 -0.5395068 0.5552688 0.068940036 0.44118506 0.21773903 0.019799164 -0.14813702 0.080564424 0.109886035 0.08122308 0.0 3.0333759909284543
-0.012840034 -0.18786189 -0.077854946 -0.11819028 -0.088676855 -0.16811107 0.077854946 0.11819028 0.0 -0.35407755 -0.38274145 -0.24168442 -0.53282154 0.5587427 0.06660857 0.44634953 0.21668865 0.020851487 -0.14439695 0.07785429 0.11818928 0.011320329 0.0 3.0989757854244333
-0.010843698 -0.18560399 0.03786754 -0.07611718 -0.086874865 -0.16593194 -0.03786754 0.07611718 0.0 -0.35024422 -0.38305017 -0.23644385 -0.532066 0.5583074 0.074869305 0.444507 0.22388516 0.022425467 -0.14118828 -0.037868083 0.07611634 -0.063086644 0.0 3.143078102997486
-0.008424688 -0.18197973 -0.011993485 -0.14183502 -0.08580956 -0.16230029 0.011993485 0.14183502 0.0 -0.34737 -0.38159433 -0.23233823 -0.52966166 0.55735433 0.0838411 0.44232255 0.23190846 0.023281882 -0.13665143 0.011993026 0.14183429 -0.010912048 0.0 3.218347032228812
-0.0043863878 -0.1795682 -0.06984508 -0.12250538 -0.08210515 -0.15896472 0.06984508 0.12250538 0.0 -0.34088394 -0.38153446 -0.2239971 -0.5281418 0.55790883 0.095254645 0.44102198 0.241862 0.026654704 -0.13194445 0.0698447 0.12250476 -0.07022222 0.0 3.29023210933389
-9.395683e-06 -0.17753527 -0.05915445 -0.12929854 -0.07932196 -0.15496968 0.05915445 0.12929854 0.0 -0.33719555 -0.37858754 -0.21971484 -0.5247194 0.55965525 0.1018444 0.44217455 0.24797629 0.02932736 -0.12750836 0.05915413 0.12929802 0.019284846 0.0 3.368131304798543
0.003363735 -0.17427403 0.0064655845 -0.1408248 -0.078286916 -0.15054907 -0.0064655845 0.1408248 0.0 -0.33549118 -0.3749365 -0.21757434 -0.52071667 0.5599201 0.108173154 0.44200325 0.25395337 0.030279849 -0.12276325 -0.006465855 0.14082435 -0.033579607 0.0 3.4498230480720466
0.006594878 -0.17073865 -0.014169811 -0.14064662 -0.075368606 -0.14714508 0.014169811 0.14064662 0.0 -0.3285031 -0.3761138 -0.20798813 -0.5197536 0.5580908 0.12299289 0.43757585 0.2666327 0.03268183 -0.11741469 0.014169588 0.14064625 -0.08819531 0.0 3.534236204740793
0.010742973 -0.16851656 -0.06777955 -0.12359257 -0.068693675 -0.14521056 0.06777955 0.12359257 0.0 -0.31385037 -0.3827015 -0.18849401 -0.5221362 0.5551577 0.14643103 0.42980134 0.28586572 0.03827691 -0.11180271 0.06777937 0.12359224 -0.14844055 0.0 3.615395871722881
0.015365428 -0.1672382 -0.07464694 -0.120023035 -0.059131157 -0.14423236 0.07464694 0.120023035 0.0 -0.29238576 -0.39342314 -0.16036339 -0.52656347 0.54971844 0.1775557 0.4176961 0.31069604 0.046078503 -0.105635524 0.0746468 0.12002275 -0.19683674 0.0 3.695522512068491
0.019233676 -0.16464396 0.00644841 -0.14091368 -0.051625744 -0.14223237 -0.00644841 0.14091368 0.0 -0.27298978 -0.40204325 -0.13489439 -0.5288735 0.5415336 0.20763525 0.4034382 0.3344655 0.051666845 -0.098764814 -0.0064485148 0.14091343 -0.15223932 0.0 3.7848099307233887
0.021050764 -0.16037999 0.08766906 -0.11031655 -0.048579525 -0.13983187 -0.08766906 0.11031655 0.0 -0.260534 -0.40737447 -0.11800186 -0.5291975 0.5317208 0.23097382 0.3891887 0.35279682 0.05309662 -0.09270707 -0.08766914 0.110316336 -0.11432884 0.0 3.863614286539134
0.023677437 -0.15661842 0.007236802 -0.14032835 -0.045452707 -0.13688728 -0.007236802 0.14032835 0.0 -0.24889411 -0.41095906 -0.10260373 -0.52824235 0.52290726 0.25197297 0.3766169 0.3692563 0.054692168 -0.086590275 -0.0072368653 0.14032817 -0.11542913 0.0 3.9602236272083196
0.027826533 -0.15427966 -0.03555098 -0.13708268 -0.041286822 -0.13328668 0.03555098 0.13708268 0.0 -0.23765229 -0.41247183 -0.08841025 -0.5259754 0.51694214 0.2699822 0.3677001 0.38348576 0.057538945 -0.08044493 0.03555093 0.13708252 -0.079442605 0.0 4.061340555181466
0.030673685 -0.15537277 -0.10843696 0.0025070023 -0.034303326 -0.13289337 0.10843696 -0.0025070023 0.0 -0.22129864 -0.41843933 -0.06837322 -0.52692926 0.5102398 0.28867298 0.35731435 0.3971629 0.062714994 -0.07680212 0.10843692 -0.0025071362 -0.14271711 0.0 4.100277799946511
0.031822074 -0.15867287 -0.09254257 0.044899553 -0.027455892 -0.13462567 0.09254257 -0.044899553 0.0 -0.20696291 -0.42493752 -0.051268127 -0.52941424 0.5059411 0.3009579 0.35024628 0.4054346 0.06807108 -0.07603063 0.09254254 -0.04489967 -0.05997787 0.0 4.118700468716234
0.03362512 -0.16292931 -0.14167325 0.007906 -0.021596674 -0.13571687 0.14167325 -0.007906 0.0 -0.19826914 -0.4277624 -0.041564725 -0.53071856 0.50753486 0.3050384 0.3508304 0.40799457 0.073355384 -0.0761947 0.14167324 -0.007906098 -0.019163826 0.0 4.1603317988189765
0.03682943 -0.16395444 -0.04182554 -0.111900166 -0.018506305 -0.13366824 0.04182554 0.111900166 0.0 -0.1941415 -0.42633873 -0.03707279 -0.52873826 0.5090581 0.3089616 0.3519894 0.41136113 0.07623397 -0.07380956 0.041825518 0.11190008 -0.011670227 0.0 4.258131055795569
0.041564755 -0.16323492 -0.06371639 -0.12698638 -0.016739827 -0.12928061 0.06371639 0.12698638 0.0 -0.19286573 -0.42165607 -0.035969004 -0.52431893 0.51156634 0.3124636 0.3546696 0.4151265 0.078100726 -0.06958094 0.063716374 0.12698632 0.015077914 0.0 4.366908043545271
0.045587026 -0.16291878 -0.059591662 -0.09715688 -0.017431548 -0.12540425 0.059591662 0.09715688 0.0 -0.19964056 -0.41402793 -0.044927765 -0.51995337 0.52000797 0.30518153 0.3652952 0.41110697 0.078638196 -0.06770344 0.059591647 0.09715682 0.11571034 0.0 4.468458008911947
0.050320853 -0.16235557 -0.06620035 -0.12596868 -0.019651264 -0.120541014 0.06620035 0.12596868 0.0 -0.2123119 -0.40229556 -0.061583612 -0.5138179 0.5332023 0.29006624 0.382474 0.4015886 0.0784679 -0.06639852 0.06620034 0.12596864 0.13982157 0.0 4.5869002845948765
0.054902744 -0.16188279 -0.07461265 -0.11335749 -0.019393962 -0.11624739 0.07461265 0.11335749 0.0 -0.21707654 -0.39450148 -0.06837252 -0.508709 0.5407344 0.28437904 0.39203042 0.3985866 0.0796804 -0.063873254 0.07461263 0.11335745 0.013113928 0.0 4.704831661578546
0.05969037 -0.16224506 -0.10481025 -0.09584266 -0.018358009 -0.11233823 0.10481025 0.09584266 0.0 -0.2213643 -0.38673243 -0.074888036 -0.5037835 0.5493843 0.2774233 0.40290803 0.39447436 0.081706926 -0.06188243 0.104810245 0.09584262 0.104878426 0.0 4.822196828971132
0.06337606 -0.16031593 0.023026098 -0.13498059 -0.020299222 -0.10777528 -0.023026098 0.13498059 0.0 -0.23018727 -0.37694204 -0.08672131 -0.49766392 0.55712867 0.26748785 0.4136627 0.38820973 0.08101103 -0.059868976 -0.023026109 0.13498056 0.08019468 0.0 4.955758221892386
0.06641849 -0.15655777 0.02365218 -0.14040574 -0.024882007 -0.10220421 -0.02365218 0.14040574 0.0 -0.24424942 -0.36370313 -0.10518656 -0.48947185 0.56557995 0.25219673 0.42651713 0.37796545 0.078074574 -0.057946764 -0.023652188 0.14040571 0.15764032 0.0 5.100460877979134
0.06924566 -0.15265954 0.02678991 -0.13928327 -0.029799072 -0.09636613 -0.02678991 0.13928327 0.0 -0.25956416 -0.34877798 -0.12570225 -0.48006865 0.5745146 0.23386155 0.44065273 0.3651522 0.0748634 -0.056309324 -0.026789919 0.13928325 0.13481997 0.0 5.2534985863624115
0.07292825 -0.14970794 -0.041470237 -0.1352958 -0.03283088 -0.09047476 0.041470237 0.1352958 0.0 -0.2721317 -0.3338651 -0.14341713 -0.47020587 0.58373374 0.21627182 0.45501915 0.3526126 0.07329443 -0.054472033 0.041470226 0.13529578 0.13830444 0.0 5.4159086766591145
0.07744104 -0.14812657 -0.08173845 -0.11582595 -0.034030933 -0.084944 0.08173845 0.11582595 0.0 -0.2827972 -0.3186513 -0.15959165 -0.45999005 0.59421515 0.19710606 0.4710096 0.33844483 0.07343886 -0.053178906 0.08173844 0.115825936 0.1437044 0.0 5.579955524471673
0.08162949 -0.1458909 -0.037482258 -0.13664505 -0.035628833 -0.07910712 0.037482258 0.13664505 0.0 -0.29380336 -0.3023775 -0.17651956 -0.44866747 0.60369366 0.17684616 0.48640987 0.32313615 0.07305731 -0.05179226 0.03748225 0.13664503 0.14810759 0.0 5.7615016097822185
0.0840077 -0.14195453 0.04576665 -0.13272661 -0.03805377 -0.07363679 -0.04576665 0.13272661 0.0 -0.30162868 -0.29050544 -0.1879695 -0.43962902 0.6073563 0.1665532 0.4936971 0.31567678 0.07126984 -0.048996847 -0.045766655 0.1327266 0.046557557 0.0 5.947245587673811
0.08691976 -0.13830371 -0.03311758 -0.13739741 -0.039277613 -0.06822105 0.03311758 0.13739741 0.0 -0.30699772 -0.27995127 -0.19624405 -0.43124527 0.6106573 0.159441 0.4999036 0.310735 0.07050211 -0.045700166 0.033117577 0.1373974 0.08228238 0.0 6.148965145855932
0.08872657 -0.1345138 0.057336524 -0.116986506 -0.040825013 -0.06361014 -0.057336524 0.116986506 0.0 -0.3110679 -0.2721108 -0.20213869 -0.4247236 0.6117964 0.15623221 0.50286716 0.30884504 0.06921719 -0.042408917 -0.057336528 0.1169865 0.017104682 0.0 6.347732395510867
0.09048188 -0.13303366 -0.06816567 -0.0317577 -0.04000821 -0.06154756 0.06816567 0.0317577 0.0 -0.3094077 -0.27113682 -0.19986366 -0.4233089 0.6117209 0.16092601 0.5021769 0.31309813 0.06994756 -0.03990255 0.06816567 0.031757694 -0.03335702 0.0 6.513166333611929
0.094331205 -0.13164288 -0.057297952 -0.13032769 -0.037459016 -0.058323253 0.057297952 0.13032769 0.0 -0.30600098 -0.2690101 -0.19583687 -0.42073393 0.6133568 0.166808 0.5031927 0.3185318 0.072407514 -0.036229722 0.05729795 0.13032769 -0.0057177045 0.0 6.738730194231918
0.09771738 -0.12833297 -0.0038364972 -0.14119656 -0.036297012 -0.053904075 0.0038364972 0.14119656 0.0 -0.30339643 -0.26641676 -0.19220056 -0.41738603 0.6129689 0.17565872 0.50177306 0.326628 0.073416345 -0.031062074 0.0038364942 0.14119656 -0.04005368 0.0 6.978106950858391
0.100067616 -0.12416538 0.030256992 -0.13826782 -0.03623213 -0.049631357 -0.030256992 0.13826782 0.0 -0.30053765 -0.265609 -0.18738253 -0.41511542 0.6099851 0.18837847 0.49683 0.3378849 0.07317404 -0.025360612 -0.030256996 0.13826782 -0.054413754 0.0 7.2265608961811765
0.101102404 -0.11953534 0.07664098 -0.11843273 -0.036858667 -0.04641361 -0.07664098 0.11843273 0.0 -0.29473016 -0.2700339 -0.17724806 -0.4161647 0.60211617 0.21040647 0.48463404 0.35653725 0.07179033 -0.018951379 -0.07664098 0.11843273 -0.14132679 0.0 7.473633983837477
0.10321638 -0.11540152 0.0048459005 -0.14083837 -0.036300365 -0.043175086 -0.0048459005 0.14083837 0.0 -0.2861206 -0.27575538 -0.1635553 -0.4176497 0.5932144 0.23603193 0.47064906 0.37792626 0.071311936 -0.011896168 -0.004845902 0.14083837 -0.120682806 0.0 7.74595697574313
0.10705345 -0.11262741 -0.049165554 -0.1327553 -0.034286976 -0.03939033 0.049165554 0.1327553 0.0 -0.27853057 -0.2778202 -0.1526401 -0.41677287 0.5884407 0.25464293 0.46255028 0.3935956 0.072554596 -0.005572328 0.049165554 0.13275528 -0.06436239 0.0 8.030410829868718
0.10821405 -0.10952076 0.0936186 -0.07046658 -0.035245653 -0.036568116 -0.0936186 0.07046658 0.0 -0.27773514 -0.27678174 -0.15082963 -0.41480798 0.5853103 0.26202145 0.45840475 0.40004766 0.07134519 -0.0019679442 -0.0936186 0.07046657 -1.5681862e-05 0.0 8.296537378754412
0.10815978 -0.10478027 0.0880366 -0.11103287 -0.038339216 -0.03329439 -0.0880366 0.11103287 0.0 -0.27970552 -0.27463657 -0.15215752 -0.41206932 0.5808171 0.26818672 0.45326906 0.40561944 0.06808905 0.001802632 -0.0880366 0.11103287 -0.030667495 0.0 8.599296303743683
0.10918349 -0.10008355 0.062416706 -0.12765373 -0.040922362 -0.028960673 -0.062416706 0.12765373 0.0 -0.28343648 -0.26914945 -0.15654512 -0.40718868 0.5796642 0.26956525 0.4527728 0.40760452 0.06567202 0.005628571 -0.062416706 0.12765373 0.045846514 0.0 8.930871677891389
0.111721255 -0.0960943 0.0011995872 -0.14154632 -0.042140976 -0.023628632 -0.0011995872 0.14154632 0.0 -0.28850353 -0.2598684 -0.16385862 -0.39993948 0.58318704 0.26483327 0.45854214 0.4049043 0.06499826 0.00923415 -0.001199588 0.14154631 0.06328016 0.0 9.288609308448748
0.115912415 -0.09429193 -0.09154771 -0.10663901 -0.040619865 -0.018623028 0.09154771 0.10663901 0.0 -0.29202735 -0.24948665 -0.17043686 -0.3922172 0.5907926 0.25626543 0.4692021 0.39899597 0.06720416 0.011918041 0.09154771 0.106639005 0.086191356 0.0 9.649943168218508
0.1206716 -0.09359311 -0.09563472 -0.10447402 -0.037690114 -0.014391564 0.09563472 0.10447402 0.0 -0.29283223 -0.24112102 -0.17358755 -0.3858171 0.5981249 0.2501545 0.47888023 0.39485058 0.07061803 0.014385554 0.09563472 0.10447402 0.038391177 0.0 10.026858689957448
0.12540288 -0.09278698 -0.09089307 -0.10823815 -0.034565046 -0.010717245 0.09089307 0.10823815 0.0 -0.28999075 -0.23712717 -0.17092727 -0.3819724 0.6015806 0.25303277 0.48251712 0.397878 0.07377904 0.017924285 0.09089307 0.10823815 -0.020293847 0.0 10.421997818549693
0.13016008 -0.09289781 -0.11957105 -0.07550302 -0.030723039 -0.008155284 0.11957105 0.07550302 0.0 -0.2833836 -0.23764685 -0.16257192 -0.3810372 0.60217655 0.26329175 0.48136485 0.4066821 0.07726566 0.021798348 0.11957105 0.07550302 -0.06018327 0.0 10.814576593398206
0.13399592 -0.09101267 -0.0047407825 -0.13763346 -0.028891215 -0.004953603 0.0047407825 0.13763346 1.0 -0.27583557 -0.24058516 -0.15153646 -0.38096318 0.5971462 0.28196537 0.4728471 0.42234337 0.078328736 0.027644878 0.0047407825 0.13763346 -0.109926276 0.0 10.899321404150964
0.13482952 -0.0891652 0.024699185 -0.038224753 -0.026154922 -0.0137176225 0.14616098 -0.23931335 1.0 -0.27149838 -0.24425219 -0.14435473 -0.3820591 0.59061545 0.2960403 0.46347183 0.43384722 0.07710696 0.031163907 -0.024699185 0.038224753 -0.05241392 0.99444443 10.68850618624218
0.13556536 -0.08777315 0.009344763 -0.04572422 -0.02316376 -0.022154503 0.055807482 -0.26074865 0.0 -0.27053002 -0.24425772 -0.14261222 -0.38134632 0.58852696 0.30088198 0.46060917 0.43797058 0.07651851 0.0331175 -0.009344763 0.04572422 -0.002459879 0.99444443 10.458774223533254
0.13690358 -0.0869249 -0.016417084 -0.04510331 -0.020772476 -0.030513227 0.07775255 -0.2495769 0.0 -0.271161 -0.24157256 -0.14382787 -0.3792044 0.5902086 0.29990566 0.46287546 0.4375375 0.07706503 0.034322947 0.016417084 0.04510331 0.023823576 0.9611111 9.970000244477719
0.13813892 -0.08618618 -0.011126087 -0.041649472 -0.018126022 -0.03884285 0.07182841 -0.24106196 0.0 -0.2692395 -0.24188995 -0.14104302 -0.37871802 0.5887066 0.30499646 0.46051016 0.4418245 0.07724399 0.036190793 0.011126087 0.041649472 -0.055811852 0.92777777 9.504258707263643
0.13913171 -0.08531798 -0.000861239 -0.03968432 -0.015247603 -0.046993874 0.063634336 -0.23090968 0.0 -0.2651156 -0.2449709 -0.13468616 -0.3796721 0.5837202 0.31595156 0.4532908 0.45065275 0.076747626 0.0387706 0.00086123886 0.03968432 -0.06312787 0.89444447 9.066268180105702
0.13793917 -0.08564966 0.018921938 0.051060516 -0.012429091 -0.057195745 0.04774512 -0.30945078 0.0 -0.2596214 -0.25248837 -0.12592447 -0.383947 0.5751883 0.3291034 0.44149134 0.46056205 0.075173095 0.039560128 -0.018921938 -0.051060516 -0.10167231 0.8611111 8.597086042452089
0.13775696 -0.08732485 -0.044393394 0.032188255 -0.007889518 -0.06708037 0.11324868 -0.27912244 0.0 -0.25357473 -0.25876853 -0.11734881 -0.38760465 0.5697772 0.3389336 0.43355128 0.4677697 0.07548216 0.039729808 0.044393394 -0.032188255 -0.047078773 0.8277778 8.164230704213947
0.13869394 -0.08637162 0.017481387 -0.05518753 -0.0053140996 -0.073814325 0.049891993 -0.18168694 0.0 -0.25228778 -0.25874195 -0.11539691 -0.38687134 0.56795985 0.3432133 0.431069 0.47134268 0.075219885 0.041455388 -0.017481387 0.05518753 -0.0032114184 0.79444444 7.813115895106738
0.14042388 -0.085584536 -0.028360216 -0.051443994 -0.0036793489 -0.079681754 0.08974541 -0.177035 0.0 -0.25541425 -0.2532296 -0.120413534 -0.38334897 0.5735566 0.3366548 0.43855587 0.46677423 0.07645245 0.0421417 0.028360216 0.051443994 0.08672001 0.76111114 7.4821058327624295
0.14203438 -0.08442856 -0.0037192993 -0.05977523 -0.00298997 -0.085119136 0.058567964 -0.16078167 0.0 -0.25979072 -0.24644485 -0.12725098 -0.37907016 0.58008397 0.3278084 0.44754422 0.46043372 0.07755043 0.04265834 0.0037192993 0.05977523 0.05128797 0.7277778 7.1734394651711115
0.14352894 -0.082987376 -0.0014301289 -0.061949067 -0.0027330767 -0.090191625 0.050431438 -0.15081488 0.0 -0.26395932 -0.23981854 -0.13374414 -0.37472686 0.5857669 0.3197541 0.45555174 0.45466244 0.07835443 0.043379255 0.0014301289 0.061949067 0.06661937 0.6944444 6.884705550291434
0.14555056 -0.08297109 -0.055286936 -0.032410234 -0.0015383167 -0.095692515 0.09841332 -0.17285286 0.0 -0.26706114 -0.23330009 -0.13946971 -0.37069252 0.59328985 0.3097951 0.46569845 0.4471875 0.08064607 0.043249007 0.055286936 0.032410234 0.06972034 0.6611111 6.587712733729429
0.14757314 -0.08381935 -0.0631373 -0.018047111 0.0002475954 -0.101639904 0.101306446 -0.17979811 0.0 -0.2688044 -0.22813919 -0.14349833 -0.36761907 0.60039437 0.30067998 0.4750883 0.44015986 0.08342048 0.042632543 0.0631373 0.018047111 0.05177074 0.62777776 6.2925844233017
0.14978036 -0.08422542 -0.054294664 -0.04012866 0.003173741 -0.106916636 0.090553105 -0.15001197 0.0 -0.267379 -0.22639123 -0.14237341 -0.36614048 0.602956 0.3005559 0.4779504 0.44030517 0.08542787 0.043621775 0.054294664 0.04012866 -0.023500836 0.59444445 6.0199725058524285
0.15157741 -0.084944926 -0.057480082 -0.012291774 0.006250107 -0.11244235 0.0924365 -0.17034511 0.0 -0.26540616 -0.22591016 -0.14030544 -0.36557427 0.60456985 0.30162945 0.47946912 0.44129357 0.08721679 0.044342995 0.057480082 0.012291774 0.011459673 0.5611111 5.742442189873683
0.15208766 -0.08343102 0.05290151 -0.05108 0.0039636963 -0.11704973 -0.023520686 -0.12512416 0.0 -0.2713213 -0.21802348 -0.14959231 -0.3606359 0.61100733 0.28858536 0.48927832 0.4311978 0.08765631 0.043729816 -0.05290151 0.05108 0.13360605 0.5277778 5.515287699025734
0.1530141 -0.08118758 0.007922773 -0.07412346 -0.00039684 -0.120551296 0.013871789 -0.096096404 0.0 -0.28004694 -0.20525774 -0.16380587 -0.35237765 0.6208336 0.26757467 0.50459254 0.41469458 0.08858554 0.042713616 -0.007922773 0.07412346 0.1348409 0.49444443 5.312857103324513
0.1545516 -0.07915117 -0.0025955786 -0.076157816 -0.0028216976 -0.12351137 0.019451652 -0.08783666 0.0 -0.28506702 -0.1956643 -0.17252792 -0.34563497 0.62731564 0.25457358 0.5147765 0.40454423 0.08962984 0.043044653 0.0025955786 0.076157816 0.056575667 0.4611111 5.115139292829747
0.15554594 -0.07672155 0.0264887 -0.074621335 -0.005670273 -0.12621838 -0.013711042 -0.08323543 0.0 -0.289845 -0.18689156 -0.18057981 -0.33926404 0.6320734 0.24348357 0.5228082 0.39585605 0.089933135 0.043647565 -0.0264887 0.074621335 0.089066826 0.42777777 4.929988502764321
0.15723917 -0.0746534 -0.019635184 -0.07914499 -0.008269859 -0.12852602 0.0281497 -0.07275935 0.0 -0.294149 -0.17699157 -0.18869208 -0.33202407 0.638148 0.230413 0.53269106 0.3854455 0.091223635 0.04406864 0.019635184 0.07914499 0.08613394 0.39444444 4.754426614769403
0.15639825 -0.0727531 0.08268916 -0.007259108 -0.010513413 -0.13231643 -0.07534409 -0.13871382 0.0 -0.29691398 -0.1741985 -0.19234519 -0.32983145 0.6376972 0.22786887 0.5331284 0.38350183 0.089716315 0.044654675 -0.08268916 0.007259108 -0.021679435 0.3611111 4.532017154548187
0.15505286 -0.07024331 0.06906581 -0.052854877 -0.013695417 -0.1356487 -0.06294484 -0.08741952 0.0 -0.30057636 -0.1708653 -0.19704756 -0.32719198 0.63669485 0.22496164 0.53316605 0.38128832 0.08750454 0.04540516 -0.06906581 0.052854877 0.051906545 0.32777777 4.3561025346910105
0.15310787 -0.068054825 0.08892154 -0.009913701 -0.01828659 -0.13922243 -0.0849378 -0.1249118 0.0 -0.30576965 -0.1658292 -0.20445041 -0.32359695 0.6369776 0.21677227 0.53565836 0.37454003 0.085315526 0.04496002 -0.08892154 0.009913701 0.049956325 0.29444444 4.157417593461469
0.15217772 -0.06526274 0.055414453 -0.07398994 -0.0218506 -0.14155683 -0.05286974 -0.055563163 0.0 -0.3096692 -0.16092499 -0.20991667 -0.31968796 0.6368192 0.21232557 0.53706664 0.37108853 0.08348338 0.045982588 -0.055414453 0.07398994 0.023100065 0.2611111 4.009355306637332
0.1540639 -0.06309833 -0.047029503 -0.083186924 -0.022697698 -0.14272748 0.048275437 -0.04128743 0.0 -0.3107317 -0.15510356 -0.21251273 -0.3148198 0.6393073 0.20901471 0.54108834 0.36873096 0.08439523 0.048008233 0.047029503 0.083186924 0.040059086 0.22777778 3.8732919045239873
0.15717809 -0.06198284 -0.068831526 -0.07159065 -0.023446372 -0.14376238 0.06765513 -0.04798719 0.0 -0.31162938 -0.14636643 -0.2165994 -0.30800045 0.6454486 0.19882613 0.5504186 0.36046013 0.087450586 0.04886387 0.068831526 0.07159065 0.09004264 0.19444445 3.737579253692637
0.16037858 -0.0607674 -0.0621492 -0.08161676 -0.023467347 -0.14465763 0.05933325 -0.03322802 0.0 -0.3115621 -0.13913889 -0.21891458 -0.3021502 0.65047914 0.19196981 0.5578316 0.35498112 0.09034023 0.05021324 0.0621492 0.08161676 0.025579672 0.16111112 3.609561368212721
0.16033535 -0.060559005 0.044973083 0.039550625 -0.026921982 -0.1476864 -0.050080083 -0.14979243 0.0 -0.31465513 -0.1321585 -0.2255793 -0.29714864 0.65436816 0.17792238 0.5652923 0.34291252 0.09127521 0.04839694 -0.044973083 -0.039550625 0.11625484 0.12777779 3.406361575712234
0.15796722 -0.05864675 0.098267764 -0.053430926 -0.034924448 -0.14967045 -0.10658593 -0.0522608 0.0 -0.32172537 -0.12129074 -0.23801553 -0.28906712 0.6567918 0.15738538 0.573082 0.32516176 0.08981543 0.046082698 -0.098267764 0.053430926 0.11337528 0.094444446 3.277516319790758
0.15848139 -0.056363177 -0.033834804 -0.081308365 -0.04029737 -0.14968973 0.022778766 -0.019937633 0.0 -0.32573473 -0.10922274 -0.24713401 -0.2794525 0.6607581 0.13975142 0.5821574 0.3099812 0.09067673 0.04563585 0.033834804 0.081308365 0.10495137 0.06111111 3.1679372795849265
0.16160272 -0.054769065 -0.08343925 -0.074375525 -0.04250289 -0.1491458 0.070216164 -0.022568064 0.0 -0.32630542 -0.09775995 -0.25229356 -0.27003443 0.66650367 0.12469547 0.5924918 0.29696995 0.094105445 0.045886874 0.08343925 0.074375525 0.09081113 0.027777778 3.056956573171493
0.16245244 -0.052499585 0.063006744 -0.07117303 -0.045151975 -0.1492619 -0.07701798 -0.021769041 0.0 -0.3277289 -0.0907398 -0.25614688 -0.264038 0.66811013 0.11773277 0.5965281 0.29103097 0.09466035 0.04698101 -0.063006744 0.07117303 0.024051305 0.0 2.94613569341353
0.16206351 -0.05231603 -0.0238168 0.050077032 -0.045564543 -0.15240961 0.010634192 -0.13940422 0.0 -0.32787505 -0.09173764 -0.255755 -0.26481262 0.66731155 0.11982756 0.59519154 0.29290253 0.09408432 0.047294684 0.0238168 -0.050077032 -0.031331573 0.0 2.743970613101142
0.1647671 -0.05395654 -0.14043649 -0.014351031 -0.040365003 -0.15645984 0.12914933 -0.07165402 0.0 -0.32322899 -0.09740457 -0.24834453 -0.26930153 0.6684393 0.1300822 0.59355485 0.30197918 0.09644809 0.04837217 0.14043649 0.014351031 -0.07685645 0.0 2.5770295378729866
0.16950819 -0.054471858 -0.12897103 -0.05855002 -0.03394438 -0.15833533 0.11929744 -0.024216745 0.0 -0.31728733 -0.10048068 -0.23997936 -0.27130142 0.6710646 0.14100772 0.5937567 0.31182846 0.10028618 0.05121664 0.12897103 0.05855002 -0.035629522 0.0 2.436838148617852
0.17392844 -0.052989244 -0.082780756 -0.11350767 -0.028887233 -0.15822703 0.07447266 0.033887953 0.0 -0.312643 -0.10118526 -0.23322645 -0.27103597 0.67264396 0.15251899 0.59322745 0.3223697 0.10302071 0.05566939 0.082780756 0.11350767 -0.05350717 0.0 2.326306710521537
0.17506114 -0.05232414 0.01563453 0.017902093 -0.030074285 -0.15943316 -0.02441138 -0.09430243 0.0 -0.31292352 -0.0968516 -0.23527893 -0.2675196 0.6749504 0.14658488 0.59730583 0.31725287 0.10435009 0.055668674 -0.01563453 -0.017902093 0.10087647 0.0 2.133935260251138
0.17475384 -0.050177667 0.04500247 -0.106253356 -0.035644937 -0.15922864 -0.05532314 0.033100273 0.0 -0.31643718 -0.08689718 -0.24321769 -0.25950992 0.67738354 0.13099408 0.60416406 0.3036068 0.10462927 0.0548164 -0.04500247 0.106253356 0.08427254 0.0 2.0207196349385277
0.17445949 -0.04544192 0.06708086 -0.12447589 -0.038344547 -0.15730692 -0.077104144 0.054215997 0.0 -0.31868488 -0.08215985 -0.2457323 -0.25488555 0.6754715 0.13419485 0.6025189 0.30692056 0.10260014 0.058902655 -0.06708086 0.12447589 -0.049121983 0.0 1.9094431368374791
0.17544091 -0.040837273 0.0042020082 -0.14138123 -0.03842983 -0.15525493 -0.013339628 0.07381704 0.0 -0.31899977 -0.07985934 -0.24479237 -0.25204968 0.6735561 0.14372312 0.5993487 0.31591344 0.101247735 0.0642647 -0.0042020082 0.14138123 -0.014094852 0.0 1.8054256075202992
0.17711574 -0.036328975 0.009954568 -0.14126682 -0.03783784 -0.15293753 -0.018250035 0.076297104 0.0 -0.31867924 -0.07742715 -0.24319401 -0.24906115 0.6721873 0.15352671 0.5967021 0.3251607 0.10048539 0.069816574 -0.009954568 0.14126682 -0.03820224 0.0 1.697297702787178
0.178361 -0.031671844 0.027596256 -0.13943882 -0.039201237 -0.15019579 -0.035714187 0.07704414 0.0 -0.3195866 -0.071900934 -0.24451086 -0.24371444 0.67182785 0.15668958 0.5967521 0.3285031 0.09992793 0.074342884 -0.027596256 0.13943882 0.036556337 0.0 1.5899584333381622
0.18111457 -0.027985942 -0.06646278 -0.12440837 -0.04206348 -0.14675136 0.057182964 0.064679645 0.0 -0.32011044 -0.059515804 -0.24931037 -0.23313493 0.6766583 0.14446545 0.6058582 0.31808457 0.10289535 0.076299496 0.06646278 0.12440837 0.1220058 0.0 1.473166831061115
0.18362778 -0.024018424 -0.0050123394 -0.14118545 -0.045904823 -0.14274186 -0.005645628 0.084104486 0.0 -0.32080498 -0.045144547 -0.25532496 -0.2208392 0.6817132 0.12838772 0.61623317 0.30408236 0.10614057 0.07772606 0.0050123394 0.14118545 0.098493494 0.0 1.3618456235600365
0.18578497 -0.019710535 -0.025090745 -0.13977258 -0.050072435 -0.1383165 0.013147094 0.085283086 0.0 -0.32139066 -0.03034735 -0.26142117 -0.20799844 0.6860513 0.111838914 0.62608176 0.28949 0.10917875 0.07915002 0.025090745 0.13977258 0.11844684 0.0 1.246757977630175
0.18813342 -0.015522402 -0.029160252 -0.13833852 -0.051991586 -0.13446233 0.016751083 0.086206414 0.0 -0.3209126 -0.019885585 -0.2641334 -0.1985819 0.68891364 0.104240425 0.63213444 0.28293675 0.11154828 0.081885226 0.029160252 0.13833852 0.025799679 0.0 1.120829390144121
0.19192466 -0.01307514 -0.11703452 -0.07719851 -0.0528027 -0.13140894 0.10387367 0.027428685 0.0 -0.31834972 -0.008503114 -0.2660251 -0.18855417 0.69424725 0.090510525 0.6419226 0.27056158 0.1165048 0.08249827 0.11703452 0.07719851 0.13141121 0.0 0.9560232249907323
0.19411013 -0.009833587 0.01241782 -0.13483283 -0.05449351 -0.1282912 -0.025970351 0.08727069 0.0 -0.31718916 0.0012681994 -0.26830742 -0.1797479 0.6971117 0.0809548 0.64822996 0.26197088 0.11932157 0.08396087 -0.01241782 0.13483283 0.025216961 0.0 0.8180567415606399
0.193494 -0.005394464 0.07459997 -0.11272467 -0.057256475 -0.12545666 -0.08782642 0.067093104 0.0 -0.31891355 0.0068395245 -0.2708532 -0.17439638 0.6957383 0.081925474 0.64767796 0.2631614 0.11796772 0.08755178 -0.07459997 0.11272467 0.00944041 0.0 0.6641475031369426
0.1925631 -0.0006828144 0.05211856 -0.13200228 -0.06072717 -0.12216789 -0.06515829 0.08826389 0.0 -0.32092673 0.013600503 -0.2742485 -0.16799629 0.6942677 0.08095423 0.64758945 0.262551 0.11655674 0.09098207 -0.05211856 0.13200228 0.03631727 0.0 0.5166778921005521
0.19347587 0.0039215446 -0.01869021 -0.14008966 -0.0628831 -0.11813523 0.0056436155 0.09823041 0.0 -0.32093763 0.02226674 -0.27651381 -0.15989466 0.69501364 0.07703236 0.6505898 0.25919375 0.11747135 0.09421992 0.01869021 0.14008966 0.047288645 0.0 0.3651606168573669
0.19607197 0.007922629 -0.063300565 -0.12675521 -0.063536435 -0.114009984 0.05013571 0.08674495 0.0 -0.31890243 0.031793322 -0.27735183 -0.15104486 0.6977851 0.07055832 0.6562345 0.25339648 0.12058497 0.09683584 0.063300565 0.12675521 0.06047579 0.0 0.19759504600129096
0.19628057 0.012064644 0.072463006 -0.11584514 -0.0647688 -0.11117571 -0.08514079 0.07741901 0.0 -0.319588 0.03613493 -0.2781841 -0.14673652 0.69713026 0.074084446 0.6557264 0.2569559 0.11995141 0.10082492 -0.072463006 0.11584514 -0.035866804 0.0 0.016561016197469858
