121
-0.45962283 -0.026136337 -0.043068282 0.07244286 0.5521919 -0.19004773 0.040313438 -0.09565694 0.0 0.95855314 -0.08138491 0.96124524 0.10609576 -0.03865169 0.120453715 -0.041343804 -0.06702696 0.44855586 -0.06635791 0.07321064 -0.20659448 0.48027298 -0.08000704 0.05229592 -0.1643755 0.8988324 -0.0044169133 -0.015568068 -0.04557283 0.54625154 -0.14541519 0.11406676 -0.17953855 0.58759177 -0.12420486 0.13464114 -0.07480921 -0.20022482 0.0 -0.15327874844269423
-0.46199313 -0.022801386 -0.083820835 0.10504062 0.56188494 -0.17139234 0.0820748 -0.12758157 0.0 0.9635332 -0.04547799 0.95857364 0.1419564 -0.04107648 0.11550528 -0.036116898 -0.07192911 0.45277208 -0.0558658 0.0368928 -0.23794015 0.48657203 -0.066289455 0.12368227 -0.17427075 0.9014215 0.030418228 0.16209586 -0.05052117 0.55447984 -0.13061683 0.048019614 -0.2386577 0.59853333 -0.1053762 0.19557488 -0.1933227 -0.09863657 0.0 -0.15548738291722564
-0.46227542 -0.02137894 0.039944675 0.0016730514 0.5647049 -0.16503267 -0.041303832 -0.023496019 0.0 0.9644514 -0.03232813 0.95666116 0.15500997 -0.04247538 0.11346215 -0.034685165 -0.07387594 0.4552626 -0.053457808 0.057215344 -0.06921133 0.49067944 -0.063695304 0.057568267 -0.10451179 0.90126497 0.043123245 -0.09242034 -0.01642375 0.5560387 -0.12839521 -0.052498803 -0.14307022 0.60151136 -0.100148715 -0.055233456 -0.068691656 -0.015053728 0.0 -0.15666610822279042
-0.46024808 -0.018851789 0.06440343 0.12922098 0.5657262 -0.15803015 -0.0653315 -0.15034705 0.0 0.96300894 -0.01731919 0.9517921 0.169845 -0.04641689 0.11002204 -0.035200085 -0.07714215 0.45857528 -0.049758006 0.06771316 -0.17820175 0.49026322 -0.058718685 -0.108671546 -0.13439433 0.8992782 0.05551626 0.014835328 -0.19094181 0.55837595 -0.124802165 0.03191731 -0.22957812 0.59851557 -0.0944904 -0.18420693 -0.20728435 -0.117528476 0.0 -0.1561706201287873
-0.45954365 -0.017814927 -0.0066544604 -0.02645761 0.57128364 -0.13585745 0.006618225 0.0060063484 0.0 0.9622886 0.022152504 0.9431989 0.20867819 -0.051604755 0.10686626 -0.03251502 -0.079659425 0.46125132 -0.03260849 0.026455102 -0.0089040045 0.49264246 -0.042264607 0.057264004 -0.10502417 0.8963052 0.09236295 -0.013916125 0.07467933 0.56672394 -0.104464725 0.14053825 -0.0189858 0.60019773 -0.073581755 0.02085339 -0.08689659 -0.19985029 0.0 -0.1573009265639096
-0.45890218 -0.018742269 0.042531304 -0.022825243 0.5747209 -0.11674359 -0.041912824 0.0030559313 0.0 0.9602708 0.054767277 0.9350287 0.2405604 -0.05586797 0.10593542 -0.030625785 -0.0798577 0.46250322 -0.015042471 0.0023157618 0.122118406 0.4962704 -0.028422855 0.07541691 -0.05421539 0.8933707 0.12582631 0.040220328 0.13987045 0.57082784 -0.0876905 -0.041704588 -0.09441598 0.6000473 -0.057125878 -0.122218296 -0.09387472 -0.042324297 0.0 -0.15829591437030324
-0.45880502 -0.01923075 -0.022429973 -0.0073407553 0.57458025 -0.11691339 0.023028301 -0.011778657 0.0 0.9601083 0.055247445 0.93486434 0.24104032 -0.056031 0.10640584 -0.030787034 -0.07938704 0.46510288 -0.011206333 0.12183119 0.09660006 0.49673596 -0.030619716 -0.02121522 -0.07836166 0.8933143 0.12787417 -0.024105301 0.013034031 0.56899625 -0.09154492 -0.053561974 -0.112555794 0.5967367 -0.059855036 -0.08098244 -0.07691626 0.04395913 0.0 -0.1585079401953687
-0.45992592 -0.019252067 -0.039827365 -0.0025502495 0.5730752 -0.12961097 0.04001176 -0.015948769 0.0 0.962179 0.034918506 0.9409009 0.22120725 -0.052639 0.107724346 -0.031360958 -0.0785644 0.46996522 -0.02027269 0.17107467 -0.021411005 0.49683332 -0.04546481 0.059404373 -0.13756998 0.8956597 0.11180288 0.008190494 0.14158587 0.5647482 -0.107058495 -0.065913826 -0.093968414 0.59205496 -0.07439866 -0.09727836 -0.03930334 0.11487235 0.0 -0.15903859920496694
-0.45881113 -0.020403204 0.08881227 -0.053601753 0.56536216 -0.15512036 -0.089449316 0.035721324 0.0 0.96158016 -0.007886858 0.9488124 0.17917794 -0.048866443 0.11108351 -0.03609874 -0.07598128 0.4712692 -0.043147467 0.01223986 -0.04515355 0.4936399 -0.06993028 -0.06767245 -0.0055770962 0.8995975 0.07371329 -0.024201429 0.054123223 0.5576292 -0.13400151 -0.04335195 -0.00937819 0.5834292 -0.10187187 -0.17479374 -0.0068590203 0.22221811 0.0 -0.1592718640299839
-0.4557364 -0.019653054 0.09315852 0.08170687 0.55242884 -0.18861263 -0.094764054 -0.09893583 0.0 0.9564835 -0.063731804 0.95445085 0.12375718 -0.04549037 0.112916544 -0.04345775 -0.07457244 0.46772993 -0.07476329 -0.019199079 -0.20246857 0.4874669 -0.10268702 -0.029489238 -0.20997338 0.8994249 0.019433731 -0.1320982 -0.17281345 0.5483216 -0.17009516 -0.015942715 -0.19867793 0.57273453 -0.13940687 -0.07107654 -0.21826702 0.20609912 0.0 -0.16024114286029678
-0.45328242 -0.01979023 0.05199326 -0.06840446 0.53445 -0.22917677 -0.054772798 0.051902138 0.0 0.9467206 -0.133931 0.9585452 0.053195782 -0.039464228 0.116260454 -0.051288854 -0.07086632 0.4576309 -0.11232923 -0.13645563 -0.028535627 0.47710615 -0.14247908 -0.035586193 -0.06293421 0.8971621 -0.049825627 0.04135055 -0.022116799 0.53391534 -0.21417461 0.005844263 -0.06092285 0.5573964 -0.18563038 -0.10592183 -0.062165223 0.3381288 0.0 -0.1604625698804375
-0.45225665 -0.01927334 0.021943947 0.070387974 0.51184887 -0.27459008 -0.02597667 -0.08606214 0.0 0.93085086 -0.21414068 0.95851123 -0.028692173 -0.030547528 0.11882992 -0.05820792 -0.06661859 0.44499108 -0.15466376 0.02426082 -0.18688232 0.46196643 -0.18760987 -0.035799764 -0.21147472 0.8900135 -0.12847942 -0.010003538 -0.12090261 0.51569796 -0.26124513 0.098419406 -0.09542258 0.5357579 -0.23551248 -0.121268 -0.13652909 0.29441163 0.0 -0.16033950792025095
-0.45068353 -0.019394664 0.055257622 -0.07385584 0.48253828 -0.32082275 -0.060545042 0.05912334 0.0 0.90551674 -0.29894367 0.9502347 -0.11685425 -0.020908834 0.12164147 -0.065626785 -0.060447942 0.4264296 -0.19912742 -0.1162478 -0.05109907 0.4392397 -0.23348092 -0.12536511 -0.049163032 0.87507784 -0.20981519 0.055057947 0.11352126 0.48791584 -0.31107268 -0.11739404 -0.052815735 0.50849134 -0.28583765 -0.078133784 -0.012653617 0.3885482 0.0 -0.15961089605970322
-0.4509361 -0.02028515 -0.061383273 0.018479237 0.45012754 -0.3649979 0.054936804 -0.032176055 0.0 0.87348616 -0.38301238 0.9353316 -0.20600563 -0.008704467 0.12383664 -0.07054989 -0.053170122 0.40563717 -0.24256304 0.08398968 -0.15674527 0.4158167 -0.27748767 0.12391367 -0.139946 0.8551706 -0.29310971 0.15151064 -0.12185706 0.45365575 -0.3591056 -0.03322842 -0.12385349 0.47738108 -0.33621606 -0.012056429 -0.14094748 0.31870407 0.0 -0.1596970993620355
-0.4506265 -0.02108935 0.0419211 -0.059481293 0.4264212 -0.3917748 -0.048964903 0.046646748 0.0 0.84808666 -0.43556774 0.92078704 -0.26273572 -0.0009838198 0.12499941 -0.073684156 -0.04783262 0.3903415 -0.2675549 -0.025768936 0.08960566 0.40136778 -0.30457237 0.08810147 0.0102668 0.8364164 -0.34570712 -0.044409934 0.08012314 0.42651132 -0.38610053 -0.17246538 0.10024176 0.45249835 -0.36793494 -0.14113104 -0.04186993 0.1351049 0.0 -0.15878049933751354
-0.4512129 -0.021507034 -0.063951194 0.03781927 0.40850547 -0.41116187 0.05657805 -0.049907144 0.0 0.8279743 -0.47379696 0.90850776 -0.30447298 0.005446524 0.12503879 -0.07508693 -0.044285197 0.37964344 -0.28660348 0.11422218 -0.13901463 0.39142045 -0.32535756 0.16126162 -0.13813983 0.82052475 -0.38545018 0.06990825 -0.15133478 0.40470588 -0.40299776 -0.06573105 0.024105338 0.43296453 -0.3906941 -0.015718784 -0.108717345 0.20775108 0.0 -0.15915044219051094
-0.45160848 -0.019433267 0.07248363 0.076318614 0.4048918 -0.4103436 -0.24069339 -0.037675895 0.0 0.8303899 -0.47067428 0.9098667 -0.30085173 0.0041465103 0.12302438 -0.075330265 -0.046798155 0.38128254 -0.29085767 -0.08881867 -0.21674116 0.39530638 -0.32902738 -0.01856793 -0.20647803 0.82361174 -0.3837274 -0.01561422 -0.0628755 0.40420344 -0.40205592 -0.115599155 -0.06267428 0.43454018 -0.39386782 -0.066719465 -0.22009684 -0.25917652 0.0 -0.15994162323492853
-0.45083493 -0.018196298 0.011056986 -0.013958195 0.43495783 -0.37025648 -0.17812648 0.05344932 0.0 0.86981213 -0.3914362 0.9329734 -0.21489467 -0.008581369 0.12196531 -0.07174262 -0.054576203 0.40476418 -0.25929022 -0.0560424 -0.1202847 0.42386752 -0.29433525 -0.02651069 -0.059144415 0.8545354 -0.30658326 -0.06883064 -0.053606436 0.43730953 -0.36254033 -0.053108186 0.033443496 0.46786186 -0.3564694 -0.046434205 -0.11390069 -0.44294122 0.0 -0.1603491304064929
-0.45126227 -0.017166562 -0.018949008 0.064363636 0.4688577 -0.31302828 -0.2535208 0.011779567 0.0 0.9122575 -0.28026983 0.9527618 -0.09719704 -0.02362641 0.118826106 -0.064130746 -0.06424669 0.43247572 -0.21192025 -0.049021482 -0.18792872 0.45869282 -0.24404527 0.06915567 -0.19779249 0.8853851 -0.19768704 0.0002607763 0.005149655 0.4776785 -0.30532122 -0.019212253 -0.043129213 0.5081655 -0.29924414 -0.030529184 -0.14366448 -0.48611102 0.0 -0.16087271301325232
-0.45279738 -0.013198456 -0.03376441 0.13918185 0.49722707 -0.25293225 -0.23702775 -0.10002313 0.0 0.9418917 -0.16477697 0.9585288 0.021983461 -0.037526738 0.110714965 -0.05416389 -0.07604545 0.45860028 -0.16227183 0.1304929 -0.23553063 0.48931888 -0.19156255 0.08326947 -0.27167818 0.9036145 -0.083414316 0.0024537381 -0.03975971 0.5128765 -0.24660484 0.0026000561 -0.17941318 0.54272133 -0.23827736 0.008261131 -0.22088143 -0.46309623 0.0 -0.1613115947530145
-0.45337126 -0.00912088 -0.00540247 0.12094608 0.51799923 -0.18922725 -0.25919402 -0.117876515 0.0 0.95613503 -0.043411985 0.94804436 0.14391337 -0.051024225 0.100763015 -0.042933535 -0.08656234 0.47984692 -0.10813759 0.08592756 -0.2373335 0.5131014 -0.13387649 0.0635052 -0.2502028 0.9057624 0.03333285 -0.04958941 -0.13195774 0.5398631 -0.18068999 -0.043422528 -0.09784047 0.5701438 -0.17298512 0.006761072 -0.25975713 -0.51416063 0.0 -0.1620132697198275
-0.4536279 -0.007922154 -0.0070636957 -0.02867811 0.5336557 -0.10574261 -0.24597172 -0.009607329 0.0 0.95113933 0.11002988 0.91298336 0.2936065 -0.066091895 0.090108044 -0.027935937 -0.09346857 0.49461797 -0.03421951 0.09554218 -0.082041234 0.531364 -0.054428633 0.09663798 -0.0807359 0.890033 0.17670977 0.09379852 -0.005051244 0.56058836 -0.09187635 -0.038692504 0.049340818 0.5908595 -0.08450876 -0.01805068 -0.10693081 -0.6898974 0.0 -0.16298673200692917
-0.45424253 -0.0079760775 -0.026159879 0.008099438 0.53572613 -0.032501314 -0.21101283 -0.07885676 0.0 0.9270966 0.24171852 0.86373866 0.41818956 -0.07744013 0.08028056 -0.014082196 -0.09619046 0.49784154 0.032361653 0.097996205 -0.0935169 0.5358414 0.016154181 0.035849553 -0.14747122 0.858218 0.30037734 0.007436252 0.06485842 0.56740797 -0.014190685 0.00031789762 -0.06333457 0.59711695 -0.0053162365 0.015995326 -0.13239619 -0.33794025 0.0 -0.16414158253692043
-0.45399663 -0.0098453285 0.064986534 -0.08855383 0.52785337 -0.017706484 -0.29226276 0.013442763 0.0 0.9187181 0.27038226 0.8502256 0.44492462 -0.08066686 0.079631396 -0.012174388 -0.09491095 0.49804348 0.044451356 -0.010785643 -0.04247248 0.5356557 0.028964436 -0.0072158617 -0.03960302 0.84873813 0.32693925 -0.020475565 0.033333812 0.56509054 0.0024666712 -0.10149796 0.048131686 0.59541994 0.009518258 -0.10690346 -0.04074461 0.124860846 0.0 -0.16600456349376602
-0.45519662 -0.01151398 -0.073278256 -0.034958195 0.5203133 -0.031197177 -0.14827509 -0.032161895 0.0 0.92575216 0.2492916 0.8616478 0.42549285 -0.07809223 0.08360294 -0.013987876 -0.092598304 0.50310767 0.031479307 0.20762339 -0.0010471856 0.5367641 0.01297169 0.041904837 -0.100844935 0.85652614 0.3069628 0.007798992 0.044259064 0.56366 -0.011104307 -0.0044145696 -0.013418449 0.59438896 -0.005134614 0.023130586 0.032491516 0.061113715 0.0 -0.1672517543247109
-0.45556185 -0.011091112 0.030012298 0.037480325 0.5112887 -0.058815584 -0.24720868 -0.09180493 0.0 0.9373403 0.20328335 0.8819565 0.38241705 -0.07342329 0.08703694 -0.018039513 -0.092096776 0.50810695 0.0035261388 0.05809914 -0.147438 0.5341621 -0.016906874 -0.14930424 -0.10827549 0.8710553 0.26304993 0.018158713 -0.108601995 0.56083924 -0.040322807 -0.1093335 -0.080232285 0.59189016 -0.03615264 -0.07732346 -0.11405075 0.30772388 0.0 -0.16733695144844182
-0.45586726 -0.0124558145 -0.025690978 -0.09520664 0.49551213 -0.10984383 -0.18859994 0.06416836 0.0 0.95311695 0.10889893 0.91612273 0.29271317 -0.06421989 0.095410585 -0.027225656 -0.08840366 0.50719553 -0.048682153 0.03364204 0.067321755 0.5275246 -0.07339937 0.0049436903 -0.045311414 0.8947284 0.17536679 0.0728927 0.16515343 0.55165124 -0.09624461 -0.029563753 0.07424107 0.5828341 -0.09491996 -0.050150037 0.12042016 0.4388703 0.0 -0.1685458957730167
-0.4560801 -0.012830147 0.01690047 0.046290733 0.47345585 -0.16373514 -0.22619419 -0.053238668 0.0 0.9594925 0.0033708676 0.94302326 0.19014618 -0.053111684 0.10231048 -0.03664249 -0.08446483 0.49707678 -0.10659231 -0.11142269 -0.15543002 0.5137476 -0.13451406 -0.12448257 -0.13767579 0.9113451 0.078265764 0.0721681 0.02782321 0.5362317 -0.15645178 -0.061639752 -0.062174216 0.56818944 -0.1598293 -0.026287619 -0.14505428 0.38358894 0.0 -0.16869951506362738
-0.4575942 -0.012963843 -0.091852635 -0.0378776 0.4497129 -0.20900226 -0.11023855 0.051125474 0.0 0.95667535 -0.09102388 0.9586808 0.096465394 -0.041261975 0.107161306 -0.04326746 -0.080327965 0.48303607 -0.1583393 0.008555284 -0.04195075 0.49537086 -0.18670353 -0.028884517 -0.036101487 0.91685516 -0.011085329 0.059004463 0.024719154 0.5192651 -0.20687808 0.112962484 0.0857057 0.5493848 -0.21913598 0.02348376 -0.0866678 0.34281725 0.0 -0.16818533303548033
-0.45931616 -0.014544064 -0.02592852 -0.049541663 0.42576084 -0.24385846 -0.16773736 0.07882442 0.0 0.94742596 -0.17013255 0.965268 0.016516626 -0.03019425 0.11167402 -0.048036262 -0.07497515 0.46613812 -0.19973174 -0.08481195 -0.024097884 0.4755023 -0.2285521 -0.09853355 -0.008595955 0.91604763 -0.087079264 0.12821573 0.05877833 0.5027705 -0.24674015 0.02668336 0.12673527 0.5271896 -0.26621416 -0.0664724 -0.034542814 0.28169814 0.0 -0.16696665487156953
-0.45734626 -0.015945053 0.10821354 -0.050383322 0.40330338 -0.26452363 -0.29361403 0.08923856 0.0 0.9345672 -0.22169714 0.96292436 -0.036353886 -0.025573038 0.11488414 -0.053930167 -0.07045912 0.44973257 -0.22529957 -0.16201212 0.026033942 0.45582366 -0.2549154 -0.23712103 0.013582886 0.9095312 -0.13481253 -0.10129577 0.15849239 0.48649484 -0.27064878 -0.10045564 0.11807096 0.50535566 -0.2954602 -0.24457598 0.026463157 0.13439845 0.0 -0.16548140519293703
-0.45295274 -0.015926313 0.13303374 0.0017833087 0.3891297 -0.26815757 -0.311788 0.038335793 0.0 0.9269902 -0.23423196 0.95797515 -0.04930986 -0.028276086 0.1159431 -0.059261017 -0.068979 0.4405956 -0.2326668 -0.17283708 -0.06310898 0.44330445 -0.2621492 -0.26380748 -0.05689481 0.90249133 -0.14606431 -0.17437688 -0.03224482 0.47638142 -0.27611277 -0.20534824 -0.0009952735 0.49218285 -0.3029264 -0.26749203 -0.03572514 -0.030160388 0.0 -0.16469386253129667
-0.45150864 -0.016370794 -0.021058567 -0.035800572 0.38718212 -0.2584772 -0.15256079 0.07113555 0.0 0.9301253 -0.2149958 0.9574056 -0.029491005 -0.03195331 0.11600426 -0.05923367 -0.06950055 0.443246 -0.22201706 0.022364037 0.12619661 0.44248933 -0.2535237 -0.120034456 0.034507178 0.90303594 -0.12635517 0.00839224 0.107794076 0.47817615 -0.26502308 -0.043902487 0.06732055 0.49265668 -0.29294634 -0.1031693 0.03540917 -0.120324224 0.0 -0.16299720418123279
-0.45265904 -0.0176572 -0.050118964 -0.032614324 0.3953912 -0.23637444 -0.11931618 0.058186393 0.0 0.94114035 -0.16614513 0.9589318 0.020508865 -0.036556177 0.115396604 -0.054347627 -0.07125739 0.45325252 -0.19699872 -0.048722688 0.016273642 0.4513474 -0.2301644 -0.08900974 0.0058206352 0.9065022 -0.076851025 -0.08204167 0.0844838 0.49076056 -0.23696981 0.0075205904 0.120442286 0.50377965 -0.26544556 -0.071793735 0.05876029 -0.25863016 0.0 -0.16235256701153394
-0.45153618 -0.018220585 0.09039214 -0.0015802573 0.40944 -0.19667044 -0.25587016 0.010550371 0.0 0.9515821 -0.07494907 0.9514677 0.1125509 -0.048532117 0.11194101 -0.048417762 -0.07555896 0.46472862 -0.15432262 -0.21091838 -0.07374916 0.46853903 -0.18814711 -0.08495814 -0.10924064 0.90500784 0.013537615 -0.17662355 0.112669334 0.50964004 -0.18590967 -0.08906174 0.07799191 0.5209314 -0.2154321 -0.23228928 0.0037342042 -0.4506705 0.0 -0.1627637631229983
-0.4506754 -0.02008402 -0.012992372 -0.09445986 0.4192626 -0.15684228 -0.14716868 0.08846815 0.0 0.95342046 0.014134326 0.93616545 0.20083867 -0.05959108 0.10881178 -0.04233604 -0.07789257 0.47360525 -0.11228691 -0.029282864 0.003978597 0.48352635 -0.14683571 0.04029129 -0.02918345 0.89873415 0.09986437 0.06340267 0.123181656 0.5214597 -0.13561569 -0.06508343 0.10669526 0.5333029 -0.16723065 -0.095407695 0.004551678 -0.22667262 0.0 -0.1628451311134481
-0.4504216 -0.020524424 0.022306958 0.047924593 0.41948083 -0.14050613 -0.17686296 -0.059705056 0.0 0.9518516 0.051397435 0.9273894 0.23729485 -0.0640635 0.10682944 -0.03960123 -0.079067975 0.47398937 -0.09646323 -0.14399542 -0.11957711 0.49019328 -0.12869126 0.038382195 -0.014946235 0.89278007 0.13563032 -0.11381815 -0.03557705 0.5241194 -0.11661263 -0.064575285 -0.11892573 0.53849447 -0.14752866 0.016067782 -0.061048493 -0.05242819 0.0 -0.16488963621767871
-0.45083997 -0.021497596 -0.0321363 -0.08535823 0.41208225 -0.14745072 -0.1175226 0.076707065 0.0 0.95294034 0.034953855 0.93188995 0.22126846 -0.061787937 0.108999856 -0.040737573 -0.07731475 0.47063515 -0.107907146 0.021950921 -0.050823357 0.4891999 -0.1330299 0.04264252 0.22888996 0.8923812 0.11907735 -0.055686027 0.01580877 0.51962465 -0.12569414 -0.053098764 0.09460887 0.5355491 -0.15500905 -0.01789908 0.16363932 0.18705556 0.0 -0.1667454929748973
-0.45267212 -0.023356918 -0.06009377 -0.03947492 0.40169126 -0.164273 -0.08487668 0.037754096 0.0 0.955245 -0.006803679 0.94276047 0.18028022 -0.05502035 0.11369573 -0.04253576 -0.07338817 0.4628592 -0.12574033 -0.05575266 0.10985924 0.4826953 -0.15621975 -0.031102061 -0.073486835 0.8980241 0.07911579 0.09610909 0.04154114 0.51486963 -0.147538 0.019116798 0.066417485 0.5263519 -0.17660846 -0.039619736 -0.033164643 0.15327199 0.0 -0.1663510089868726
-0.45410886 -0.026270054 -0.024713611 -0.12213385 0.39069661 -0.17871507 -0.11542828 0.12664881 0.0 0.9553882 -0.04594158 0.9511589 0.14151071 -0.048586674 0.11895438 -0.044357363 -0.06849791 0.45382348 -0.14288315 -0.10991397 0.08448867 0.47250354 -0.176013 -0.114772774 0.10873624 0.90238285 0.039908916 0.017645162 -0.004713652 0.5067412 -0.16793928 -0.05050004 0.071592666 0.5160462 -0.20004621 -0.06475678 0.0120580215 0.17029217 0.0 -0.16646802652898518
-0.45237213 -0.029628217 0.102623485 -0.08797242 0.36919773 -0.2051689 -0.23738544 0.10307174 0.0 0.94719434 -0.11809815 0.9578414 0.069099315 -0.040545072 0.12588365 -0.05119214 -0.061313804 0.4375801 -0.17446479 -0.11236229 0.1305167 0.4508518 -0.20858504 -0.23739888 0.1296841 0.8987105 -0.031830773 -0.20810719 0.0052146744 0.4875783 -0.20343491 -0.17934573 0.13862237 0.49326605 -0.23985839 -0.21977118 0.008612431 0.42165777 0.0 -0.16576524845862164
-0.44997928 -0.031221949 0.04506361 -0.032580443 0.34380862 -0.23320663 -0.17366901 0.058276407 0.0 0.9314813 -0.19675611 0.95809925 -0.0111551 -0.03177279 0.1308073 -0.058390737 -0.05479371 0.41656882 -0.20964578 -0.15909219 -0.014364264 0.4248512 -0.24263397 -0.17339565 0.087092124 0.88653237 -0.10626609 -0.16456725 0.098936446 0.46505365 -0.23972529 -0.06251847 0.124288045 0.46453902 -0.2799934 -0.17645992 0.03828341 0.21069968 0.0 -0.16555454679849968
-0.45072794 -0.03332427 -0.08720563 -0.07355543 0.3333848 -0.2407763 -0.036347423 0.10222643 0.0 0.92607784 -0.22341594 0.9584008 -0.03872301 -0.026628215 0.13366579 -0.058951113 -0.051027145 0.40698203 -0.22164722 -0.044977903 0.09783567 0.4140585 -0.25239575 -0.024494981 0.04377163 0.8827543 -0.13113372 0.10473392 0.050227076 0.4583071 -0.25113156 0.08364062 0.06225563 0.4519709 -0.29224446 -0.054824185 0.067140654 0.013160212 0.0 -0.1645204407738183
-0.45398408 -0.035102133 -0.11468897 -0.005016502 0.32843545 -0.24470198 -0.004274848 0.034927577 0.0 0.92536825 -0.23920465 0.9610664 -0.055134308 -0.020641984 0.13525622 -0.056340206 -0.048814114 0.40332958 -0.22516745 0.052264743 0.12177517 0.4085415 -0.25780237 -0.009391793 0.06953739 0.88285875 -0.1482748 0.057833884 -0.085445106 0.45465863 -0.25861567 0.010194512 0.0011251002 0.44806975 -0.30012167 0.1031269 -0.03184894 0.12601598 0.0 -0.1640296357365435
-0.45483327 -0.03566676 0.034707796 -0.016891772 0.32063225 -0.24969447 -0.1491688 0.04807979 0.0 0.9214266 -0.25700834 0.96074295 -0.07367675 -0.017025571 0.13601053 -0.056341935 -0.04732107 0.39891806 -0.23007382 -0.03678251 0.068960674 0.39982647 -0.26541144 -0.16991624 -0.021577118 0.8813336 -0.1670555 0.038646776 -0.00948973 0.4468983 -0.26761907 -0.13973466 -0.0029332438 0.44081 -0.31140378 -0.12878902 -0.09214902 0.017747257 0.0 -0.162138219928299
-0.4546065 -0.0384282 -0.044088017 -0.12612747 0.31513572 -0.24862789 -0.066348575 0.15723458 0.0 0.9195787 -0.2621243 0.9604594 -0.079135194 -0.015482523 0.13889542 -0.056363262 -0.044093695 0.39734182 -0.22710882 0.045994 0.26507396 0.39383242 -0.2681483 -0.06946046 0.05046061 0.88051873 -0.17097597 0.004755441 0.1887774 0.44217044 -0.26995382 -0.034366585 0.07349382 0.4343369 -0.3142022 -0.09436764 0.10483462 0.042225745 0.0 -0.1601454758094454
-0.45371568 -0.043037362 0.020169346 -0.13965988 0.3123144 -0.24207778 -0.12705615 0.16945647 0.0 0.92040455 -0.25495264 0.96079206 -0.071854025 -0.015733829 0.14354604 -0.056121342 -0.03955256 0.3976382 -0.2169869 -0.042560577 0.26719642 0.39194328 -0.26182872 -0.083282694 0.21818092 0.88126683 -0.16423137 0.0167331 0.07841649 0.43959877 -0.2636378 -0.12209121 0.19391705 0.43073583 -0.3073428 -0.14986555 0.19707201 -0.067165546 0.0 -0.15828664545724158
-0.4531251 -0.044106763 0.0037482742 0.030034948 0.31540927 -0.23073903 -0.1079255 -0.004276216 0.0 0.9271362 -0.226562 0.9621113 -0.04235289 -0.02033725 0.14418094 -0.055312343 -0.040028166 0.40122682 -0.20058514 -0.098545626 0.054366656 0.3983463 -0.2453544 0.0048865625 0.09911794 0.88850105 -0.13989508 0.11005 -0.11633392 0.4446103 -0.24649855 -0.04658252 0.078059636 0.43666396 -0.29168755 -0.049588025 0.020291388 -0.14697295 0.0 -0.1576510332681118
-0.45483324 -0.04503426 -0.09330222 -0.056452315 0.32536042 -0.21266386 -0.008610004 0.07608835 0.0 0.9394863 -0.17732796 0.9648296 0.008451388 -0.025993599 0.14361559 -0.05133689 -0.04216376 0.4085044 -0.17754932 -0.04710709 0.06120232 0.41378763 -0.21915582 0.1560663 0.1815964 0.8994601 -0.09366526 0.17366895 0.06275714 0.4575755 -0.22172731 0.07155756 0.016705304 0.44923648 -0.26622579 -0.04377662 0.09790472 -0.24220797 0.0 -0.15756249664412905
-0.4548428 -0.04693994 0.056220368 -0.051952057 0.3320182 -0.19441001 -0.15558083 0.066185944 0.0 0.9470962 -0.13009475 0.96348584 0.056687567 -0.03268649 0.14409867 -0.049076073 -0.042683646 0.4133375 -0.15778299 -0.13787107 -0.045791704 0.4228469 -0.19342855 -0.14928891 0.15287896 0.9031494 -0.049182337 -0.1111071 0.007762626 0.46518484 -0.19726974 -0.17773505 0.097560234 0.45729193 -0.24343315 -0.1792224 -0.013596475 -0.11128567 0.0 -0.15730883071582347
-0.45267925 -0.045764316 0.070947744 0.08904054 0.3320334 -0.18536529 -0.167401 -0.07807017 0.0 0.94824535 -0.103591114 0.9592054 0.08358829 -0.03908474 0.14204183 -0.05004478 -0.04513757 0.41166732 -0.14930925 -0.19896299 -0.14328042 0.42192325 -0.1813835 -0.20516782 -0.11632283 0.9015604 -0.023093635 -0.052959483 -0.010944531 0.46495545 -0.18569738 -0.16400807 -0.16706191 0.45791912 -0.23375252 -0.18662924 -0.17125648 -0.09882623 0.0 -0.15690456996671168
-0.4507018 -0.04161206 0.05304898 0.12748767 0.3297415 -0.18361436 -0.14649399 -0.118420295 0.0 0.94767725 -0.091978766 0.9555438 0.095356144 -0.04357568 0.13731118 -0.051442254 -0.050023727 0.4084037 -0.14961053 -0.14242528 -0.23518404 0.41800097 -0.17876509 -0.19273849 -0.12488054 0.89797556 -0.011283051 -0.15049282 -0.13440526 0.4642599 -0.18505038 -0.06531349 -0.22130315 0.4565368 -0.2339048 -0.12806238 -0.2484137 -0.019159084 0.0 -0.15690792801441672
-0.44723853 -0.039448775 0.13581742 0.014389275 0.3211859 -0.18869291 -0.2260942 -0.004678235 0.0 0.94309497 -0.10383308 0.95291424 0.08340963 -0.045713525 0.13577908 -0.0555328 -0.05146362 0.3988412 -0.15454163 -0.26220387 0.049897157 0.40840912 -0.18741632 -0.2651108 -0.06893009 0.8916182 -0.02475446 -0.19785185 -0.11768927 0.45759583 -0.1923462 -0.18368731 0.028473703 0.4478583 -0.24308117 -0.22100765 -0.062100302 0.09479815 0.0 -0.15655137119206244
-0.44598627 -0.038226906 -0.022948489 0.048865855 0.3162898 -0.19058003 -0.06432892 -0.03918456 0.0 0.9414271 -0.10811037 0.9518673 0.079098746 -0.046581347 0.13477969 -0.057021525 -0.05242942 0.39267856 -0.15491307 -0.1052894 0.011480865 0.40183055 -0.1908021 -0.11712269 -0.058658443 0.88663715 -0.030700311 -0.10825009 -0.06627476 0.45649412 -0.19481856 0.100526854 -0.070022814 0.44261602 -0.24860261 -0.06383645 -0.1512551 -0.07139773 0.0 -0.15609871824719243
-0.44932255 -0.037178684 -0.14162478 0.021487547 0.3215994 -0.18316479 0.0570009 -0.014330697 0.0 0.9472318 -0.0846495 0.9527824 0.102768324 -0.046779323 0.13237152 -0.05232992 -0.05504631 0.39558303 -0.14641978 0.01863931 -0.085962795 0.40554193 -0.18298131 0.016839499 -0.086292796 0.8859717 -0.010367431 0.015116172 -0.08526394 0.4683576 -0.18651153 0.24831468 -0.11898917 0.44850206 -0.24103044 0.019684851 -0.09351213 -0.123181574 0.0 -0.15637989876375066
-0.4505571 -0.037116475 0.026948083 -0.007857202 0.32441857 -0.17519724 -0.1089341 0.012787805 0.0 0.9502434 -0.061673556 0.95123774 0.12582381 -0.048748214 0.13112684 -0.04974253 -0.056370534 0.3956501 -0.13782267 -0.16834478 0.0008594108 0.40687048 -0.17262323 -0.14930435 0.073313706 0.8846926 0.011818373 -0.07398823 0.08664463 0.47438747 -0.17787176 -0.07404521 -0.07047673 0.45090994 -0.23082872 -0.16725431 0.01820766 -0.05650655 0.0 -0.1564417571620792
-0.45082194 -0.034934726 -0.035164814 0.11494895 0.32648554 -0.16879699 -0.044223104 -0.11224129 0.0 0.95183444 -0.03914989 0.947959 0.14831005 -0.05182739 0.12764075 -0.0479519 -0.059819184 0.3956535 -0.13211334 -0.055822562 -0.22101642 0.40726134 -0.16476507 -0.08713572 -0.18049316 0.8848305 0.033272833 0.09235318 -0.13754004 0.47589913 -0.17072856 -0.079536036 -0.19765116 0.4527596 -0.22077027 -0.091089144 -0.097087495 -0.13271911 0.0 -0.15562498119473928
-0.44967744 -0.030657334 0.06339248 0.12488621 0.33422476 -0.14982608 -0.14016426 -0.12768514 0.0 0.9514767 0.023665825 0.93439925 0.2103865 -0.061444364 0.11930689 -0.044366937 -0.067413785 0.39987105 -0.1116807 -0.17006692 -0.21812364 0.4128227 -0.14218199 -0.19306049 -0.1821545 0.8826866 0.089548245 0.053238045 -0.19411682 0.4826086 -0.144541 -0.15814647 -0.23059204 0.46208966 -0.19367085 -0.18693922 -0.1778415 -0.39079967 0.0 -0.15453561783255895
-0.4466783 -0.026914142 0.075149916 0.120037995 0.34123838 -0.12463472 -0.14887898 -0.12920958 0.0 0.9435011 0.10233514 0.91020536 0.28685516 -0.07390147 0.10927767 -0.040605687 -0.075242355 0.4036283 -0.08383959 -0.14864 -0.16545685 0.41712818 -0.112101056 -0.17292756 -0.24014923 0.8717208 0.16054536 -0.030393189 -0.15280753 0.4870072 -0.10749813 -0.21389027 -0.11627383 0.47043952 -0.15771674 -0.21278015 -0.122045055 -0.2503801 0.0 -0.15355190174833064
-0.44270667 -0.026287911 0.13635989 -0.0053764186 0.33942428 -0.11391831 -0.20729308 -0.0060956324 0.0 0.93538064 0.13531446 0.89535856 0.3184933 -0.08159517 0.10504216 -0.041573077 -0.07813667 0.3991354 -0.06974604 -0.25847992 0.07488946 0.41474357 -0.102348566 -0.20164868 -0.12027291 0.8627758 0.19241889 -0.10597929 0.10642792 0.4824035 -0.08957201 -0.26054156 0.074308835 0.46784788 -0.14029473 -0.2534672 0.0817394 -0.020721838 0.0 -0.1545748913562821
-0.43993187 -0.026453882 0.048450354 0.025757233 0.33553788 -0.11122872 -0.116932206 -0.0375673 0.0 0.9311763 0.14460757 0.8892452 0.32735887 -0.08542833 0.10372635 -0.04349723 -0.07902493 0.39258435 -0.06471333 -0.1867133 -0.0033396364 0.40991586 -0.10169849 -0.15879585 -0.10418139 0.85954463 0.20164111 0.009425447 -0.06389574 0.47954288 -0.08328487 -0.02117764 0.017905788 0.46224952 -0.13474111 -0.18199082 -0.017007167 -0.0559932 0.0 -0.15437634036667086
-0.44048202 -0.027489327 -0.049734443 -0.076009296 0.3343359 -0.10824686 -0.016418211 0.064144365 0.0 0.9304845 0.1519721 0.88733095 0.3344386 -0.08582371 0.10428642 -0.042670175 -0.078180075 0.38870102 -0.061700575 -0.08283286 0.029254932 0.40653595 -0.09971525 -0.08528289 0.035103593 0.86115134 0.20985945 0.14310312 0.1705396 0.47885862 -0.07796304 -0.04685341 0.09342197 0.45889774 -0.13006836 -0.08366833 0.09207881 0.0039861104 0.0 -0.15495712841381842
-0.44150096 -0.027001027 -0.019746818 0.06689799 0.33298516 -0.10976552 -0.04426158 -0.07820189 0.0 0.93199056 0.14924173 0.8893247 0.33182287 -0.084441416 0.10427174 -0.041775577 -0.07830941 0.38717443 -0.06648875 -0.0143862795 -0.20176315 0.40299648 -0.102985196 -0.10526119 -0.1330093 0.86478925 0.20756446 0.056152865 -0.11808947 0.4751887 -0.079986475 -0.118832685 -0.100875504 0.4549694 -0.13046119 -0.1164207 -0.027435571 0.020664165 0.0 -0.1544808670049061
-0.439081 -0.024430461 0.10049789 0.100354694 0.3281582 -0.11595105 -0.16249178 -0.11076631 0.0 0.93141484 0.1383645 0.8902851 0.3212978 -0.08535917 0.10193898 -0.044229392 -0.08099432 0.38480642 -0.075249314 -0.077631064 -0.13798095 0.3989231 -0.11084351 -0.091189004 -0.13155094 0.8648076 0.1980747 -0.12126512 -0.021678088 0.46821082 -0.088729724 -0.22926694 -0.16031234 0.44835493 -0.13881484 -0.19572356 -0.19753087 0.043146577 0.0 -0.15458225239247553
-0.43772194 -0.02212518 -0.02200243 0.065068915 0.32485202 -0.12008827 -0.037991755 -0.07490772 0.0 0.9311097 0.13223909 0.8906835 0.31532913 -0.085796796 0.099722244 -0.045370504 -0.0833678 0.38533813 -0.08265917 0.082563855 -0.19481874 0.39953914 -0.116201185 0.11007729 -0.10717598 0.86265033 0.19248171 -0.06833209 -0.10777515 0.46380174 -0.09510417 -0.059480775 -0.12983504 0.4444536 -0.14337727 -0.042771246 -0.015954401 -0.01628559 0.0 -0.1554331436936608
-0.44046116 -0.019573022 -0.1353072 0.04401194 0.32636613 -0.12164195 0.07730489 -0.053646363 0.0 0.93406534 0.13225469 0.8932634 0.3152614 -0.0827723 0.09765105 -0.041970357 -0.08535565 0.39119074 -0.08782856 0.21456078 -0.15959609 0.40305647 -0.117769666 0.07430309 -0.038875386 0.8621 0.19338949 0.029557124 0.038973756 0.46479294 -0.09991391 0.08044109 -0.174298 0.44478193 -0.14177442 0.031134548 0.042735044 0.0008801684 0.0 -0.15578017952084883
-0.44491416 -0.01956142 -0.12396037 -0.06529492 0.3244404 -0.13229148 0.067576304 0.057921547 0.0 0.9424576 0.10069955 0.90800506 0.2850071 -0.074968524 0.10126029 -0.040515997 -0.08304726 0.39412752 -0.101795845 0.17462744 0.05610736 0.40020278 -0.13355224 0.030380413 -0.041322146 0.8714242 0.16844764 0.13171984 0.20407058 0.46328133 -0.11941627 0.058133423 -0.06037488 0.4397025 -0.15552163 -0.012845396 0.04336504 0.25455976 0.0 -0.155586637873333
-0.44798037 -0.0188815 -0.07360033 0.05493734 0.31066567 -0.16487429 0.018628357 -0.056521494 0.0 0.9509215 0.0045268186 0.9352696 0.1913724 -0.061240133 0.10789598 -0.045588303 -0.0789496 0.38399166 -0.14064687 -0.010195465 -0.00070523255 0.3838303 -0.17488284 -0.055902105 -0.05136708 0.88609946 0.08076339 0.009117629 -0.06014368 0.44806424 -0.16754809 -0.06276133 -0.053865705 0.42055768 -0.20144063 -0.042969443 -0.13512045 0.5011278 0.0 -0.15524326426052817
-0.45090306 -0.016287994 -0.09380343 0.08919947 0.29021952 -0.20271456 0.040825993 -0.08448374 0.0 0.94771856 -0.10975659 0.9540953 0.077634946 -0.045326244 0.11164408 -0.051702958 -0.07574745 0.3640524 -0.18456297 -0.017519647 -0.0033233846 0.35911366 -0.22271967 -0.027075987 -0.16140391 0.8912515 -0.024893967 0.08801273 -0.012819257 0.42399687 -0.22169892 -0.02729427 -0.102913454 0.39562258 -0.25263527 0.11132509 -0.07532494 0.36781284 0.0 -0.15427615378138482
-0.4525648 -0.015977878 -0.02040491 -0.042472556 0.27893433 -0.21807094 -0.030515874 0.04975184 0.0 0.94216806 -0.16046038 0.9585024 0.026326764 -0.03769575 0.113443084 -0.05403006 -0.07334407 0.35122252 -0.20388223 -0.108967274 -0.0028285836 0.34540898 -0.2455044 -0.045211427 -0.082334645 0.88872546 -0.07234936 -0.05754434 0.0057984684 0.40851516 -0.24372761 -0.11729834 0.07699122 0.38187054 -0.2715774 -0.06260349 0.14401385 0.016636983 0.0 -0.15357277463741503
-0.4543103 -0.017187586 -0.07723098 -0.02615976 0.28879252 -0.2037081 0.0277124 0.030926406 0.0 0.950347 -0.11580382 0.9580698 0.07153707 -0.041081607 0.112725325 -0.048804406 -0.07461556 0.35869777 -0.18857202 -0.007269737 -0.051411815 0.35680988 -0.23279318 0.04988555 -0.11221569 0.89288473 -0.030409226 0.13093811 0.046817202 0.41879785 -0.22372131 0.049748216 -0.0009868318 0.393314 -0.24847236 0.018105378 0.15514915 -0.3618307 0.0 -0.1523182378715363
-0.45405263 -0.01830325 0.07043503 -0.02961163 0.30945367 -0.16601922 -0.11853089 0.028362155 0.0 0.9570296 0.0017428703 0.94190776 0.1886321 -0.054834746 0.107982606 -0.03971297 -0.07890662 0.3752206 -0.14577252 -0.17657475 -0.064683445 0.3793256 -0.1895623 -0.19663186 -0.025412664 0.89241505 0.0823917 0.020992026 0.14006071 0.44255957 -0.16946846 -0.052929454 0.079661384 0.41960424 -0.19312023 -0.05896201 0.17036563 -0.5428959 0.0 -0.152123858987152
-0.4523471 -0.020515447 0.053275056 -0.07744581 0.3227266 -0.12798028 -0.099347636 0.0709342 0.0 0.9484694 0.11284577 0.9121072 0.2967861 -0.06890786 0.10285474 -0.032545727 -0.08108559 0.38350132 -0.10222095 -0.17992082 0.04052489 0.39352313 -0.14678264 -0.11543115 -0.048094667 0.87902886 0.18728615 0.08488918 0.08532656 0.45823252 -0.1126292 0.0027516233 0.20437919 0.43536818 -0.13794996 -0.119460724 0.19239585 -0.30212831 0.0 -0.15264267746113816
-0.45378178 -0.02271839 -0.08373122 -0.07238608 0.32899776 -0.10671344 0.039617296 0.06349585 0.0 0.9410917 0.17056258 0.89404446 0.3520641 -0.07396371 0.101145335 -0.026916439 -0.080356196 0.38587892 -0.07996315 -0.014306447 -0.029575743 0.4008327 -0.1251697 0.04702217 -0.05093979 0.870647 0.23992275 0.15722181 0.016820086 0.46442175 -0.08125984 0.030299256 0.0845293 0.4395822 -0.10761954 -0.05260868 0.10359178 -0.12779391 0.0 -0.1529839122434045
-0.45501807 -0.022334106 -0.007205017 0.0549672 0.33286977 -0.09382074 -0.035080485 -0.06526554 0.0 0.9348072 0.20807514 0.8805345 0.38754863 -0.07665736 0.09809456 -0.022384731 -0.08137892 0.38772154 -0.066596046 -0.051321305 -0.09509428 0.40571538 -0.113409735 -0.024971906 -0.18371738 0.864956 0.2746404 0.1199381 -0.013110816 0.46816662 -0.06261163 0.02431734 -0.061719224 0.44088325 -0.08751256 -0.095048256 0.041948926 -0.16464145 0.0 -0.15282634320751723
-0.45677757 -0.022395896 -0.07862967 -0.06856251 0.33353114 -0.09223479 0.037775055 0.058436662 0.0 0.93561816 0.21244618 0.8806169 0.3916977 -0.075391255 0.09835754 -0.020389978 -0.08089398 0.38580382 -0.06634616 -0.05229431 0.011614525 0.40591067 -0.1151142 0.0054649534 -0.03952541 0.86692643 0.27838382 0.06976379 0.020788645 0.4685393 -0.061862916 -0.011393609 -0.013952741 0.4413245 -0.08481942 0.0647024 0.023422519 0.13473769 0.0 -0.15396520135500283
-0.45756617 -0.022230996 0.017852705 0.04496143 0.32916006 -0.105337635 -0.05771436 -0.0532146 0.0 0.94395834 0.17604153 0.89595056 0.35729137 -0.070715256 0.10125005 -0.022707509 -0.07999979 0.38044217 -0.08445803 -0.09426359 -0.16385868 0.40025195 -0.13488923 -0.04918169 -0.1755898 0.8785098 0.24113186 0.02050854 -0.18012026 0.4622521 -0.08060105 -0.15540959 -0.021934645 0.43854383 -0.104582325 -0.00463121 -0.15198727 0.15621838 0.0 -0.15397345579648913
-0.4585032 -0.022952547 -0.053168245 -0.07708396 0.32289866 -0.12106096 0.014264378 0.07105085 0.0 0.95238394 0.12924947 0.91355157 0.31268418 -0.06476692 0.10557801 -0.025934514 -0.077856705 0.37244523 -0.104632676 -0.08450528 0.04916946 0.39089954 -0.15760607 -0.053904973 -0.013920882 0.8890391 0.19536814 -0.030219214 0.054708064 0.453947 -0.102560095 -0.07840649 0.0728483 0.43102065 -0.12842566 -0.071919315 0.015066158 0.21277422 0.0 -0.154740912858655
-0.4600845 -0.022408513 -0.040413003 0.06903267 0.31325892 -0.14538327 0.0024562622 -0.07202721 0.0 0.9610379 0.057079077 0.93608195 0.24291085 -0.05502089 0.109812334 -0.030064918 -0.07601944 0.36235252 -0.13450283 -0.013110474 -0.15291093 0.37887874 -0.18786043 0.07629888 -0.068256505 0.902256 0.12562644 0.07229257 -0.16541843 0.44222644 -0.13828212 -0.07941587 -0.14571376 0.41758117 -0.15996496 -0.078535184 -0.0007890199 0.3495395 0.0 -0.15502660727034803
-0.45991233 -0.02249392 0.03393492 -0.055680197 0.29924557 -0.16982526 -0.07075792 0.05572087 0.0 0.96235245 -0.019669669 0.9522961 0.16756046 -0.046264593 0.113926545 -0.036208235 -0.07330358 0.3464952 -0.16535649 -0.16370365 -0.0012551124 0.36374804 -0.21643633 0.0025778767 0.10590351 0.91085935 0.05277049 0.031240216 0.09754652 0.4255589 -0.17242488 -0.15037693 0.12534982 0.3997234 -0.19030154 -0.14049721 0.12462142 0.23541941 0.0 -0.1559713937244577
-0.46033517 -0.0220474 -0.042698186 0.06444375 0.28637272 -0.18992057 0.007168841 -0.062011365 0.0 0.959272 -0.084747165 0.9618202 0.10273551 -0.038087454 0.11632576 -0.040635623 -0.07115693 0.33101022 -0.18749456 -0.0641639 0.022346767 0.3518154 -0.23805697 0.1505913 0.027616456 0.91298217 -0.005998711 0.0049222126 0.06063205 0.4091216 -0.20051315 -0.095178984 -0.082127236 0.38187775 -0.2156796 -0.09810184 -0.046941563 0.2664599 0.0 -0.15660046786888102
-0.4631164 -0.018644288 -0.08120664 0.11694457 0.26811215 -0.21996939 0.047228508 -0.11131222 0.0 0.9491394 -0.17991233 0.9696308 0.006464584 -0.024379393 0.11575198 -0.04487078 -0.07062493 0.31202665 -0.21978396 0.04944992 -0.06725338 0.3309236 -0.27399948 0.06442276 -0.15187222 0.9087029 -0.09566714 0.0029046298 -0.13320981 0.38633883 -0.24224032 -0.031983726 -0.100728 0.35791504 -0.25298753 -0.030037016 -0.044967096 0.44863045 0.0 -0.15595961098875838
-0.4634692 -0.017151909 0.041915737 -0.00068271736 0.24723084 -0.2434004 -0.07418885 0.008927278 0.0 0.9302757 -0.2621589 0.96667105 -0.07822514 -0.014308965 0.11588351 -0.050704338 -0.06805025 0.2896857 -0.24398564 -0.13113973 0.111963056 0.30438298 -0.30164817 -0.12291792 0.087719284 0.89597505 -0.17736158 -0.047135867 -0.12392476 0.359824 -0.27470937 -0.17956014 0.036322646 0.33031476 -0.2827362 -0.1805521 0.030017154 0.17923997 0.0 -0.15485436383357307
-0.46425712 -0.018559922 -0.08587521 -0.0573491 0.23506364 -0.2537335 0.05509154 0.06684344 0.0 0.9174077 -0.3062816 0.96277803 -0.12435361 -0.0075045195 0.117621236 -0.052874804 -0.06430674 0.27439213 -0.25501966 -0.053808656 0.068580404 0.28788602 -0.3110046 0.01204896 0.17625171 0.8875838 -0.22118302 0.1080457 0.082199596 0.34361622 -0.28801975 0.006661378 0.17576571 0.31454483 -0.29481563 0.04131717 0.17039405 0.18183137 0.0 -0.1538140672441486
-0.4642819 -0.019375306 0.050649676 -9.602921e-05 0.2254512 -0.26054588 -0.08008797 0.010296745 0.0 0.90657943 -0.33687514 0.95817983 -0.15661518 -0.0032066025 0.11858683 -0.054806978 -0.061673123 0.26091555 -0.26351887 -0.1918532 -0.008326576 0.27393666 -0.31671223 -0.16464537 0.07960678 0.8794215 -0.24933164 -0.08127101 0.05693787 0.33248937 -0.29784694 -0.083020054 -0.026841745 0.30124673 -0.30129346 -0.15955816 0.08679317 0.07295944 0.0 -0.15284935913682932
-0.46522796 -0.01987747 -0.08923082 -0.011862715 0.22758937 -0.25819492 0.06068301 0.021502217 0.0 0.910266 -0.32945114 0.9604365 -0.14878802 -0.0031000944 0.118788406 -0.05327067 -0.061874714 0.25971887 -0.2622985 -0.0346795 -0.034559026 0.27311337 -0.31348225 -0.047282126 0.0027824217 0.88092387 -0.24166584 0.036323372 -0.0056646415 0.332668 -0.2944769 -0.047659 0.05582871 0.30103916 -0.29548284 -0.014815906 0.10882832 -0.13483799 0.0 -0.15146265047277052
-0.46732208 -0.021515401 -0.05796233 -0.045197498 0.23926234 -0.24743477 0.030000228 0.053401604 0.0 0.9251985 -0.29144067 0.9680588 -0.10890506 -0.0054643643 0.119683325 -0.048324686 -0.06285226 0.26825464 -0.2527437 -0.0632844 -0.02622973 0.2835455 -0.30126092 -0.07110656 0.047413543 0.89234453 -0.20441957 0.095331624 0.08393818 0.34261957 -0.2780866 -0.061279304 0.10799892 0.31219542 -0.2818536 -0.028567199 -0.0062760143 -0.16433398 0.0 -0.14974817126262033
-0.4705894 -0.02303838 -0.13541968 -0.0077482755 0.2476643 -0.24061395 0.10819591 0.015037875 0.0 0.93537265 -0.2685553 0.9738836 -0.08505284 -0.0047961753 0.12033913 -0.04330717 -0.06316333 0.27389207 -0.24747132 0.020351555 -0.045169167 0.29047573 -0.29467744 0.040620297 -0.045166038 0.89963144 -0.17934616 0.067365535 0.1302947 0.3493847 -0.26566786 0.0542019 0.12413692 0.31852162 -0.27288604 0.01715348 0.077686474 -0.008010924 0.0 -0.14812060430659152
-0.4717062 -0.023971196 0.02597068 -0.028491654 0.25602254 -0.2311666 -0.052522853 0.03464724 0.0 0.94517994 -0.23604435 0.97746354 -0.051344536 -0.007602106 0.12083471 -0.039885715 -0.063865095 0.2787715 -0.23756655 -0.16445783 0.05418891 0.29745942 -0.2835011 -0.1513816 0.08817183 0.90615445 -0.14587265 0.0057988353 0.06351515 0.35696015 -0.24895826 -0.09249012 0.15060809 0.3254959 -0.25788972 -0.10893219 0.14307207 -0.24620216 0.0 -0.14613427359056202
-0.46972898 -0.022241857 0.08739769 0.096408494 0.27027377 -0.21187636 -0.11346336 -0.09247806 0.0 0.95859 -0.16307367 0.9763566 0.023582686 -0.019143939 0.11833831 -0.03691062 -0.06831805 0.29003882 -0.21517217 -0.20865652 -0.03699672 0.3152194 -0.25889388 -0.07074679 -0.024887195 0.91119605 -0.07590801 -0.18131801 -0.10739077 0.36952588 -0.22059242 -0.2209924 -0.10755085 0.33925518 -0.22967437 -0.18503898 0.006361223 -0.32916072 0.0 -0.14581073875698947
-0.467944 -0.020249154 0.036509663 0.028168596 0.28483248 -0.18976839 -0.061951976 -0.026549557 0.0 0.9672609 -0.08200206 0.9689082 0.10549071 -0.03105321 0.11427639 -0.032700524 -0.07321637 0.30302423 -0.18790244 -0.08096812 0.10379179 0.3332153 -0.2289621 -0.10291189 0.09660926 0.9122459 -0.00035847374 0.015015614 -0.0711511 0.3811332 -0.19125634 -0.16882046 -0.0805116 0.35127264 -0.20030056 -0.17694509 -0.011971619 -0.30992916 0.0 -0.14377468350413303
-0.4672303 -0.022018231 0.014446876 -0.10927228 0.2923804 -0.1734808 -0.039100386 0.10960084 0.0 0.96937156 -0.031602062 0.96160424 0.15573698 -0.03753735 0.11431135 -0.029770045 -0.0730277 0.31051993 -0.1660708 -0.02083868 0.24911322 0.34010762 -0.20691754 -0.12913169 0.19201526 0.90941 0.046440363 -0.099325165 0.1011464 0.38518572 -0.16978607 -0.14595287 0.16053097 0.35543644 -0.17925246 -0.14072119 0.16928646 -0.06270294 0.0 -0.14267146583079818
-0.46444356 -0.02460825 0.13167284 -0.04105145 0.29216924 -0.16497001 -0.15551737 0.04087435 0.0 0.96687627 -0.009066681 0.9552229 0.17807083 -0.04284381 0.11591955 -0.031190448 -0.07121796 0.31035247 -0.15612201 -0.15653837 0.004515671 0.33765167 -0.19443779 -0.23846503 0.1324638 0.9051912 0.06658628 -0.076596566 -0.008782521 0.38188854 -0.15666234 -0.23181379 0.13757835 0.35247064 -0.16641997 -0.22740607 0.14547952 -0.089139245 0.0 -0.14162202551303604
-0.46233597 -0.02802818 0.036637146 -0.1304675 0.2985421 -0.14346074 -0.05964282 0.12886685 0.0 0.96306336 0.054026593 0.9398305 0.24008164 -0.05246315 0.116172805 -0.029230244 -0.069882244 0.31879961 -0.13476917 0.074664384 0.09121394 0.34215385 -0.1681531 -0.17693782 0.15379088 0.8961373 0.12514976 -0.11217405 0.13555057 0.3841237 -0.12754162 -0.17223547 0.16923527 0.35536978 -0.13997447 -0.17099553 0.14305034 -0.37735146 0.0 -0.14010609801708798
-0.46366122 -0.030395407 -0.07326553 -0.044845574 0.30696827 -0.12222885 0.051154666 0.041922983 0.0 0.95873487 0.11612129 0.9240272 0.30038098 -0.05869104 0.11527337 -0.023983365 -0.0689863 0.32986698 -0.112290196 0.021973377 0.07010311 0.34872153 -0.14271744 -0.03426367 0.11860091 0.8878104 0.1830158 0.14168295 0.047146033 0.38812068 -0.0991309 0.03718995 0.1523853 0.3615214 -0.11579895 0.040520202 -0.055112343 -0.07430721 0.0 -0.1397354961462547
-0.4643464 -0.02945795 0.00996684 0.072365195 0.30712205 -0.12304461 -0.03135015 -0.07519688 0.0 0.9595539 0.11555876 0.92480165 0.29981005 -0.057871822 0.11446497 -0.023119623 -0.06978631 0.33068737 -0.11161572 -0.024991443 -0.015547228 0.34472173 -0.14427818 -0.14944622 -0.0974776 0.8889631 0.18441764 -0.041530296 0.025969023 0.38706747 -0.09640589 -0.08106462 0.023100575 0.36194983 -0.114426166 0.007986666 0.031106558 0.078481235 0.0 -0.13925098870051297
-0.4639967 -0.028363492 0.00030488626 0.005460991 0.29815614 -0.14267659 -0.02111353 -0.00693666 0.0 0.9645961 0.055851612 0.9411151 0.24187551 -0.051012374 0.116643384 -0.02753135 -0.069380514 0.3217767 -0.13118719 -0.05440097 0.026696244 0.33231845 -0.16404216 -0.051271267 0.109397575 0.900117 0.13149774 0.10853327 0.054796062 0.3805892 -0.11920934 0.022521146 -0.01696006 0.3522251 -0.13693048 -0.07638794 -0.031945303 0.37374634 0.0 -0.13836483261162502
-0.46443143 -0.028207475 -0.022619732 0.0038838596 0.2786133 -0.17757814 0.002469432 -0.0028833088 0.0 0.96475625 -0.060574345 0.96379054 0.12692317 -0.036196228 0.12177266 -0.035230506 -0.06572485 0.30030474 -0.16965306 -0.116870224 -0.05725476 0.307744 -0.20083857 -0.12119592 -0.008542421 0.9132712 0.021046536 0.11331136 -0.09922727 0.3625979 -0.16424172 -0.060816314 0.0049132416 0.32974815 -0.17883572 -0.07696867 0.012921046 0.5190276 0.0 -0.13719661259874444
-0.46598148 -0.02561524 -0.0436888 0.13526298 0.25086808 -0.21827087 0.024539897 -0.13151686 0.0 0.9473396 -0.200774 0.9732118 -0.015067561 -0.017222496 0.12291747 -0.04309469 -0.062788956 0.27024066 -0.2145579 -0.06179005 -0.15618937 0.27259544 -0.2452945 -0.08827472 -0.13819271 0.9078787 -0.114743024 -0.01765471 -0.16870363 0.3320551 -0.21709467 -0.09921154 -0.14366712 0.29761052 -0.22719245 -0.095234424 -0.16346328 0.54771036 0.0 -0.13637415446603895
-0.46503332 -0.021958308 0.1131794 0.074193455 0.2121246 -0.2569589 -0.1309306 -0.067791164 0.0 0.9037307 -0.34599733 0.95759517 -0.16640092 -0.00025241487 0.120876044 -0.054116845 -0.058720376 0.22879542 -0.25384104 -0.20377655 0.034207236 0.22596966 -0.2854899 -0.22740306 0.0015460834 0.8779065 -0.25726327 -0.062439755 -0.17344481 0.28828704 -0.268284 -0.25631863 -0.076902114 0.25433958 -0.27481586 -0.18161297 -0.15094438 0.5830811 0.0 -0.1332896131278406
-0.46299374 -0.018847678 0.07733051 0.061759263 0.17245889 -0.28454804 -0.093524545 -0.05334381 0.0 0.8466779 -0.46486965 0.92390096 -0.2940105 0.012652148 0.11784576 -0.064570904 -0.053013396 0.1878671 -0.28125468 -0.13410904 -0.0015612824 0.1798125 -0.311366 -0.16167024 0.052104097 0.83324784 -0.37646496 -0.084388696 -0.13608707 0.24415088 -0.30809596 -0.131346 -0.16960475 0.20955807 -0.31007564 -0.16684262 -0.11421795 0.399314 0.0 -0.13106101139656784
-0.46149996 -0.018742407 0.008659086 -0.07175055 0.14364758 -0.29826206 -0.023504015 0.08129814 0.0 0.7988799 -0.540277 0.8915212 -0.37726212 0.022108603 0.11682467 -0.07053267 -0.04619019 0.16003 -0.29550606 0.03745067 0.07680397 0.14584531 -0.32259667 -0.105325714 0.16875412 0.7956174 -0.45217192 0.10038762 0.06594643 0.20936605 -0.33083442 -0.14753649 0.038829748 0.17571867 -0.326304 -0.10111781 0.16022909 0.2776147 0.0 -0.1274549051754214
-0.46208996 -0.01863836 -0.027584895 0.07169077 0.13541551 -0.30214626 0.013485735 -0.06206806 0.0 0.7842643 -0.5623062 0.88132685 -0.40188453 0.025744546 0.11578227 -0.07131798 -0.044639412 0.15571038 -0.2986559 0.122131586 0.025243517 0.13514891 -0.32275566 -0.012473011 0.06097152 0.7852954 -0.4721771 0.044385966 0.03391065 0.19611754 -0.3359912 -0.10313044 -0.017773647 0.16432245 -0.32932195 -0.044556405 -0.077446915 -0.07562921 0.0 -0.12437608165275801
-0.4613991 -0.01712129 0.089426994 0.0034041503 0.15859058 -0.2904532 -0.10379765 0.0047213826 0.0 0.8275218 -0.49534616 0.910736 -0.3273234 0.014614579 0.116485566 -0.068599604 -0.0515372 0.18034717 -0.28416193 -0.09333246 0.053194802 0.15966918 -0.30762944 -0.118452914 0.10258266 0.8237149 -0.40252355 0.03403155 0.060317382 0.21850325 -0.32029864 -0.17422181 -0.08011841 0.18763722 -0.31454566 -0.15537971 -0.012099841 -0.5569281 0.0 -0.12133717470751414
-0.4571119 -0.016971009 0.12808849 -0.059287876 0.2042518 -0.25543776 -0.14318734 0.064478315 0.0 0.89985 -0.33500472 0.9510076 -0.15461859 -0.011051726 0.11822178 -0.062209297 -0.06216434 0.2249137 -0.2430391 -0.12850845 0.15534273 0.2079589 -0.26904327 -0.14269084 0.1541544 0.8804022 -0.24399692 -0.13696294 0.02625383 0.26687187 -0.27456796 -0.1781603 0.09621492 0.23569241 -0.27227896 -0.19303134 0.14717095 -0.80736256 0.0 -0.11782499067366638
-0.4526459 -0.0162238 0.13013963 0.042188242 0.25276265 -0.20179608 -0.14550708 -0.040680617 0.0 0.9484294 -0.11843229 0.9564947 0.06889417 -0.042579774 0.111908935 -0.050645046 -0.07541752 0.27091086 -0.18031597 -0.102881536 0.10665703 0.25856173 -0.21141641 -0.17671591 0.035549715 0.9081447 -0.032809556 -0.14567894 0.06200794 0.31631508 -0.20621511 -0.21221226 -0.07302412 0.285245 -0.20789523 -0.18533428 0.050656687 -0.9182315 0.0 -0.11443445410839377
-0.45050696 -0.012748211 -0.005924313 0.13650028 0.29116142 -0.14067367 -0.008864623 -0.13857391 0.0 0.948285 0.10382872 0.9121247 0.28780884 -0.06910261 0.09495398 -0.032942325 -0.08902614 0.30473214 -0.11107405 0.04062715 -0.011823133 0.2976439 -0.14847438 -0.047388457 -0.17878592 0.8875589 0.17802052 -0.039116215 -0.185227 0.351858 -0.13205373 -0.098102614 -0.213409 0.32117268 -0.13769835 -0.098098084 -0.11330795 -0.83154577 0.0 -0.11094689118855292
-0.4524047 -0.009960982 -0.120464355 0.011317418 0.31157526 -0.09641527 0.106639095 -0.015495102 0.0 0.92383444 0.24622199 0.8598552 0.4224687 -0.0801273 0.0812459 -0.016148025 -0.09500081 0.31972334 -0.060673553 0.054826282 0.1072525 0.31758848 -0.104345806 0.04607586 -0.047560163 0.85315233 0.30832568 0.18317905 -0.06680192 0.36766088 -0.08089136 0.026643248 -0.0729862 0.33785444 -0.09014 0.034901053 -0.08144878 -0.30495736 0.0 -0.10861572392369269
-0.45644656 -0.010841005 -0.07510086 -0.11551305 0.3191836 -0.07752487 0.06196321 0.11076919 0.0 0.9128513 0.29726505 0.8396138 0.46987018 -0.0809468 0.07927039 -0.0077093435 -0.09333472 0.3261719 -0.039183293 0.13810006 0.14304426 0.32446328 -0.0887393 0.054715484 -0.02888059 0.8397703 0.35458776 0.06811705 0.105337344 0.37123543 -0.06097583 -0.04732045 0.055629235 0.34273192 -0.07329268 0.013124898 0.011652729 -0.089040406 0.0 -0.1074848822494825
-0.4582418 -0.014851313 0.041367896 -0.13314055 0.3187741 -0.07357439 -0.054077793 0.1285641 0.0 0.913209 0.30083492 0.84012717 0.473506 -0.080785155 0.0837362 -0.0077033164 -0.08893486 0.32887504 -0.036694884 0.047002617 0.032393295 0.32383934 -0.08806716 -0.061660994 0.046982255 0.84026784 0.35732877 -0.031915996 0.095299326 0.368795 -0.057827145 -0.110112146 0.116142884 0.34045807 -0.07245589 -0.09596343 0.045712393 0.09580373 0.0 -0.10650033266934218
-0.4581465 -0.019056793 0.05754535 -0.11033997 0.31446943 -0.07905036 -0.06996073 0.10627265 0.0 0.91994226 0.2780827 0.85190374 0.4528025 -0.07993517 0.08993029 -0.011896633 -0.08478951 0.32568 -0.045158718 -0.13354681 0.03804569 0.31872627 -0.0950554 -0.084624596 0.0915724 0.84805775 0.33797276 -0.09454283 0.20349398 0.3624819 -0.06656685 -0.12557454 0.035325322 0.33349228 -0.0784005 -0.1945696 0.16589525 0.11938425 0.0 -0.106109229086021
-0.45611677 -0.023272913 0.11434338 -0.08316226 0.30510077 -0.0958477 -0.1265791 0.08001045 0.0 0.9327391 0.22163966 0.87609893 0.4003801 -0.07718346 0.098299615 -0.020543367 -0.08044084 0.31494933 -0.064033695 -0.2542517 0.11981868 0.30902722 -0.11291135 -0.09853607 0.01594485 0.8657073 0.28975827 -0.050267294 0.20035544 0.35124466 -0.089830756 -0.20377177 -0.02759131 0.32050186 -0.09458706 -0.19656879 0.10582843 0.36006463 0.0 -0.10562742562702909
-0.45619404 -0.025256379 -0.05050851 -0.038620476 0.28785527 -0.122070976 -0.05399675 0.20038226 0.0 0.95044476 0.12511262 0.9127547 0.30878544 -0.06683372 0.10777167 -0.029143633 -0.07590116 0.30309483 -0.09274924 -0.023341162 0.09905073 0.29607308 -0.14248575 0.07328918 0.07155462 0.89045227 0.20287402 -0.022382073 0.117199935 0.33790484 -0.12568001 0.022500489 0.016118966 0.30677924 -0.12392184 0.026690008 0.09710749 0.41494113 0.0 -0.10408107606192778
-0.4565452 -0.023939703 0.016611772 0.08794235 0.2683584 -0.15218516 -0.09766001 0.07975091 0.0 0.9590711 0.005907552 0.9442717 0.19282258 -0.052608456 0.113892645 -0.037809093 -0.07302239 0.28714502 -0.12716828 -0.09458501 0.02401897 0.2788582 -0.1795189 0.07821364 -0.122968554 0.90669656 0.09453509 -0.08362789 0.037801996 0.31920743 -0.16615576 -0.062001474 0.00023949008 0.28846487 -0.16117114 -0.053352896 -0.07416736 0.50311697 0.0 -0.10188020246232615
-0.45358422 -0.022678709 0.13244174 -0.005368813 0.24129832 -0.18119091 -0.18901798 0.17638253 0.0 0.9486371 -0.1202565 0.95832694 0.06699296 -0.040336844 0.11867185 -0.050026637 -0.06857761 0.26144776 -0.16292077 -0.2679958 0.0099085905 0.254247 -0.21710019 0.0028278478 -0.030096317 0.9076394 -0.024504777 -0.13222596 -0.025681347 0.29081544 -0.20353733 -0.17325719 0.13549022 0.26020813 -0.1975852 -0.17741098 0.024292046 0.46059898 0.0 -0.09958671369095848
-0.44975764 -0.024897063 0.07553529 -0.117299326 0.21473598 -0.1986366 -0.11127553 0.28780147 0.0 0.9256452 -0.22352035 0.9563631 -0.03855371 -0.030125719 0.12527515 -0.06084363 -0.0596915 0.2354976 -0.1904322 -0.113803625 0.00799589 0.2261363 -0.24139099 -0.09222352 0.15069757 0.89432293 -0.12237374 -0.14230563 0.20949456 0.2621617 -0.22793005 -0.09940408 0.24360089 0.23147641 -0.2215786 -0.10886001 0.16070583 0.36890385 0.0 -0.09519642839805743
-0.449683 -0.028514668 -0.084384 -0.09761493 0.19544163 -0.20865998 0.06538044 0.26502064 0.0 0.9015564 -0.30553168 0.94942594 -0.124245286 -0.017434832 0.13105905 -0.0653044 -0.050227333 0.21537863 -0.20879254 0.00058486074 0.09804994 0.19987 -0.25865152 -0.054736935 0.087473586 0.8767447 -0.20114975 -0.029376002 0.06495376 0.23933102 -0.24585867 0.011532742 0.11741004 0.20913348 -0.2379388 0.03935465 0.10963511 0.32313034 0.0 -0.09059372871922201
-0.45279205 -0.031189566 -0.12733804 -0.007553134 0.17447871 -0.2225376 0.12737302 0.17049542 0.0 0.86512184 -0.4040924 0.9331714 -0.22937688 0.0013552746 0.13355392 -0.06669425 -0.041161593 0.19015755 -0.22933841 -0.006507937 0.04184702 0.16880995 -0.2774814 -0.0011866356 0.039412547 0.8502471 -0.29603982 0.10951011 0.09914021 0.21098375 -0.27069154 0.012867537 -0.041900795 0.18256578 -0.2580616 0.07613905 0.02461346 0.51988095 0.0 -0.08650323870864399
-0.45425797 -0.031164458 0.02516111 0.030544838 0.1483994 -0.2373148 -0.006194323 0.12589535 0.0 0.8115856 -0.5058201 0.9001335 -0.340546 0.018671649 0.13170925 -0.06987622 -0.033564847 0.15798695 -0.2500021 -0.15868677 0.0055833505 0.13240859 -0.29356185 -0.11030549 0.06584955 0.8070917 -0.3938319 -0.14577073 0.04145563 0.17433341 -0.29743007 -0.14045303 -0.11552712 0.14961053 -0.27803203 -0.06830231 -0.007030627 0.37001187 0.0 -0.08209494050742902
-0.45222688 -0.031604283 0.0595524 -0.09142448 0.14178622 -0.23436664 -0.037539728 0.24223173 0.0 0.7975111 -0.52399826 0.89004713 -0.36092365 0.020315744 0.1326018 -0.07222027 -0.030472828 0.14785746 -0.2488155 -0.094538234 0.2266613 0.122275144 -0.29259363 -0.07600749 0.15825647 0.7950819 -0.41005158 -0.016602283 0.13845102 0.16282666 -0.30001855 -0.096354686 0.12872098 0.13986497 -0.27865943 -0.121626064 0.17220542 -0.20225464 0.0 -0.07572932266995111
-0.447748 -0.03166868 0.13761164 -0.030173307 0.15630543 -0.21539855 -0.12801374 0.17725566 0.0 0.8327023 -0.45682296 0.91194785 -0.2868924 0.005651505 0.13575043 -0.073594026 -0.034180135 0.1611785 -0.23162097 -0.20937239 0.07977616 0.13964398 -0.276741 -0.1958841 0.15000156 0.8209352 -0.344055 -0.1790826 -0.03744935 0.1820425 -0.28122905 -0.10638314 0.14486995 0.15672818 -0.26274514 -0.16870405 0.09291326 -0.38969362 0.0 -0.06983121318137403
