98
-0.16754815 0.14245641 0.019526068 -0.030372893 -0.24560158 0.009510377 -0.019526068 0.030372893 0.0 -0.7043612 0.072727405 -0.6603012 -0.10952233 0.31169736 0.1254643 0.26763737 0.30771405 0.08216288 0.11610863 -0.101464 -0.121474504 0.096285045 0.038136683 0.02386398 0.20341548 -0.3297914 -0.07785538 -0.12245256 0.011981466 -0.38854128 0.18079615 -0.16086183 0.0800461 -0.43564364 0.07254941 -0.17578168 0.11667777 0.0 0.0 0.010458814858099436
-0.17041254 0.14418916 0.14218336 -0.023866639 -0.24899049 0.0035162964 -0.14218336 0.023866639 0.0 -0.70934737 0.053798754 -0.66017634 -0.12713896 0.3048248 0.13510676 0.25565374 0.31604448 0.076257624 0.11746087 -0.07080328 0.011670385 0.0906367 0.043940797 -0.22823328 0.046430744 -0.3353558 -0.08681655 -0.283631 0.009558918 -0.39579445 0.17057553 -0.07808385 0.009723001 -0.44210756 0.06155684 -0.13172953 0.0014719791 -0.16843304 0.0 0.008581266315132868
-0.17437583 0.1463719 0.12996608 -0.03013062 -0.25326195 -0.00919756 -0.12996608 0.03013062 0.0 -0.71567154 0.015985688 -0.65673745 -0.16201156 0.29258126 0.15230356 0.23364717 0.3303008 0.0693563 0.123550765 -0.00015610138 0.09259217 0.07914551 0.049911764 -0.27210513 0.030674424 -0.3393918 -0.10427354 -0.2718203 0.0337863 -0.40712443 0.14875168 -0.07890542 -0.002894718 -0.44646823 0.03625509 -0.007095701 -0.049204335 -0.2147637 0.0 0.007098019432066779
-0.17814036 0.14899741 0.13074568 -0.03473639 -0.2565729 -0.02493454 -0.13074568 0.03473639 0.0 -0.7196351 -0.030429464 -0.6490426 -0.20413308 0.2773767 0.1723603 0.20678419 0.3460639 0.06047635 0.13172075 -0.019936437 0.12512173 0.066413574 0.05553257 -0.2710421 0.015599076 -0.34102628 -0.12521386 -0.27189475 0.051095158 -0.41864628 0.12154295 -0.07299538 0.008085837 -0.44818485 0.0065246723 -0.0017607968 0.022797173 -0.2553311 0.0 0.005514284744987379
-0.1815791 0.15204053 0.12898459 -0.04127404 -0.2583886 -0.04306311 -0.12898459 0.04127404 0.0 -0.7197109 -0.083542205 -0.6361912 -0.25141332 0.2591214 0.19402516 0.17560168 0.36189628 0.049375072 0.14050661 -0.02805312 0.14232482 0.0528704 0.06066846 -0.26831213 0.015684303 -0.33981702 -0.14890835 -0.26950634 0.062296253 -0.42904016 0.08995223 -0.068454504 0.01732087 -0.44745916 -0.027014935 -0.0027575593 0.0023974895 -0.28480482 0.0 0.0036165576655886322
-0.18471175 0.15539028 0.12901482 -0.040212084 -0.25831652 -0.06320675 -0.12901482 0.040212084 0.0 -0.7146606 -0.14199044 -0.6174415 -0.30231726 0.23763493 0.21618475 0.1404158 0.37651157 0.036015157 0.14922412 -0.045692578 0.1559948 0.038604647 0.064724855 -0.2642221 -0.0022769514 -0.3354302 -0.17493224 -0.26945028 0.05961295 -0.4373982 0.054256294 -0.06853759 0.011598787 -0.4437203 -0.0635926 -0.0001417968 0.02800527 -0.31171337 0.0 0.0011251733751378445
-0.18742879 0.15904647 0.12628429 -0.045947153 -0.25604898 -0.08452663 -0.12628429 0.045947153 0.0 -0.7036095 -0.20346506 -0.59255683 -0.3545397 0.21317455 0.23774146 0.102121845 0.3888161 0.020579737 0.15742464 -0.061623115 0.17283776 0.02394275 0.06731482 -0.25582388 -0.011564859 -0.32774618 -0.20233534 -0.26712567 0.05644899 -0.4427377 0.015438833 -0.06551991 0.007669161 -0.43630505 -0.10168625 0.0023318913 0.030055724 -0.3261339 0.0 -0.0018287273071876387
-0.1896793 0.16296363 0.12448429 -0.047360662 -0.25139663 -0.10646333 -0.12448429 0.047360662 0.0 -0.68600625 -0.26637354 -0.56142867 -0.4065045 0.18593636 0.25790915 0.061358802 0.3980401 0.0032148159 0.16464335 -0.08039909 0.18256713 0.009207363 0.06817272 -0.24399668 -0.028781585 -0.31660736 -0.23092255 -0.26321343 0.025225673 -0.4441187 -0.025077783 -0.050596807 0.02605611 -0.42494962 -0.14010179 0.0030083593 0.05751949 -0.34061903 0.0 -0.00437902900616461
-0.19151829 0.1670938 0.124407075 -0.047791023 -0.24427389 -0.12868217 -0.124407075 0.047791023 0.0 -0.6614941 -0.32964018 -0.5240198 -0.45714343 0.15599751 0.27605262 0.01852326 0.40355587 -0.01599261 0.17038673 -0.09952511 0.18765618 -0.0055114026 0.06730579 -0.23836155 -0.03641827 -0.30184382 -0.2600242 -0.26056325 0.012788579 -0.44126037 -0.066468105 -0.044513375 0.042721678 -0.40952632 -0.1782638 0.0015319393 0.061761484 -0.35184667 0.0 -0.006285412606694268
-0.19297382 0.17145537 0.12673542 -0.048000243 -0.2347718 -0.15062992 -0.12673542 0.048000243 0.0 -0.63017935 -0.3916894 -0.48081958 -0.50503796 0.1237063 0.2915475 -0.025653474 0.4048961 -0.036778893 0.17427488 -0.12062979 0.18980709 -0.020068137 0.06472354 -0.23334114 -0.045328546 -0.2834875 -0.28894737 -0.25270465 -0.014439979 -0.43419358 -0.10798887 -0.045202617 0.052087206 -0.3902045 -0.21513437 -0.0061520278 0.08495395 -0.35838053 0.0 -0.008073637802210362
-0.19397177 0.17589717 0.12520958 -0.04832973 -0.22289413 -0.17181763 -0.12520958 0.04832973 0.0 -0.59229875 -0.4510971 -0.43238258 -0.54899025 0.08971414 0.30389604 -0.07020204 0.4017892 -0.058635265 0.176012 -0.13698383 0.18968314 -0.03404343 0.060378797 -0.22319424 -0.054009896 -0.26168063 -0.31675917 -0.24673922 -0.022795113 -0.4228255 -0.1488398 -0.0431993 0.06142656 -0.36731803 -0.24940869 -0.017479442 0.11772534 -0.36148342 0.0 -0.010295070162328723
-0.19210604 0.1792497 0.023714779 -0.13320442 -0.20769805 -0.18913344 -0.023714779 0.13320442 0.0 -0.5488019 -0.50235057 -0.38028327 -0.5845559 0.058145277 0.31421015 -0.110373355 0.3964155 -0.07572317 0.17687818 0.065543555 0.24092215 -0.042866323 0.05555645 -0.020835849 -0.0073046493 -0.23658559 -0.3395808 -0.14747219 0.06578824 -0.4061771 -0.18490408 0.05862045 0.14140105 -0.34062725 -0.27740684 0.07746989 0.21377198 -0.3346349 0.0 -0.01252392242627242
-0.18784927 0.18129615 0.002420438 -0.14005543 -0.18341137 -0.20855387 -0.002420438 0.14005543 0.0 -0.48339894 -0.5613488 -0.3060486 -0.6222019 0.01850134 0.32366666 -0.15884902 0.3845198 -0.09446374 0.17468216 0.09198094 0.24627113 -0.050326247 0.049826078 -0.031739067 0.0018942192 -0.1970496 -0.36462155 -0.09822872 0.038268913 -0.37804285 -0.22837867 0.083645776 0.14815001 -0.3015211 -0.30919993 0.08162196 0.24005346 -0.5193878 0.0 -0.015037395333436787
-0.18326539 0.18254922 0.008799122 -0.13983847 -0.146 -0.23184474 -0.008799122 0.13983847 0.0 -0.38199702 -0.6302945 -0.19690947 -0.66027534 -0.037011467 0.32685816 -0.222099 0.35683906 -0.12060128 0.16501021 0.06628386 0.26044393 -0.05811746 0.040581077 0.013203228 0.0009614692 -0.1356794 -0.39187098 -0.08687675 0.025338273 -0.3315732 -0.2835821 0.07822881 0.16051388 -0.24315794 -0.34719914 0.056749754 0.25228834 -0.67623436 0.0 -0.016738191333450475
-0.17858101 0.18339656 0.028019974 -0.13741043 -0.09664103 -0.25213033 -0.028019974 0.13741043 0.0 -0.24630645 -0.6903735 -0.058996677 -0.6819297 -0.10403027 0.3170558 -0.29134005 0.308612 -0.15120485 0.14609726 0.018431352 0.27161026 -0.0649166 0.027931057 0.004751831 0.0010356145 -0.055533994 -0.4110812 -0.07501542 0.0068843523 -0.26494312 -0.33938837 0.05590409 0.1753901 -0.16683663 -0.3806826 0.011307653 0.26163626 -0.7860237 0.0 -0.018600165667797597
-0.17383242 0.1835692 0.0338485 -0.13621959 -0.03889734 -0.26287878 -0.0338485 0.13621959 0.0 -0.08615838 -0.7235557 0.09445283 -0.6731985 -0.17411846 0.29006127 -0.35472968 0.23970415 -0.18116947 0.11767172 -0.021000335 0.27759397 -0.068646826 0.013031862 0.038392078 0.017218135 0.036296308 -0.4130886 -0.05294461 0.0015713347 -0.18074131 -0.38380998 0.04147655 0.19474843 -0.07803137 -0.3995031 -0.023647489 0.26644653 -0.8404264 0.0 -0.021196658894731935
-0.16910368 0.18300442 0.04719621 -0.13233444 0.02234276 -0.26023766 -0.04719621 0.13233444 0.0 0.0849923 -0.71907514 0.24864627 -0.6275676 -0.23939383 0.24525358 -0.4030478 0.15374607 -0.2063543 0.08082147 -0.06947799 0.27247974 -0.06845891 -0.0025670575 0.042580493 0.0281261 0.1313474 -0.39305872 -0.030286616 -0.0019490022 -0.08497151 -0.40858832 0.013290718 0.21083492 0.01584144 -0.39784372 -0.06629279 0.26178652 -0.8706648 0.0 -0.024025012254619872
-0.16446738 0.1818842 0.06486665 -0.124776565 0.082098365 -0.24301705 -0.06486665 0.124776565 0.0 0.25357133 -0.6731959 0.39032143 -0.5449163 -0.2938366 0.18441758 -0.43058667 0.056137946 -0.22414218 0.037176516 -0.12705459 0.2522528 -0.06435012 -0.017487539 0.048305374 0.048151646 0.22153366 -0.3498993 -0.018017553 -0.0013379954 0.01508101 -0.40970388 -0.025013935 0.22023986 0.10734835 -0.3739925 -0.111794874 0.24699824 -0.88451177 0.0 -0.02705121680494943
-0.16000304 0.18019554 0.078001015 -0.11723843 0.13515958 -0.21238825 -0.078001015 0.11723843 0.0 0.4048014 -0.58888537 0.5067937 -0.43155187 -0.33231834 0.11240681 -0.4343106 -0.044926684 -0.23253705 -0.010217589 -0.17369269 0.22186518 -0.056796703 -0.030218244 0.048477463 0.067558646 0.2989264 -0.286279 0.007483761 0.015191124 0.11058538 -0.3867114 -0.06336145 0.22499329 0.18860538 -0.32979277 -0.14982796 0.22676301 -0.86687446 0.0 -0.02908404558014207
-0.15579905 0.17792429 0.089548 -0.1088708 0.17763133 -0.17159918 -0.089548 0.1088708 0.0 0.5274186 -0.4750883 0.59003645 -0.2983533 -0.3525502 0.035608355 -0.41516802 -0.14112665 -0.23100494 -0.05779465 -0.20806533 0.18665248 -0.046894137 -0.039810285 0.043325663 0.08435051 0.35777602 -0.20795904 0.020424336 0.035266776 0.19383551 -0.34306622 -0.10319792 0.22378738 0.2537179 -0.27025834 -0.18259127 0.2011518 -0.83321196 0.0 -0.030954331868858875
-0.151876 0.17518727 0.10238274 -0.097003184 0.2081264 -0.12402195 -0.10238274 0.097003184 0.0 0.6172779 -0.3409362 0.6384834 -0.15463921 -0.3551007 -0.041543413 -0.37630615 -0.22784044 -0.22017148 -0.10354232 -0.23595686 0.14442259 -0.035748478 -0.04607224 0.032026846 0.09872371 0.3960401 -0.12040453 0.021938065 0.053117435 0.26109564 -0.28351882 -0.1486667 0.22192095 0.30071807 -0.20062184 -0.21255648 0.1681752 -0.81050044 0.0 -0.03214746309405061
-0.14978419 0.17310405 0.039402235 -0.046940655 0.22826737 -0.0725369 -0.039402235 0.046940655 0.0 0.6755469 -0.1925279 0.6545824 -0.006203623 -0.33914715 -0.11801434 -0.31818265 -0.30433863 -0.1981458 -0.14968039 -0.15967602 -0.02592621 -0.022651915 -0.04889585 0.076575756 0.12719578 0.4150612 -0.027509656 0.091396175 0.03267503 0.31307378 -0.21242839 -0.112317786 0.15670876 0.3314431 -0.124967776 -0.16274919 0.09255529 -0.8119 0.0 -0.0327037916803347
-0.14861768 0.1721739 0.03609523 0.0016761096 0.23722707 -0.020031882 -0.03609523 -0.0016761096 0.0 0.6999472 -0.038657222 0.6384956 0.13848667 -0.30627176 -0.18925495 -0.24482022 -0.36639884 -0.1650179 -0.19265677 -0.12870112 -0.109040745 -0.0094175255 -0.04872765 0.06314482 0.09893053 0.41396847 0.06547297 0.094533995 0.011865747 0.3474128 -0.13481085 -0.1354021 0.08576937 0.3449762 -0.047847126 -0.1665932 0.017429726 -0.7894777 0.0 -0.034129114730558255
-0.14699331 0.17221998 0.04421346 0.03740472 0.23508948 0.026751509 -0.04421346 -0.03740472 0.0 0.6922484 0.10066036 0.5967459 0.26201564 -0.26381552 -0.24733101 -0.16831303 -0.40868628 -0.1271201 -0.22670269 -0.11585556 -0.159783 0.0017361812 -0.046478577 0.033557497 0.08072591 0.39552075 0.14704703 0.081436776 0.00034126066 0.3619828 -0.061619174 -0.16119358 0.024822297 0.34174344 0.020771245 -0.17607017 -0.041604612 -0.6768061 0.0 -0.036062673316227666
-0.14431089 0.17298074 0.052614022 0.08428962 0.22647694 0.060723856 -0.052614022 -0.08428962 0.0 0.6665589 0.20489267 0.5471042 0.34941533 -0.22368349 -0.2876768 -0.10422871 -0.4321995 -0.0936844 -0.25048146 -0.107184276 -0.21518473 0.009421638 -0.04363882 0.009326182 0.04161626 0.37025762 0.20642264 0.066342235 -0.029051235 0.36131188 -0.0053760665 -0.17844804 -0.04237591 0.32835573 0.07061257 -0.18246022 -0.10741213 -0.48639512 0.0 -0.037781222256197185
-0.14035061 0.17401041 0.06873563 0.10963146 0.21706803 0.079931684 -0.06873563 -0.10963146 0.0 0.6401775 0.26817408 0.506624 0.39977846 -0.19526595 -0.312507 -0.061712433 -0.44411135 -0.07116398 -0.26686275 -0.11159264 -0.24481799 0.013309362 -0.041594196 -0.024841094 0.020490777 0.34911007 0.24176301 0.044956535 -0.044119712 0.35353944 0.028901981 -0.19809134 -0.08016148 0.3130938 0.09894704 -0.19598599 -0.14433116 -0.28794444 0.0 -0.03905076115728636
-0.13603099 0.17458156 0.07800209 0.10219513 0.2101698 0.087519385 -0.07800209 -0.10219513 0.0 0.6229004 0.29754373 0.48267365 0.4220134 -0.18116453 -0.32586285 -0.040937737 -0.45033252 -0.06084426 -0.2784719 -0.11474358 -0.23916925 0.014270237 -0.040184997 -0.04011301 0.023240484 0.33736858 0.25840008 0.033256326 -0.032400556 0.34467572 0.04445715 -0.20862028 -0.07857738 0.30081204 0.1101268 -0.20363556 -0.14258286 -0.120756775 0.0 -0.039654721093806994
-0.13165869 0.1749051 0.0767874 0.103767134 0.2062149 0.08716274 -0.0767874 -0.103767134 0.0 0.6157226 0.30340385 0.4736298 0.42573896 -0.17882407 -0.33208948 -0.036731232 -0.4544246 -0.060390122 -0.28756016 -0.110491484 -0.24151798 0.013279701 -0.039241027 -0.0507088 0.022230133 0.3346084 0.26229265 0.03585531 -0.03623772 0.33690923 0.04689324 -0.20768137 -0.081224725 0.2922571 0.1097089 -0.2019069 -0.14572829 -0.009721539 0.0 -0.04000916500490697
-0.12728824 0.1751339 0.08150367 0.09983464 0.20451522 0.08128141 -0.08150367 -0.09983464 0.0 0.6165589 0.29265022 0.47592708 0.41666204 -0.18546934 -0.33337444 -0.04483751 -0.45738629 -0.067701906 -0.29492083 -0.11622269 -0.23732969 0.010875728 -0.03861523 -0.061267655 0.024661938 0.33888713 0.25701633 0.034739733 -0.038819708 0.33028632 0.040306382 -0.21205492 -0.07463316 0.28655022 0.10142954 -0.20718761 -0.14035861 0.07816249 0.0 -0.040454154882711785
-0.12293685 0.17527527 0.08508454 0.09588917 0.20411284 0.07148757 -0.08508454 -0.09588917 0.0 0.62265205 0.2696838 0.48602346 0.39809284 -0.19882469 -0.330593 -0.0621961 -0.45900202 -0.081201635 -0.30052927 -0.12315229 -0.23249014 0.007421659 -0.038077645 -0.06912439 0.025621958 0.34805012 0.24471758 0.03534628 -0.043491445 0.3241206 0.027579267 -0.2145058 -0.06475125 0.28243858 0.0877689 -0.21182282 -0.13312383 0.13876359 0.0 -0.04118077429354283
-0.11861353 0.17540309 0.088600434 0.09148758 0.20411167 0.05912755 -0.088600434 -0.09148758 0.0 0.63114303 0.23829511 0.5004293 0.3727204 -0.2165056 -0.32441977 -0.085791826 -0.45884505 -0.09912918 -0.30426058 -0.13186137 -0.22652696 0.0034374052 -0.03764111 -0.06632686 0.015359141 0.35989872 0.22721069 0.03576646 -0.04892628 0.3176966 0.011176029 -0.2156705 -0.051853757 0.27873713 0.07077897 -0.21669316 -0.123950936 0.17805393 0.0 -0.042383443777826664
-0.113896385 0.17468879 0.12653641 0.06327271 0.203194 0.044501953 -0.12653641 -0.06327271 0.0 0.640005 0.19829722 0.5174062 0.34016266 -0.23920941 -0.31369722 -0.11661069 -0.45556265 -0.121311754 -0.3051719 -0.11928887 -0.20465854 -0.00041997386 -0.039174084 -0.026247326 -0.081177235 0.372907 0.20426244 0.0013559386 -0.032171566 0.3095568 -0.008395439 -0.25026476 -0.014286083 0.27396092 0.050916523 -0.25653267 -0.08774288 0.23454286 0.0 -0.04400310731092596
-0.10920745 0.17362231 0.12820475 0.060154125 0.20124382 0.029429263 -0.12820475 -0.060154125 0.0 0.64699864 0.1549658 0.5337265 0.30438355 -0.2631682 -0.29973474 -0.149896 -0.44915247 -0.14583644 -0.30347204 -0.16675395 -0.19650236 -0.003958355 -0.04199311 -0.030463975 -0.09026886 0.3852665 0.17868158 0.0027427843 -0.04216055 0.29993024 -0.028205123 -0.2479262 -0.001944244 0.26781172 0.030757315 -0.2596626 -0.07621724 0.22935058 0.0 -0.04591914045491384
-0.10450219 0.17262137 0.13167526 0.05221575 0.19820233 0.015206335 -0.13167526 -0.05221575 0.0 0.65084255 0.113051385 0.5469877 0.2691617 -0.28560063 -0.28473055 -0.18174583 -0.44084087 -0.17011715 -0.300262 -0.16972148 -0.18786322 -0.007926758 -0.044627655 -0.044970542 -0.085965544 0.39554295 0.15312032 0.0001614693 -0.045063317 0.2892257 -0.046151098 -0.24706389 0.014282236 0.26022735 0.012172296 -0.26413846 -0.05967894 0.21824446 0.0 -0.0483561378059817
-0.099800415 0.17160143 0.13480234 0.043569416 0.19417778 0.0021040267 -0.13480234 -0.043569416 0.0 0.65176356 0.07332232 0.55721194 0.2352366 -0.30633092 -0.2690389 -0.21177927 -0.43095317 -0.19373162 -0.29544333 -0.19273423 -0.16339651 -0.012368366 -0.0468779 -0.05793095 -0.081116855 0.40372953 0.1281855 -0.00270083 -0.04613152 0.27768984 -0.061966497 -0.24555697 0.030461872 0.25141072 -0.0045452216 -0.26756093 -0.043498646 0.20661265 0.0 -0.05123955535741557
-0.09509699 0.17058371 0.13680461 0.036923397 0.18936613 -0.0094931675 -0.13680461 -0.036923397 0.0 0.65009683 0.03724061 0.5643074 0.20396322 -0.32487983 -0.2535803 -0.23909041 -0.4203029 -0.21589531 -0.2897935 -0.19601922 -0.15074822 -0.017199652 -0.048828587 -0.07457224 -0.07896503 0.40980917 0.10486683 -0.0052469415 -0.048914064 0.26572752 -0.07520451 -0.24324536 0.043234564 0.24166235 -0.018916644 -0.26931491 -0.028660664 0.18319686 0.0 -0.05456820585593544
-0.090390526 0.16957659 0.13833228 0.030802064 0.18403596 -0.019182896 -0.13833228 -0.030802064 0.0 0.6464212 0.0064432863 0.56834185 0.17691284 -0.34082913 -0.23951013 -0.26274982 -0.4099797 -0.23566775 -0.28433445 -0.19756053 -0.1392493 -0.0225462 -0.050217446 -0.10251087 -0.05802866 0.41391158 0.0843123 -0.007878465 -0.051587842 0.25382856 -0.085428394 -0.24093057 0.054258112 0.23136291 -0.030472761 -0.27030307 -0.015161655 0.15312487 0.0 -0.05832613083000322
-0.08567669 0.16860253 0.1391153 0.02711052 0.17847665 -0.026852742 -0.1391153 -0.02711052 0.0 0.641492 -0.018276105 0.569745 0.15495385 -0.35414806 -0.22769682 -0.28240108 -0.40092677 -0.2527256 -0.27985504 -0.19541216 -0.12684543 -0.028178139 -0.05071698 -0.11704195 -0.029724108 0.41639927 0.067209534 -0.009933984 -0.05397029 0.24240375 -0.09261065 -0.23861557 0.061581828 0.22089602 -0.039158493 -0.27036098 -0.0054945676 0.11981089 0.0 -0.06243794888205109
-0.08096465 0.1676191 0.14001542 0.022021804 0.17290646 -0.03257688 -0.14001542 -0.022021804 0.0 0.6359811 -0.036902755 0.5690879 0.13825877 -0.36510685 -0.21850458 -0.29821375 -0.3936661 -0.26699856 -0.2765241 -0.18945898 -0.105626866 -0.03356382 -0.0501437 -0.116901204 0.0071284827 0.4177137 0.05378176 -0.011761528 -0.05270145 0.23168232 -0.09698615 -0.23703659 0.06936155 0.21053663 -0.045177903 -0.27036843 0.0043736985 0.087946706 0.0 -0.06696478152599758
-0.07626427 0.1665811 0.14065604 0.017490692 0.16747947 -0.036485903 -0.14065604 -0.017490692 0.0 0.63038725 -0.04964545 0.56684804 0.12676038 -0.37398303 -0.21211563 -0.31044376 -0.38852146 -0.27887705 -0.27458903 -0.19869214 -0.08885825 -0.03789814 -0.048739288 -0.087598965 0.031048793 0.418228 0.044071287 -0.012867156 -0.050144773 0.22178282 -0.09883872 -0.23583284 0.075754456 0.20048782 -0.048745938 -0.2691174 0.01507725 0.05634572 0.0 -0.07211543716947512
-0.07156292 0.16554663 0.1407008 0.01716253 0.1623 -0.038842097 -0.1407008 -0.01716253 0.0 0.62504077 -0.05694674 0.56338996 0.12012789 -0.38100806 -0.20867665 -0.31935722 -0.38575128 -0.28778407 -0.27410105 -0.1594091 -0.06407572 -0.040840738 -0.046793297 -0.060394056 0.05465672 0.4182281 0.037890553 -0.013038159 -0.050473783 0.21274024 -0.09856706 -0.23467286 0.077263795 0.19092229 -0.05015818 -0.26504987 0.023944607 0.027047776 0.0 -0.0778198317921529
-0.06745688 0.16325045 0.13307036 -0.047220435 0.15755266 -0.038495842 -0.13307036 0.047220435 0.0 0.6202371 -0.057986695 0.559117 0.11927183 -0.38626176 -0.20670198 -0.3251417 -0.38396052 -0.29321915 -0.27428395 -0.11874879 -0.013861569 -0.042506993 -0.043206327 -0.035671487 0.12746608 0.41805753 0.036355756 -0.0048874104 0.015023019 0.20464893 -0.0951394 -0.22595821 0.14268865 0.18187326 -0.048524775 -0.2590123 0.086769775 -0.0019374785 0.0 -0.08346721191235072
-0.063467085 0.1605773 0.13886282 -0.027813213 0.15346892 -0.03489382 -0.13886282 0.027813213 0.0 0.6164 -0.047208052 0.5525387 0.12908144 -0.38767198 -0.21151198 -0.3238107 -0.3878015 -0.292909 -0.2795238 -0.11535058 -0.023300737 -0.043161385 -0.040092558 -0.03857737 0.10201451 0.41715926 0.042973362 -0.009917243 -0.001833261 0.19825286 -0.08758857 -0.23229627 0.122728795 0.17369138 -0.043397855 -0.26458803 0.059505653 -0.09190687 0.0 -0.08927366921703653
-0.05941273 0.15798993 0.13882913 -0.028079692 0.14981829 -0.028878767 -0.13882913 0.028079692 0.0 0.6129029 -0.02580065 0.5432179 0.14826903 -0.38515374 -0.22338422 -0.31546876 -0.3974539 -0.28736416 -0.28991497 -0.115652114 -0.021809803 -0.04318746 -0.03802098 -0.039728656 0.10352443 0.41518882 0.05686263 -0.0088141095 0.0034255616 0.19307256 -0.07691695 -0.23430854 0.12092577 0.16600223 -0.036585882 -0.26646867 0.015685037 -0.1388616 0.0 -0.09507922028760904
-0.055397727 0.15533961 0.1398582 -0.022548763 0.14620231 -0.021438098 -0.1398582 0.022548763 0.0 0.6086932 0.0022047528 0.5313457 0.17300762 -0.37960288 -0.23951223 -0.30225542 -0.4103151 -0.2780812 -0.30313352 -0.11402634 -0.017995005 -0.042895343 -0.036619313 -0.04072736 0.0931863 0.41194788 0.075363874 -0.008976006 0.0036533948 0.18817078 -0.06449854 -0.23923658 0.11121048 0.15865357 -0.030058851 -0.25220734 -0.044830933 -0.17457478 0.0 -0.10099148613245953
-0.051383 0.15268722 0.14089574 -0.014993153 0.13347271 -0.021170948 -0.38172418 -0.24813846 0.0 0.60297525 0.03428347 0.5168734 0.20084494 -0.37145442 -0.25836492 -0.28535256 -0.4249264 -0.26584157 -0.31790304 -0.114134416 -0.020809654 -0.04244071 -0.035967834 -0.043835968 0.077323206 0.40717146 0.096726686 -0.009252442 0.00276451 0.18297853 -0.051280264 -0.2435044 0.0997361 0.15374298 -0.022585046 -0.1688251 -0.016271437 -0.19540103 0.0 -0.1018654399812444
-0.047518868 0.14982574 0.14036784 -0.019194812 0.12221088 -0.022490535 -0.36070868 -0.24925256 0.0 0.59547305 0.06721531 0.50052667 0.22889842 -0.3617833 -0.27748245 -0.26683688 -0.43916556 -0.25214007 -0.3322625 -0.111658394 -0.0073693404 -0.042215325 -0.035774924 -0.0558782 0.06731066 0.40111223 0.118899934 -0.0072065447 0.016495045 0.17662337 -0.03889754 -0.2672297 0.062475346 0.15022646 -0.015204866 -0.12403298 -0.024029376 -0.19379443 0.0 -0.1023622098670273
-0.043893203 0.14666738 0.13989821 -0.02229803 0.11174874 -0.024353245 -0.3398506 -0.25038365 0.0 0.58615243 0.10022786 0.4825273 0.2564907 -0.3508745 -0.29617688 -0.24724934 -0.45243973 -0.2374179 -0.3457579 -0.111697264 -0.0033311998 -0.042353816 -0.0362847 -0.06678293 0.040502924 0.3937862 0.14138362 -0.0066696974 0.02666709 0.16922598 -0.028038437 -0.27379817 0.025557946 0.14508647 -0.0074925562 -0.17915373 -0.0067018713 -0.19911392 0.0 -0.10251989476468544
-0.040540982 0.1432219 0.13917372 -0.026351752 0.10215288 -0.026551355 -0.31853378 -0.24971919 0.0 0.5748014 0.13395368 0.4625086 0.28410885 -0.33831897 -0.31478617 -0.22602615 -0.46494135 -0.22131921 -0.35859448 -0.11395772 0.007277772 -0.042723667 -0.0374032 -0.07695182 0.03381702 0.38491112 0.16461082 -0.0068921684 0.04005753 0.1623073 -0.01959899 -0.23824672 -0.056490563 0.1389699 0.0011503908 -0.19123621 0.018113375 -0.2075505 0.0 -0.10260200519851354
-0.037493974 0.13950445 0.13845049 -0.029843194 0.09348964 -0.028943138 -0.29676303 -0.24886997 0.0 0.5610769 0.16881977 0.4400411 0.31202096 -0.3236986 -0.3335034 -0.2026628 -0.47670457 -0.20346366 -0.37082312 -0.11529838 0.01435889 -0.043189496 -0.03885431 -0.084031455 0.02961878 0.37416258 0.18885647 -0.007018059 0.051880278 0.15479948 -0.011685968 -0.24813683 -0.046198107 0.13244838 0.009401283 -0.18322466 0.003285467 -0.2201791 0.0 -0.10234279155789944
-0.034761384 0.13555026 0.13791567 -0.032174 0.08582208 -0.03145477 -0.27453363 -0.24841775 0.0 0.54453146 0.20502152 0.41465777 0.34025863 -0.30660677 -0.35240108 -0.17673306 -0.48763818 -0.18348005 -0.38250166 -0.116541 0.017964594 -0.043614957 -0.04079239 -0.089522816 0.017922176 0.36111775 0.21424372 -0.008726822 0.06486898 0.14695449 -0.0038708895 -0.24368902 -0.055629894 0.12556997 0.017593268 -0.17396703 -0.0047007143 -0.23503692 0.0 -0.10186498776004158
-0.03358638 0.13446356 -0.008034826 0.021544378 0.08184366 -0.036273483 -0.10984639 -0.3015995 0.0 0.5309128 0.234366 0.39384016 0.3623009 -0.28847927 -0.36875328 -0.1514066 -0.49668816 -0.1658049 -0.39280397 -0.10446389 -0.04882705 -0.04320389 -0.041591574 -0.041815683 0.06965233 0.35158083 0.23493184 0.13478372 0.019857967 0.14188176 0.0008396852 -0.09552658 -0.11503722 0.12176293 0.022937914 -0.021563767 -0.06402191 -0.1705672 0.0 -0.1017416421567327
-0.03420423 0.13638 -0.08618378 0.027712058 0.07978595 -0.046340432 -0.028656943 -0.30035278 0.0 0.5327939 0.23337664 0.39575326 0.36134586 -0.2867492 -0.3695374 -0.1497086 -0.49750662 -0.16858786 -0.39374283 -0.048866235 -0.015214222 -0.043875102 -0.038492184 0.0075795553 0.08915998 0.35773706 0.23537861 0.21208073 0.013191755 0.1401875 -0.0032696347 -0.018517744 -0.12136594 0.122645974 0.020497842 0.060291335 -0.07565459 0.114612475 0.0 -0.10076290854515801
-0.03646049 0.13976763 -0.13013943 0.023948189 0.074793726 -0.06278291 -0.004618795 -0.2785188 0.0 0.55522066 0.18452746 0.42998406 0.32406974 -0.31424144 -0.34385872 -0.18900484 -0.483401 -0.20299852 -0.37929785 0.00800166 -0.0823705 -0.04547574 -0.031324632 0.06149937 0.09862053 0.38538802 0.20297258 0.2586217 0.006940897 0.13950269 -0.019449916 0.017346796 -0.10574105 0.12694806 0.006947608 0.103078395 -0.07480496 0.45178416 0.0 -0.1008119727539928
-0.039965745 0.14257802 -0.13395476 -0.004191197 0.061807204 -0.082513794 -0.037231326 -0.2179417 0.0 0.5828756 0.08757848 0.48300955 0.24627009 -0.36334568 -0.28634876 -0.26347965 -0.44504037 -0.26397443 -0.33924532 0.012954463 0.06604853 -0.047796823 -0.019462822 0.061907142 0.124774285 0.42306668 0.13477704 0.26545426 0.014586837 0.13454625 -0.045508694 0.013823164 -0.06504632 0.12951323 -0.016684618 0.096723855 -0.042984232 0.7157079 0.0 -0.1020532493000644
-0.044281688 0.14397196 -0.13092181 -0.03372868 0.04874803 -0.09570324 -0.062034268 -0.1594607 0.0 0.5937915 0.012882102 0.51503515 0.18303993 -0.39247328 -0.23699401 -0.31371692 -0.40715182 -0.30495808 -0.3018308 -0.0008125054 0.0010326537 -0.047998067 -0.008688372 0.042929385 0.14311105 0.44581276 0.07994342 0.26297632 0.02906721 0.12787616 -0.06379711 0.0073796725 -0.028701454 0.12934317 -0.033983793 0.08676219 -0.008698623 0.29209793 0.0 -0.10398279498265897
-0.048787583 0.14452961 -0.12631892 -0.044086557 0.045713626 -0.10112663 -0.06345009 -0.1420893 0.0 0.598229 0.008190265 0.5212057 0.17913957 -0.39052394 -0.23165117 -0.31350067 -0.40260047 -0.3078726 -0.29677385 0.005948617 0.09350558 -0.047441587 -0.0039938316 0.0055014724 0.1137277 0.45540315 0.07653235 0.25774068 0.03732669 0.12738438 -0.0659033 0.0040977155 -0.020588458 0.13177021 -0.035382688 0.0796125 0.0016428389 -0.13342842 0.0 -0.10514328301038092
-0.053333268 0.14527586 -0.12929448 -0.041274168 0.053559028 -0.1015303 -0.037908435 -0.1563073 0.0 0.59922796 0.065091684 0.50672024 0.22818239 -0.3630968 -0.265192 -0.2705891 -0.42828268 -0.2789022 -0.32210106 0.006550978 0.029609002 -0.047060557 -0.0052804113 -0.006314984 0.07722438 0.4551651 0.12010048 0.26100537 0.04614915 0.13337968 -0.054872554 0.015883325 -0.037253253 0.13731831 -0.023030847 0.0848438 -0.0058197756 -0.4665125 0.0 -0.1057778438361125
-0.0577861 0.14665788 -0.12978159 -0.045094136 0.07026759 -0.09636016 0.0025422645 -0.17243376 0.0 0.58338666 0.1690601 0.46417925 0.3137869 -0.307697 -0.3219859 -0.18848962 -0.4667127 -0.21899095 -0.36468795 0.011378798 0.010886602 -0.045841254 -0.011999549 -0.0077405525 0.017607082 0.43637177 0.19938433 0.2583524 0.07303236 0.14182699 -0.032611463 0.03197247 -0.051789716 0.14230146 0.000858762 0.0924126 -0.010409474 -0.7272366 0.0 -0.10590825283115984
-0.061775316 0.14915322 -0.13518398 -0.03485422 0.0928593 -0.08348596 0.064271584 -0.20003755 0.0 0.5320582 0.30250221 0.38230735 0.41533372 -0.21946067 -0.3833372 -0.069709875 -0.4961687 -0.12667319 -0.40640324 0.038120255 -0.03729663 -0.04136245 -0.023266705 0.02313722 -0.04939175 0.3860589 0.29955322 0.25381383 0.092443466 0.14758013 -0.00088245067 0.068476394 -0.0850211 0.14177151 0.033627067 0.11236644 -0.030191984 -0.9313205 0.0 -0.10533124392363072
-0.064316936 0.1528693 -0.13498475 -0.008190677 0.11692506 -0.060936708 0.13314834 -0.23069394 0.0 0.42969579 0.44117594 0.2542288 0.50726366 -0.09823901 -0.4285603 0.07722797 -0.494648 -0.0050315578 -0.4279027 0.07029024 -0.091032565 -0.031037265 -0.0370673 0.077210635 -0.11952784 0.29375464 0.4002459 0.23260611 0.09715665 0.145248 0.037242666 0.10690077 -0.12577614 0.13081394 0.07088467 0.13139492 -0.06282533 -1.0910687 0.0 -0.10435422177630418
-0.06724841 0.15436655 0.003062433 -0.111253284 0.13426965 -0.025185796 0.06917618 -0.10983591 0.0 0.2687712 0.55775857 0.08139756 0.5646411 0.044690777 -0.434685 0.23206441 -0.4415675 0.13359328 -0.4060067 0.05565874 0.114318416 -0.01471684 -0.04651861 0.06552435 -0.010197026 0.15498617 0.4796049 0.05771394 0.2255753 0.12806018 0.0797503 0.014717965 -0.024296986 0.10375798 0.10929748 0.01653049 0.04054191 -1.2161129 0.0 -0.1003855502030542
-0.07108765 0.15209931 0.123735614 -0.066203184 0.13639925 0.017412445 0.013622339 -0.11384088 0.0 0.06659871 0.6181809 -0.11257144 0.5629151 0.18217936 -0.39265904 0.36134952 -0.33739328 0.2589652 -0.33322626 -0.054829814 0.19114636 0.002438534 -0.04754715 0.013138251 0.036835454 -0.014475768 0.5109615 -0.107552975 0.18365319 0.09346994 0.11639135 -0.059225127 -0.054362927 0.060116958 0.13835105 -0.078868344 0.0057087913 -1.2059518 0.0 -0.09594573049376408
-0.07400705 0.14864552 0.1333405 -0.0060763485 0.12660362 0.053360187 0.04649422 -0.12149062 0.0 -0.12484394 0.61045367 -0.27945676 0.5043823 0.28625703 -0.32021934 0.44086984 -0.21414801 0.3427361 -0.23622094 -0.10909912 0.13613643 0.016451452 -0.042730495 -0.00678597 0.06639002 -0.17087212 0.48684192 -0.14587633 0.06696199 0.053424895 0.13612673 -0.035598166 -0.08976444 0.013836788 0.14891109 -0.07033197 -0.03896291 -1.0098345 0.0 -0.09275145483135697
-0.076869994 0.14523011 0.13047805 0.014722138 0.112532355 0.07873166 0.06919501 -0.09355251 0.0 -0.2713256 0.56238145 -0.39615852 0.42247796 0.34999353 -0.24329764 0.47482646 -0.103394136 0.38470346 -0.14376831 -0.13020948 0.11725468 0.025038289 -0.03477561 -0.040725835 0.09274284 -0.28831318 0.43488 -0.19464828 0.10931896 0.019008208 0.14195424 -0.011783851 -0.083368815 -0.02403659 0.14624678 -0.056789726 -0.045629848 -0.77397454 0.0 -0.09047234828460426
-0.08005561 0.14216566 0.12847172 0.02198223 0.09918264 0.09531204 0.07654842 -0.06262355 0.0 -0.37210187 0.50364757 -0.46982002 0.3436244 0.38363692 -0.17753896 0.48135504 -0.017515782 0.3993155 -0.06896295 -0.14344634 0.10908464 0.028536495 -0.026365312 -0.075598866 0.10740214 -0.3667117 0.37613738 -0.112050615 -0.044187073 -0.0066707525 0.14059784 0.0015582758 -0.06535154 -0.051484488 0.13801923 -0.047599725 -0.03954361 -0.5671307 0.0 -0.08917640956192965
-0.08355568 0.13961808 0.12624459 0.019566478 0.088347636 0.10622014 0.07684531 -0.032439414 0.0 -0.4395613 0.44920346 -0.51530015 0.27768123 0.3994851 -0.12625928 0.47522396 0.04526296 0.39976975 -0.012092799 -0.15009888 0.1127899 0.028391263 -0.01862251 -0.1061896 0.11860062 -0.41856366 0.32484934 -0.19949813 0.061767075 -0.024843697 0.13667297 0.007934753 -0.04635945 -0.070635386 0.12881434 -0.04118602 -0.02874587 -0.4173329 0.0 -0.08873710384086649
-0.085230656 0.13749345 0.01121998 0.062175326 0.08198125 0.113069125 0.18679345 -0.05535596 0.0 -0.48354846 0.4026777 -0.54219043 0.22458398 0.40764275 -0.088173054 0.4662847 0.08992066 0.39543337 0.029819436 -0.053135123 0.06506966 0.029565487 -0.013384918 0.080166616 0.03499491 -0.45110333 0.2814548 0.01739888 -0.09059842 -0.035681337 0.13171469 0.12535219 -0.072337426 -0.082156196 0.1198252 0.077433996 -0.061268523 -0.30937883 0.0 -0.08882931194488904
-0.0869354 0.13619184 0.01381943 0.020253815 0.08208628 0.11581238 0.17857723 -0.0062492513 0.0 -0.5005863 0.38311854 -0.5523773 0.20291328 0.40871745 -0.073305614 0.4605085 0.10689966 0.39082363 0.04861079 -0.041103866 0.11365427 0.029626226 -0.008909557 0.08785862 0.081664465 -0.464553 0.2641531 -0.08676995 0.04625623 -0.038047925 0.12924407 0.122765146 -0.028114626 -0.08560806 0.11592265 0.07790389 -0.017693585 -0.026093613 0.0 -0.08952287905643286
-0.08851354 0.13595003 0.048556674 -0.021767177 0.08906894 0.11476256 0.13899611 0.03175154 0.0 -0.494609 0.39302957 -0.5498999 0.21386716 0.40563297 -0.081017554 0.46092385 0.09814485 0.3896187 0.045834854 -0.05739064 0.15821062 0.02982869 -0.005396209 0.0030920997 0.14180611 -0.4612623 0.27362695 -0.015308787 -0.01489279 -0.03245725 0.12992454 0.088323705 0.015309056 -0.08172327 0.11789218 0.046864953 0.025354855 0.13230075 0.0 -0.08974204344717483
-0.08997493 0.13647819 0.030262308 -0.034852315 0.096235536 0.11416488 0.15249954 0.040998857 0.0 -0.4880469 0.40359095 -0.5468325 0.22554457 0.4027481 -0.087978445 0.4615337 0.09006792 0.38937792 0.043955564 -0.019564703 0.17582734 0.02964834 -0.0008964214 -0.012317368 0.16190623 -0.45780414 0.28434947 -0.09209761 0.1016005 -0.026496833 0.13111515 0.10610268 0.022497281 -0.07731376 0.12047177 0.068838716 0.035924938 0.028860219 0.0 -0.09005232765518692
-0.09256471 0.13570064 0.113740556 0.022639737 0.09699638 0.116595864 0.06402741 -0.012753608 0.0 -0.49948612 0.39280295 -0.5543521 0.21350996 0.40187708 -0.07910877 0.4567431 0.1001842 0.38388857 0.056722473 -0.1972759 0.090266466 0.029633377 0.0037330661 -0.0028832203 0.07790042 -0.4668631 0.27429876 -0.0797075 -0.067402855 -0.027415998 0.13029826 0.023393204 -0.027357507 -0.07918261 0.118902855 -0.010074629 -0.017979981 -0.14893684 0.0 -0.08946598542628922
-0.09607506 0.13319016 0.11828855 0.05550359 0.09356356 0.11977634 0.05420074 -0.03827786 0.0 -0.5203001 0.36891076 -0.5672302 0.18737893 0.40093958 -0.06291532 0.44786975 0.11861652 0.37419662 0.075901225 -0.19705398 0.062235303 0.029166859 0.00701267 -0.008551885 0.04744286 -0.48315006 0.25256664 -0.17705825 0.0064434092 -0.03249757 0.12739232 0.018556453 -0.05732343 -0.08476458 0.11407248 -0.010312003 -0.04599692 -0.16332854 0.0 -0.08950857392714497
-0.099446855 0.13041247 0.11369994 0.057975143 0.09056432 0.122126386 0.053457323 -0.034657795 0.0 -0.5381951 0.34631112 -0.57799995 0.16308495 0.39920616 -0.049207687 0.43901104 0.13401847 0.36446267 0.0925019 -0.18656214 0.063491985 0.02831536 0.010030484 -0.018216131 0.05989481 -0.4968554 0.23124059 -0.086133525 -0.11429226 -0.036683563 0.12426043 0.023097817 -0.04917493 -0.08928869 0.10918404 -0.0008282129 -0.042259134 -0.12466865 0.0 -0.08842967912860294
-0.10294412 0.12781514 0.11816093 0.052141987 0.08850549 0.12373341 0.043855634 -0.02469635 0.0 -0.55199397 0.3285352 -0.58643097 0.14422473 0.39655814 -0.039439175 0.4309951 0.14487128 0.3553735 0.10540595 -0.18194875 0.07433823 0.027174914 0.013066681 -0.029517608 0.07022104 -0.507924 0.2151531 -0.17008996 0.009594149 -0.039575715 0.12158201 0.018448368 -0.042963523 -0.09240876 0.105252646 0.0014058115 -0.033463925 -0.09131821 0.0 -0.08803324325437309
-0.10676201 0.12552707 0.12560861 0.04391372 0.08685544 0.12507348 0.0314936 -0.013647018 0.0 -0.56338835 0.31438214 -0.5936668 0.12934305 0.39320832 -0.0321421 0.4234868 0.15289699 0.34672785 0.116091356 -0.18233448 0.08590852 0.025467934 0.016322251 -0.050106402 0.08384811 -0.51733977 0.20149912 -0.115662016 -0.11382662 -0.041807227 0.11954673 0.010604838 -0.026470799 -0.09460612 0.10230401 0.010756577 -0.017951937 -0.073296696 0.0 -0.08665370646547581
-0.11088724 0.12335662 0.13167238 0.047540717 0.08467007 0.12659328 0.020560408 -0.014524771 0.0 -0.5749298 0.29962355 -0.600899 0.11393064 0.38946313 -0.024571797 0.41543233 0.1611211 0.33772805 0.12699299 -0.18198949 0.08492213 0.023049686 0.019671455 -0.0669333 0.079924166 -0.52686566 0.18813947 -0.17007305 0.01763468 -0.04434393 0.117587626 0.0044489983 -0.030490058 -0.09677569 0.09942575 0.0030398562 -0.021137457 -0.0894386 0.0 -0.08565283358511688
-0.11511433 0.12106258 0.13099179 0.054380123 0.081749156 0.12823111 0.016309945 -0.018267544 0.0 -0.5872232 0.28227478 -0.60819805 0.09595167 0.3855252 -0.015914569 0.40650013 0.17040855 0.32807013 0.13871917 -0.17761405 0.07944197 0.020082204 0.02283554 -0.0722961 0.07421554 -0.5372318 0.17148063 -0.15500818 -0.13284867 -0.047337767 0.11535585 0.0042728093 -0.028853763 -0.0993156 0.09604763 0.0028665764 -0.022404687 -0.10030197 0.0 -0.08401086050590481
-0.11934382 0.11876238 0.13011299 0.056285594 0.07872879 0.12972541 0.012326778 -0.017354729 0.0 -0.5988752 0.26475784 -0.61492825 0.07794631 0.38139996 -0.0076697385 0.39745295 0.1791418 0.31835732 0.14995712 -0.1723447 0.07900063 0.017123308 0.025763191 -0.066504635 0.07002381 -0.5472485 0.1554405 -0.17839839 0.0066570453 -0.05019936 0.11304156 0.0048924163 -0.031054668 -0.10170557 0.092627026 0.0031559172 -0.022776183 -0.090332985 0.0 -0.08257463183829208
-0.123611264 0.116533965 0.12988806 0.056790277 0.07588743 0.13097778 0.00786097 -0.015619961 0.0 -0.6093611 0.24857476 -0.62099576 0.06143609 0.3770772 -0.0006154333 0.38871187 0.18652324 0.30889714 0.16007331 -0.17023136 0.07908147 0.014292756 0.028480608 -0.06375245 0.068257615 -0.55527663 0.1402115 -0.09967308 -0.11620214 -0.052694146 0.11093147 0.0039852364 -0.023717523 -0.103765875 0.08952183 0.002363923 -0.018404394 -0.08047211 0.0 -0.08026061607940804
-0.12791726 0.11438066 0.12960243 0.057446335 0.07316918 0.13204227 0.0036257724 -0.014502172 0.0 -0.6189288 0.23350728 -0.6265578 0.046162542 0.37261403 0.005474111 0.38024312 0.19281884 0.29967952 0.16929281 -0.16668063 0.07937156 0.011639581 0.03099227 -0.0573346 0.06419846 -0.5629162 0.12676607 -0.17130263 0.007059016 -0.054908525 0.10893248 0.0043513286 -0.02567874 -0.10557328 0.086664334 0.0023367645 -0.01811643 -0.07358207 0.0 -0.07826303121275303
-0.13203825 0.111932434 0.12141402 0.07232826 0.073422655 0.13111813 0.00833197 -0.03061386 0.0 -0.6229725 0.23169571 -0.63074195 0.044356756 0.36839914 0.0029194849 0.37616864 0.19025844 0.2966098 0.17116313 -0.05301215 0.04971069 0.00797438 0.033135917 -0.1389114 0.06360524 -0.5674805 0.12441938 -0.113673426 -0.14365956 -0.054502197 0.10786953 0.011976314 -0.036290385 -0.10525039 0.08583682 0.0102263745 -0.031435367 0.05499315 0.0 -0.07532714870039853
-0.13607785 0.1093376 0.124648854 0.066720866 0.07787804 0.12751007 0.002972305 -0.030386407 0.0 -0.61903423 0.25027236 -0.6331121 0.063301615 0.36406526 -0.011780415 0.37814316 0.17519034 0.30150995 0.16190572 -0.004803349 0.008188458 0.0047615957 0.0351869 -0.12184908 0.06955762 -0.5679988 0.14141753 -0.16937543 -0.0035975715 -0.050489265 0.10836753 0.010147051 -0.03810278 -0.10200579 0.088250056 0.008467445 -0.03199983 0.16679679 0.0 -0.07225448079405755
-0.14013065 0.1067601 0.12846188 0.059182573 0.08519088 0.12159963 -0.0023275223 -0.031235531 0.0 -0.60746866 0.2845231 -0.63260704 0.0987159 0.3583646 -0.03535557 0.38350302 0.15045162 0.31080082 0.14302833 0.011635501 -0.03755922 0.0029569296 0.037461508 -0.11249615 0.07695181 -0.5627608 0.17269298 -0.08811594 -0.11354914 -0.04370534 0.109914005 0.0077786213 -0.036059175 -0.09637218 0.09307923 0.0063774954 -0.030660648 0.24602205 0.0 -0.0688418109939886
-0.14413072 0.10409965 0.13101666 0.05340886 0.09396206 0.113569245 -0.0064886874 -0.035661872 0.0 -0.5884215 0.32834283 -0.6276835 0.1449996 0.35014707 -0.06439794 0.3894091 0.11894529 0.32110962 0.11705923 0.009065855 -0.061185855 0.002397908 0.039863903 -0.09701568 0.07848087 -0.5524727 0.21399158 -0.16120066 0.016482322 -0.034974493 0.111551985 0.006652199 -0.04287551 -0.08880265 0.09898146 0.005822252 -0.037186913 0.29623753 0.0 -0.06518926154434554
-0.1479921 0.10124262 0.13245536 0.04978241 0.1031293 0.10354062 -0.010164635 -0.043177556 0.0 -0.5619687 0.37697095 -0.61712116 0.19776589 0.33863908 -0.09638082 0.3937916 0.08282424 0.3302124 0.08629774 0.0037673379 -0.06741191 0.0029131789 0.042231765 -0.085695155 0.077373266 -0.5362659 0.2595971 -0.12043519 -0.11772785 -0.024915032 0.112577975 0.0058332607 -0.049420077 -0.079653 0.10495748 0.005322917 -0.04380081 0.32955372 0.0 -0.06118606910221874
-0.15162197 0.09809901 0.13290094 0.048588328 0.111928955 0.09163319 -0.013761361 -0.05346152 0.0 -0.5283036 0.4269807 -0.6001782 0.25380364 0.32343292 -0.12952727 0.39530745 0.043649796 0.3368144 0.052072093 -0.0014037522 -0.080340475 0.004406428 0.04430175 -0.07030697 0.06969848 -0.51387733 0.3081965 -0.13921502 0.025944559 -0.014031879 0.11244976 0.004492187 -0.063049875 -0.06924197 0.11023812 0.0046217046 -0.057426557 0.35082844 0.0 -0.05718333766951339
-0.15498361 0.09466846 0.13385601 0.045957413 0.1197594 0.07809526 -0.01890169 -0.062188946 0.0 -0.48791218 0.47586423 -0.5766161 0.31067383 0.30439925 -0.16241382 0.39310318 0.0027765597 0.34000158 0.01566326 -0.007212183 -0.08089878 0.006719515 0.045970928 -0.05918401 0.06443409 -0.48593685 0.35599512 -0.16458234 -0.1118739 -0.002779459 0.11094238 0.0020081992 -0.07215283 -0.057916224 0.11441039 0.0025786092 -0.06654077 0.36394507 0.0 -0.05276425651383443
-0.15811656 0.091024585 0.13582662 0.03988426 0.1261704 0.063279636 -0.02610311 -0.06703565 0.0 -0.44139856 0.5219448 -0.5465094 0.36667743 0.28158334 -0.19391373 0.38669416 -0.038646337 0.33927152 -0.02198606 -0.015485836 -0.08630106 0.009629169 0.047152754 -0.050093967 0.05872081 -0.45235088 0.4031579 -0.14306177 0.038210504 0.008410347 0.1079934 -0.004048272 -0.08148425 -0.046044067 0.117261045 -0.0028511183 -0.076002255 0.37254363 0.0 -0.04887865525842518
-0.16102257 0.08719637 0.13735569 0.034366127 0.13082564 0.047611378 -0.033821117 -0.07167621 0.0 -0.38991305 0.56361353 -0.51047385 0.4200122 0.25540003 -0.22297864 0.37596083 -0.07937728 0.3343187 -0.059987366 -0.026267594 -0.09735989 0.012877698 0.04795246 -0.047172975 0.05898332 -0.41273275 0.44640446 -0.12167947 -0.10012411 0.019142292 0.10365434 -0.00964531 -0.087712504 -0.034008227 0.11866898 -0.0079643335 -0.08236567 0.37267482 0.0 -0.0446554432084085
-0.16371323 0.08321169 0.13896774 0.02730663 0.13353033 0.031573057 -0.042407785 -0.07375271 0.0 -0.33495438 0.5996968 -0.4695707 0.46917978 0.22652012 -0.24877396 0.36113644 -0.118256934 0.32500008 -0.09724202 -0.044539496 -0.1036812 0.016294267 0.048358593 -0.041655496 0.055921767 -0.36936 0.48599318 -0.13107933 0.049014296 0.029019216 0.09803145 -0.018292714 -0.09499971 -0.022239871 0.11857811 -0.016001092 -0.08987169 0.36740837 0.0 -0.039921783231892355
-0.16556038 0.0790553 0.12695743 0.045242436 0.1346793 0.014499914 -0.03817901 -0.10003186 0.0 -0.27492338 0.6302773 -0.4224305 0.514528 0.19489908 -0.27217668 0.3424062 -0.15642738 0.30873105 -0.13497584 -0.18528032 -0.14606757 0.021312982 0.045814138 0.011292277 -0.06702357 -0.32081428 0.5204981 -0.12835631 -0.11385659 0.03854376 0.09066643 -0.013005037 -0.12386931 -0.010196662 0.11661741 -0.010286009 -0.1190155 0.38416705 0.0 -0.03545534175656953
-0.16768858 0.07511783 0.13268015 -0.0067957444 0.13367781 -0.0031992183 -0.052833274 -0.05598557 0.0 -0.20631863 0.6570822 -0.36597428 0.5587647 0.15838552 -0.29273206 0.31804118 -0.19441462 0.28304538 -0.17160974 -0.26696947 -0.037095424 0.026342016 0.041128177 -0.0043503772 -0.051376764 -0.2639826 0.55364877 -0.10830624 0.07839509 0.04759311 0.08234145 -0.029978788 -0.08601131 0.002213969 0.11378942 -0.026668886 -0.0816681 0.42360902 0.0 -0.0301384022343284
-0.17032632 0.07149802 0.12911384 -0.027086431 0.13045204 -0.019654552 -0.058712434 -0.042366214 0.0 -0.1357815 0.6769104 -0.3054494 0.597104 0.12018461 -0.30779138 0.2898525 -0.22798502 0.2528521 -0.20189354 -0.270761 0.020343436 0.030530656 0.036377452 -0.0064712577 -0.04208444 -0.20472236 0.58029705 -0.15478536 -0.036963947 0.055259883 0.07382873 -0.036372658 -0.07584342 0.013817269 0.11029794 -0.03267751 -0.07190081 0.39140686 0.0 -0.025223297606796174
-0.17320858 0.06801247 0.12393776 -0.048933096 0.12575194 -0.033186283 -0.06228844 -0.025028722 0.0 -0.0736112 0.6884463 -0.25023127 0.62550503 0.08545547 -0.31646866 0.26207554 -0.2535274 0.22297129 -0.22388212 -0.26574206 0.048819568 0.033470955 0.03187963 -0.013923001 -0.039091367 -0.15124199 0.5993503 -0.082290515 0.11121946 0.06068801 0.06585178 -0.042941432 -0.06336761 0.023124127 0.1062963 -0.03883827 -0.05982575 0.32271126 0.0 -0.01949217052011791
-0.17624113 0.06464868 0.11846527 -0.06124745 0.12064009 -0.043224834 -0.064116016 -0.015137139 0.0 -0.024866994 0.6940993 -0.20577772 0.64482903 0.056997042 -0.32002816 0.23790777 -0.27075788 0.19637343 -0.23793963 -0.2601166 0.06785183 0.035156466 0.027911784 -0.020159137 -0.039309736 -0.109373346 0.6110356 -0.16684145 0.010971608 0.063980326 0.059067752 -0.044856697 -0.056217097 0.029762035 0.10237239 -0.040531732 -0.052970603 0.24307585 0.0 -0.0138610808639556
-0.17933789 0.061371844 0.11288402 -0.06987209 0.11590947 -0.04996379 -0.06407883 -0.007258136 0.0 0.008954482 0.6967658 -0.17436185 0.6573783 0.03570467 -0.32030877 0.21902099 -0.2809213 0.17452633 -0.24554835 -0.2544078 0.07805259 0.035730157 0.02460347 -0.02815745 -0.041213557 -0.079576485 0.6187207 -0.058226403 0.11995207 0.065481104 0.05371723 -0.04728567 -0.052130487 0.03381351 0.098915964 -0.042803578 -0.049144465 0.16293666 0.0 -0.006878204906731855
-0.182479 0.058145754 0.109639175 -0.07454175 0.11198901 -0.05381183 -0.0646151 -0.0020756912 0.0 0.028118527 0.6986124 -0.15639338 0.66527164 0.02142387 -0.3187919 0.20593578 -0.28545114 0.15782669 -0.24827982 -0.25109896 0.08370291 0.035449147 0.022044603 -0.032339048 -0.040745866 -0.06344523 0.62366194 -0.17614394 0.047007456 0.06560191 0.04984792 -0.046598252 -0.04903097 0.03559466 0.0961598 -0.041939706 -0.046148807 0.08799803 0.0 0.0
