120
-0.1230414 0.078540444 0.052580882 -0.13168082 0.12923084 -0.24596475 -0.052580882 0.13168082 0.0 0.55814916 0.32608908 0.42383647 0.45691854 -0.27392069 -0.25941584 -0.139608 -0.3902453 0.074509345 -0.21402375 -0.0576555 0.1300206 0.0 0.9611111 15.301933414302646
-0.12405204 0.07726096 0.0034917153 -0.04881318 0.12795076 -0.24490935 -0.0034917153 0.04881318 0.0 0.55936414 0.32526517 0.4256243 0.45668018 -0.27525568 -0.25659904 -0.14151584 -0.38801402 0.07321149 -0.21278048 -0.0077998633 0.047424443 0.022770017 0.92777777 15.256896765776748
-0.12537527 0.076173104 -0.0068954662 -0.05079353 0.12551634 -0.24454767 0.0068954662 0.05079353 0.0 0.5629511 0.3210205 0.43061215 0.4538462 -0.27779138 -0.25196147 -0.14545245 -0.3847871 0.070986554 -0.21188189 0.0032309259 0.04965493 0.044938944 0.89444447 15.21530477203424
-0.12678994 0.07510558 -0.008306868 -0.052265838 0.12199298 -0.24470995 0.008306868 0.052265838 0.0 0.568127 0.31402162 0.43785924 0.4488792 -0.2813812 -0.24588208 -0.15111345 -0.38073966 0.06786084 -0.2112379 0.0051856632 0.05134871 0.059439808 0.8611111 15.177580129308534
-0.12822692 0.073973 -0.008052101 -0.054031674 0.1177754 -0.24509272 0.008052101 0.054031674 0.0 0.5740567 0.30538335 0.44627795 0.4426016 -0.28555268 -0.23888493 -0.15777397 -0.37610316 0.06416724 -0.21066263 0.0053922953 0.053302657 0.06673071 0.8277778 15.145280301008745
-0.1296629 0.07274679 -0.00702366 -0.055933904 0.11323593 -0.2454665 0.00702366 0.055933904 0.0 0.5801417 0.2960273 0.45505708 0.4357058 -0.28989503 -0.23141214 -0.1648104 -0.37109065 0.0602248 -0.21002088 0.00475719 0.055359818 0.068862595 0.79444444 15.119728518129477
-0.1310847 0.07141475 -0.00563189 -0.057884876 0.10864395 -0.24568737 0.00563189 0.057884876 0.0 0.5860032 0.28661394 0.46366158 0.42870116 -0.294137 -0.2237874 -0.17179538 -0.36587462 0.056262203 -0.20923288 0.0037013607 0.05743565 0.06751595 0.76111114 15.100902879603638
-0.1324843 0.06997245 -0.0040555787 -0.059848867 0.10417827 -0.2456764 0.0040555787 0.059848867 0.0 0.59142804 0.27758664 0.47177035 0.42194137 -0.29812157 -0.21623293 -0.1784639 -0.36058766 0.0524286 -0.20825961 0.002412107 0.05949873 0.06403833 0.7277778 15.088867096863195
-0.13385671 0.06841916 -0.002380202 -0.061813187 0.09994686 -0.24539886 0.002380202 0.061813187 0.0 0.5963162 0.26922137 0.47921363 0.41565645 -0.3017735 -0.20889066 -0.18467091 -0.35532576 0.04881144 -0.20708849 0.0009819339 0.061540857 0.05936551 0.6944444 15.083607926183117
-0.13519834 0.066755466 -0.00062308676 -0.06377541 0.096012965 -0.24484456 0.00062308676 0.06377541 0.0 0.60063064 0.2616903 0.48590878 0.4099979 -0.3050652 -0.20185183 -0.19034341 -0.35015944 0.045459516 -0.2057209 -0.00056588236 0.063563704 0.05397613 0.6611111 15.08488029450719
-0.13650636 0.06498232 0.0012172438 -0.06573607 0.09241487 -0.24401502 -0.0012172438 0.06573607 0.0 0.6043639 0.2551089 0.49181655 0.40507334 -0.3079939 -0.19517934 -0.19544649 -0.3451438 0.04240018 -0.20416452 -0.0022277131 0.065571286 0.048131153 0.62777776 15.093084242132756
-0.13777883 0.063100874 0.003129186 -0.06769847 0.089166366 -0.24292095 -0.003129186 0.06769847 0.0 0.60753316 0.2495345 0.49693635 0.4009432 -0.3105767 -0.18890648 -0.1999799 -0.34031516 0.03964024 -0.20243111 -0.0039875573 0.06756986 0.042223506 0.59444445 15.10795889883842
-0.13901466 0.061112367 0.0050978623 -0.06966779 0.08625128 -0.24158213 -0.0050978623 0.06966779 0.0 0.61018157 0.24495004 0.50131273 0.39760596 -0.31285208 -0.1830279 -0.20398323 -0.3356838 0.03716184 -0.2005357 -0.005826747 0.06956702 0.036700945 0.5611111 15.128778754027646
-0.14021388 0.05901814 0.007092498 -0.071651414 0.08363239 -0.24002308 -0.007092498 0.071651414 0.0 0.61236805 0.24128257 0.50502044 0.395012 -0.31486985 -0.17750868 -0.20752223 -0.33123812 0.034930278 -0.19849412 -0.007711235 0.07157212 0.031781223 0.5277778 15.15560796275136
-0.14137754 0.05681955 0.009084559 -0.073660016 0.08126847 -0.23826659 -0.009084559 0.073660016 0.0 0.6141502 0.23844458 0.5081372 0.3930974 -0.31667775 -0.17230533 -0.21066475 -0.32695815 0.0329084 -0.19631997 -0.009609662 0.07359732 0.027428787 0.49444443 15.18875202591172
-0.14250721 0.054517496 0.011072683 -0.07570537 0.079119116 -0.23633231 -0.011072683 0.07570537 0.0 0.61557984 0.23634772 0.5107358 0.3917954 -0.3183185 -0.16737267 -0.21347448 -0.32282037 0.031060345 -0.1940241 -0.0115182325 0.075655565 0.023649795 0.4611111 15.22848806603487
-0.14360353 0.052111704 0.013107636 -0.077792026 0.07713876 -0.2342389 -0.013107636 0.077792026 0.0 0.6167069 0.23489086 0.51289093 0.391027 -0.31983516 -0.16265813 -0.2160192 -0.31879428 0.029346365 -0.19161592 -0.013485625 0.07775229 0.020543423 0.42777777 15.27479375550214
-0.14466691 0.04960129 0.015180009 -0.07993119 0.0752854 -0.23200169 -0.015180009 0.07993119 0.0 0.6175746 0.23398003 0.514669 0.39071772 -0.32126522 -0.1581119 -0.21835966 -0.3148496 0.027730117 -0.18910247 -0.015500644 0.07989937 0.017958684 0.39444444 15.32766409238909
-0.14569852 0.046985082 0.01726782 -0.08214048 0.07353176 -0.22962978 -0.01726782 0.08214048 0.0 0.61821055 0.23355648 0.51611257 0.39082137 -0.32263356 -0.1537013 -0.22053555 -0.3109662 0.026187804 -0.18648747 -0.017539775 0.0821149 0.015646843 0.3611111 15.387419651124915
-0.14669889 0.044260986 0.019422645 -0.08442569 0.07186693 -0.22712567 -0.019422645 0.08442569 0.0 0.61862296 0.23360673 0.51723313 0.3913291 -0.32395297 -0.14941658 -0.22256315 -0.30713898 0.024708992 -0.18377167 -0.019653294 0.08440503 0.013329708 0.32777777 15.454470469630769
-0.14766678 0.041425526 0.021722415 -0.08678754 0.07028714 -0.22448845 -0.021722415 0.08678754 0.0 0.6188067 0.23414299 0.5180227 0.3922532 -0.32523173 -0.14526139 -0.22444773 -0.3033716 0.023288704 -0.18095446 -0.021918016 0.08677077 0.0109392805 0.29444444 15.52926171270983
-0.14859821 0.038473513 0.024275087 -0.08922014 0.06877226 -0.22172108 -0.024275087 0.08922014 0.0 0.6187657 0.2351418 0.5184914 0.3935757 -0.32648945 -0.14122093 -0.22621508 -0.2996548 0.021908164 -0.1780365 -0.024440954 0.08920645 0.008861199 0.2611111 15.61210783560505
-0.14949127 0.03539967 0.026959585 -0.091779016 0.06729965 -0.2188264 -0.026959585 0.091779016 0.0 0.61850953 0.23656811 0.5186581 0.39526886 -0.32774597 -0.13727242 -0.22789448 -0.29597318 0.02054707 -0.17501739 -0.027100231 0.09176779 0.0069579664 0.22777778 15.703385311179067
-0.15034477 0.032197654 0.029827382 -0.09449174 0.065855816 -0.2158029 -0.029827382 0.09449174 0.0 0.6180377 0.23841257 0.5185256 0.39732635 -0.3290146 -0.13340485 -0.2295025 -0.29231864 0.019192602 -0.17189442 -0.029946636 0.094482474 0.0050801113 0.19444445 15.803516163660007
-0.15115587 0.028859008 0.03298521 -0.09738027 0.064458355 -0.21263792 -0.03298521 0.09738027 0.0 0.6173083 0.24076413 0.5180303 0.39982423 -0.33029035 -0.12965861 -0.2310123 -0.28871873 0.017856127 -0.16866107 -0.033086322 0.09737256 0.0023807078 0.16111112 15.913062163482154
-0.15192372 0.025372814 0.036396105 -0.10055844 0.06312675 -0.20931534 -0.036396105 0.10055844 0.0 0.6162736 0.24372448 0.5170998 0.40284958 -0.3315675 -0.1260775 -0.23239367 -0.28520262 0.016550198 -0.16530822 -0.036481827 0.100551955 -0.0006853294 0.12777779 16.032980580303427
-0.15265028 0.021724159 0.040082954 -0.10419088 0.061841495 -0.20582613 -0.040082954 0.10419088 0.0 0.6149267 0.24728894 0.5157312 0.40640056 -0.33286408 -0.12264199 -0.2336686 -0.2817536 0.015256294 -0.16182555 -0.040155627 0.10418537 -0.003350571 0.094444446 16.163617437643136
-0.15333791 0.01788987 0.044227898 -0.10854496 0.060554333 -0.20216139 -0.044227898 0.10854496 0.0 0.61328566 0.25138527 0.513966 0.4104194 -0.33421606 -0.11928537 -0.2348964 -0.2783195 0.013932542 -0.15819736 -0.044289503 0.108540244 -0.0054010474 0.06111111 16.30511154403176
-0.15399048 0.0138279805 0.04918062 -0.11436516 0.059213296 -0.19829391 -0.04918062 0.11436516 0.0 0.6113563 0.25596878 0.5118306 0.41487405 -0.33566418 -0.11592963 -0.23613848 -0.2748349 0.012532648 -0.15439048 -0.04923284 0.11436109 -0.0070818258 0.027777778 16.45734809641754
-0.15462272 0.009392794 0.05874182 -0.12964793 0.05773963 -0.19409731 -0.05874182 0.12964793 0.0 0.6090752 0.26114503 0.5092675 0.41987336 -0.33728346 -0.11243428 -0.23747578 -0.2711626 0.01097948 -0.15027696 -0.058786083 0.12964441 -0.008780079 0.0 16.615580314454505
-0.15520404 0.0046142414 0.061755806 -0.12758137 0.056149174 -0.18960664 -0.061755806 0.12758137 0.0 0.60637647 0.26697463 0.5061832 0.42545983 -0.33907127 -0.10890413 -0.23887803 -0.26738936 0.009281266 -0.1459002 -0.061793324 0.12757829 -0.011481214 0.0 16.7780335237181
-0.15571927 -0.00017274928 0.063231125 -0.12687857 0.054515302 -0.18514192 -0.063231125 0.12687857 0.0 0.6035361 0.27288935 0.50292516 0.4311097 -0.34091666 -0.105482355 -0.24030566 -0.2637027 0.0075310864 -0.14155939 -0.063262925 0.12687588 -0.010933111 0.0 16.943693686874536
-0.15621254 -0.004962438 0.06379972 -0.12660529 0.052756872 -0.18072052 -0.06379972 0.12660529 0.0 0.60077447 0.27851057 0.49981764 0.43651044 -0.3428484 -0.101926126 -0.24189155 -0.25992602 0.005676446 -0.13724096 -0.06382667 0.12660293 -0.008598821 0.0 17.111634841681074
-0.15670413 -0.00975257 0.06389227 -0.12656745 0.050835565 -0.17634931 -0.06389227 0.12656745 0.0 0.5982184 0.2836383 0.49704334 0.44149858 -0.34487817 -0.09810141 -0.24370317 -0.2559617 0.0036942926 -0.13293488 -0.06391512 0.12656544 -0.0053210706 0.0 17.285607675410873
-0.15720169 -0.014542297 0.06374975 -0.1266463 0.048738625 -0.17202881 -0.06374975 0.1266463 0.0 0.5959377 0.2881773 0.4946997 0.4459972 -0.34700632 -0.09393891 -0.2457683 -0.25175878 0.0015793111 -0.12863328 -0.063769124 0.12664457 -0.0016158266 0.0 17.465255428342633
-0.15770598 -0.019331494 0.06350259 -0.12677607 0.04646837 -0.16775562 -0.06350259 0.12677607 0.0 0.593966 0.2920953 0.4928304 0.44998085 -0.34922582 -0.08940893 -0.24809024 -0.24729447 -0.0006633751 -0.124329545 -0.06351901 0.12677462 0.0022027995 0.0 17.650278982707913
-0.15821424 -0.024120415 0.063217476 -0.12692323 0.044035476 -0.16352399 -0.063217476 0.12692323 0.0 0.59231365 0.295396 0.4914465 0.45345315 -0.351525 -0.08450506 -0.25065786 -0.24256222 -0.0030229217 -0.12001793 -0.0632314 0.12692203 0.0059587266 0.0 17.840410916696328
-0.15872155 -0.02890956 0.06295322 -0.12705854 0.041454382 -0.15932709 -0.06295322 0.12705854 0.0 0.59097636 0.2981028 0.4905387 0.45643318 -0.35389012 -0.07923461 -0.25345242 -0.23756501 -0.0054861684 -0.11569348 -0.06296502 0.12705754 0.009549447 0.0 18.035407535540866
-0.1592214 -0.033699606 0.062748894 -0.12716344 0.03873872 -0.15515837 -0.062748894 0.12716344 0.0 0.5899437 0.30024204 0.49009055 0.45894173 -0.35630777 -0.07360864 -0.2564546 -0.23230833 -0.0080409795 -0.111352004 -0.0627589 0.12716264 0.012993864 0.0 18.23540922874602
-0.15970661 -0.038491268 0.06261949 -0.12723096 0.03589996 -0.15101188 -0.06261949 0.12723096 0.0 0.58920413 0.3018358 0.49008557 0.46099535 -0.35876536 -0.06763696 -0.2596468 -0.22679651 -0.010677065 -0.10698976 -0.062627986 0.12723032 0.016309937 0.0 18.440029961016137
-0.16016975 -0.043285213 0.06257451 -0.12725666 0.032948114 -0.14688192 -0.06257451 0.12725666 0.0 0.588745 0.30290288 0.490507 0.46260744 -0.3612507 -0.06132847 -0.2630127 -0.22103304 -0.013385322 -0.10260324 -0.06258172 0.12725616 0.019507514 0.0 18.64960526974743
-0.16060317 -0.048082042 0.0626228 -0.12723656 0.029891063 -0.1427633 -0.0626228 0.12723656 0.0 0.5885549 0.30345553 0.49134094 0.46378547 -0.3637522 -0.054688983 -0.26653823 -0.21501894 -0.016158292 -0.09818905 -0.06262891 0.12723617 0.022637572 0.0 18.86351852433171
-0.16099955 -0.052882157 0.062750265 -0.12717678 0.026737727 -0.13865055 -0.062750265 0.12717678 0.0 0.5886189 0.3035102 0.4925687 0.46454006 -0.36625728 -0.047727387 -0.27020714 -0.20875725 -0.018987758 -0.093743935 -0.06275545 0.12717648 0.02561789 0.0 19.080890859029502
-0.16135202 -0.05768576 0.06295517 -0.127078 0.023499059 -0.13453776 -0.06295517 0.127078 0.0 0.58891606 0.30309233 0.4941634 0.46488905 -0.36875242 -0.040458675 -0.27399972 -0.20225538 -0.021864155 -0.08926507 -0.06295957 0.12707779 0.028406987 0.0 19.30116574914929
-0.161654 -0.062492855 0.06323541 -0.12694095 0.02018632 -0.13041927 -0.06323541 0.12694095 0.0 0.5894231 0.30223066 0.49609438 0.46485287 -0.3712242 -0.032900564 -0.27789542 -0.1955228 -0.02477787 -0.084750116 -0.063239135 0.1269408 0.030995945 0.0 19.524684294502386
-0.16189949 -0.06730321 0.06357777 -0.12677191 0.016809858 -0.12628978 -0.06357777 0.12677191 0.0 0.5901177 0.30095094 0.4983329 0.46444958 -0.37365976 -0.025069395 -0.28187495 -0.18856801 -0.027720017 -0.08019694 -0.06358093 0.12677182 0.033419184 0.0 19.75120947721799
-0.16208288 -0.072116375 0.063984044 -0.12656914 0.013379191 -0.1221445 -0.063984044 0.12656914 0.0 0.59097797 0.29927707 0.5008512 0.46369547 -0.37604693 -0.01698084 -0.2859201 -0.18139924 -0.030682413 -0.07560373 -0.063986726 0.12656908 0.035673253 0.0 19.9802689985353
-0.16219811 -0.076931685 0.06447901 -0.12631916 0.009902933 -0.11797938 -0.06447901 0.12631916 0.0 0.591981 0.2972334 0.50361985 0.46260738 -0.37837481 -0.008651968 -0.29001367 -0.17402597 -0.033657894 -0.070969485 -0.06448127 0.12631914 0.037752446 0.0 20.210871206478153
-0.16223876 -0.081748225 0.065071926 -0.12601617 0.00638783 -0.11379122 -0.065071926 0.12601617 0.0 0.59310514 0.29483983 0.50661206 0.46119848 -0.38063404 -9.794537e-05 -0.29414096 -0.16645658 -0.03664088 -0.066293724 -0.065073855 0.12601617 0.0397037 0.0 20.442024027468957
-0.16219738 -0.08656476 0.06580587 -0.12563549 0.0028388025 -0.10957789 -0.06580587 0.12563549 0.0 0.59432846 0.29211414 0.50980085 0.45948002 -0.3828171 0.00866606 -0.29828948 -0.15869981 -0.039627526 -0.06157687 -0.0658075 0.1256355 0.041514285 0.0 20.672701514009315
-0.1620673 -0.0913797 0.06663671 -0.12519704 -0.0007374104 -0.10533749 -0.06663671 0.12519704 0.0 0.5956249 0.28908426 0.5131523 0.45747223 -0.38491702 0.01761826 -0.3024444 -0.15076974 -0.042613048 -0.05682026 -0.0666381 0.12519707 0.043092895 0.0 20.902582407366534
-0.16184294 -0.09619117 0.06755171 -0.124706276 -0.004334794 -0.10106838 -0.06755171 0.124706276 0.0 0.59697187 0.28577372 0.5166371 0.4551921 -0.3869274 0.026739998 -0.30659264 -0.14267835 -0.04559305 -0.05202502 -0.06755289 0.12470632 0.044551406 0.0 21.13132370820239
-0.16151959 -0.10099699 0.06853125 -0.12417126 -0.007949134 -0.09676908 -0.06853125 0.12417126 0.0 0.59835297 0.28219563 0.52023524 0.45264757 -0.38884184 0.036019627 -0.31072408 -0.13443233 -0.048564106 -0.047191646 -0.06853225 0.12417131 0.04592749 0.0 21.358582652813496
-0.16109337 -0.10579479 0.069557354 -0.12359978 -0.011576178 -0.092438154 -0.069557354 0.12359978 0.0 0.59975356 0.2783616 0.5239287 0.44984582 -0.39065385 0.045446616 -0.314829 -0.12603761 -0.051522665 -0.04232051 -0.069558196 0.123599835 0.047214508 0.0 21.583886926185684
-0.16056108 -0.110581964 0.070620656 -0.12299558 -0.015211442 -0.088074304 -0.070620656 0.12299558 0.0 0.6011592 0.27428424 0.52769953 0.4467949 -0.3923573 0.055009976 -0.3188976 -0.11750068 -0.05446503 -0.037412103 -0.070621364 0.12299564 0.048412316 0.0 21.806613680176028
-0.15991993 -0.11535577 0.071715206 -0.12236071 -0.018850517 -0.08367645 -0.071715206 0.12236071 0.0 0.60255617 0.26997626 0.5315303 0.44350314 -0.39394638 0.06469868 -0.32292056 -0.1088282 -0.05738762 -0.03246711 -0.07171581 0.122360766 0.04952381 0.0 22.026386294922755
-0.15916708 -0.12011324 0.07285092 -0.121688575 -0.02249106 -0.07924353 -0.07285092 0.121688575 0.0 0.603936 0.26543838 0.53541243 0.4399685 -0.3954149 0.07450918 -0.32689127 -0.10002094 -0.06028794 -0.02748542 -0.072851434 0.12168863 0.050667275 0.0 22.242726625371848
-0.15829791 -0.12485082 0.07409425 -0.120935984 -0.026133293 -0.07477531 -0.07409425 0.120935984 0.0 0.6052919 0.26066282 0.53934073 0.43618116 -0.39675716 0.08444163 -0.33080602 -0.09107673 -0.06316542 -0.02246729 -0.07409468 0.120936036 0.05184134 0.0 22.45481292543159
-0.15730828 -0.12956469 0.0753917 -0.12013168 -0.029776527 -0.070271455 -0.0753917 0.12013168 0.0 0.6066155 0.25564528 0.54330796 0.43213436 -0.39796728 0.09449404 -0.3346597 -0.08199506 -0.06601886 -0.017413136 -0.07539207 0.12013173 0.05301337 0.0 22.661941628402353
-0.15619713 -0.13425145 0.07665173 -0.11933306 -0.03341906 -0.065729216 -0.07665173 0.11933306 0.0 0.6079071 0.2503677 0.54731965 0.427809 -0.39903387 0.104675874 -0.3384464 -0.07276541 -0.0688447 -0.012320098 -0.076652035 0.1193331 0.05435464 0.0 22.86331278921099
-0.15496396 -0.1389076 0.07789946 -0.11852346 -0.037058674 -0.061145 -0.07789946 0.11852346 0.0 0.60916847 0.24480757 0.5513844 0.42318147 -0.3999431 0.11499978 -0.34215903 -0.06337413 -0.071638376 -0.007184322 -0.077899724 0.11852351 0.055800408 0.0 23.05817488520444
-0.15360726 -0.1435293 0.07915896 -0.117687054 -0.040692735 -0.05651582 -0.07915896 0.117687054 0.0 0.6103967 0.23894836 0.5555042 0.41823322 -0.40068176 0.12547317 -0.34578925 -0.0538117 -0.07439547 -0.0020030984 -0.07915918 0.1176871 0.057327867 0.0 23.245483291836347
-0.15212527 -0.14811233 0.08043259 -0.116820574 -0.044317145 -0.051839784 -0.08043259 0.116820574 0.0 0.6115817 0.23278844 0.5596694 0.4129588 -0.40123925 0.13609295 -0.34932688 -0.044077408 -0.077111416 0.0032242497 -0.08043277 0.11682061 0.058804348 0.0 23.42444800114305
-0.1505162 -0.1526523 0.08172495 -0.11592026 -0.04792711 -0.04711589 -0.08172495 0.11592026 0.0 0.6127096 0.2263356 0.5638636 0.40736133 -0.40160707 0.14684951 -0.3527611 -0.034176234 -0.07978179 0.008496986 -0.08172511 0.11592029 0.060227245 0.0 23.594173787982545
-0.14877832 -0.15714449 0.08304174 -0.114980265 -0.05151774 -0.042344 -0.08304174 0.114980265 0.0 0.6137643 0.21960323 0.5680667 0.4014493 -0.40177885 0.1577291 -0.3560813 -0.024116946 -0.08240266 0.013813231 -0.08304188 0.114980295 0.0615452 0.0 23.75386274195856
-0.14690979 -0.16158387 0.08439812 -0.113987036 -0.055083796 -0.037526097 -0.08439812 0.113987036 0.0 0.6147244 0.21262082 0.5722483 0.3952462 -0.40175372 0.1687069 -0.3592776 -0.013918483 -0.08497127 0.019168278 -0.08439823 0.113987066 0.06263752 0.0 23.902637093948766
-0.1449092 -0.16596524 0.08578671 -0.112943776 -0.0586201 -0.032665968 -0.08578671 0.112943776 0.0 0.61556584 0.20543025 0.57637125 0.38878793 -0.4015363 0.17975007 -0.3623417 -0.003607591 -0.08748617 0.02455521 -0.085786805 0.1129438 0.06346807 0.0 24.03925437982063
-0.14277585 -0.17028345 0.087200284 -0.11185413 -0.0621225 -0.02776765 -0.087200284 0.11185413 0.0 0.6162684 0.19806933 0.5804037 0.38210732 -0.40113217 0.19082911 -0.3652675 0.0067911353 -0.08994666 0.029967349 -0.087200366 0.11185416 0.064108506 0.0 24.16302088855928
-0.14050983 -0.17453347 0.08862795 -0.110724635 -0.065588 -0.022834398 -0.08862795 0.110724635 0.0 0.61681783 0.19056374 0.58432347 0.37522656 -0.400545 0.201923 -0.3680506 0.017260166 -0.0923521 0.035399586 -0.08862802 0.11072466 0.06463543 0.0 24.273096586168045
-0.13811189 -0.17871043 0.090059586 -0.1095617 -0.06901418 -0.017868731 -0.090059586 0.1095617 0.0 0.6172046 0.18293047 0.5881152 0.36816022 -0.39977676 0.21301697 -0.3706874 0.027787229 -0.09470169 0.0408481 -0.090059645 0.10956171 0.06508766 0.0 24.367327985734597
-0.13558324 -0.1828095 0.09149368 -0.108365364 -0.07239904 -0.012872684 -0.09149368 0.108365364 0.0 0.61742157 0.17518052 0.59176844 0.36091736 -0.39882794 0.22410046 -0.37317476 0.038363643 -0.096994475 0.046309907 -0.091493726 0.10836539 0.06550132 0.0 24.444766141801203
-0.13292456 -0.18682541 0.09295553 -0.10711352 -0.0757418 -0.007845985 -0.09295553 0.10711352 0.0 0.61746854 0.16729951 0.5952865 0.35348278 -0.3976909 0.23517841 -0.37550884 0.04899516 -0.099228345 0.051785354 -0.09295557 0.10711353 0.06609589 0.0 24.50358036555109
-0.13013744 -0.19075322 0.094401434 -0.10583951 -0.07904045 -0.0027893363 -0.094401434 0.10583951 0.0 0.6173415 0.15928681 0.59866524 0.34585434 -0.39636165 0.24624752 -0.37768537 0.059679974 -0.10140126 0.057273205 -0.09440147 0.10583952 0.06659632 0.0 24.543513975507523
-0.12722427 -0.19458836 0.09583329 -0.104542285 -0.0822925 0.002293496 -0.09583329 0.104542285 0.0 0.6170305 0.15116888 0.6018864 0.3380563 -0.3948465 0.25728777 -0.3797024 0.07040037 -0.103513256 0.062768236 -0.09583332 0.10454229 0.06692855 0.0 24.563723261106546
-0.1241876 -0.19832644 0.097250134 -0.10322406 -0.085495934 0.0074005746 -0.097250134 0.10322406 0.0 0.6165306 0.14295597 0.60494167 0.3300975 -0.3931464 0.26828998 -0.3815575 0.08114846 -0.10556332 0.06826776 -0.097250156 0.10322407 0.06730103 0.0 24.56259525117435
-0.121030234 -0.20196307 0.098651186 -0.101884395 -0.08864869 0.012531815 -0.098651186 0.101884395 0.0 0.61584055 0.13464403 0.60783076 0.32197288 -0.39125636 0.27925393 -0.38324657 0.09192511 -0.10754901 0.07377145 -0.0986512 0.1018844 0.06771555 0.0 24.537667847641664
-0.117755495 -0.20549434 0.1000156 -0.10054456 -0.09174779 0.01768935 -0.1000156 0.10054456 0.0 0.61496156 0.12621789 0.6105592 0.3136662 -0.38916513 0.2901871 -0.3847628 0.10273878 -0.10946577 0.07928146 -0.10001562 0.10054457 0.068283305 0.0 24.48759168633709
-0.11436677 -0.20891634 0.10135421 -0.09919366 -0.09478981 0.022874873 -0.10135421 0.09919366 0.0 0.6138928 0.11766678 0.6131294 0.30516523 -0.38686234 0.30109373 -0.38609892 0.11359527 -0.111309044 0.08479926 -0.10135423 0.09919367 0.06889028 0.0 24.41097885150826
-0.1108669 -0.2122245 0.10269001 -0.09780891 -0.09777175 0.028089013 -0.10269001 0.09780891 0.0 0.61263144 0.10898315 0.6155403 0.2964606 -0.38433933 0.31197476 -0.38724825 0.12449732 -0.113075025 0.09032506 -0.10269002 0.09780891 0.06957716 0.0 24.30619292406889
-0.107258245 -0.21541354 0.10404134 -0.09636795 -0.100691676 0.033329476 -0.10404134 0.09636795 0.0 0.611171 0.10017271 0.61778325 0.28755608 -0.38159472 0.32282138 -0.38820696 0.13543802 -0.114762396 0.09585571 -0.104041345 0.09636795 0.07018244 0.0 24.17157865367163
-0.10354339 -0.2184781 0.10540088 -0.09487653 -0.10354853 0.038591806 -0.10540088 0.09487653 0.0 0.60950357 0.09125289 0.6198442 0.27846754 -0.3786339 0.33361748 -0.3889745 0.14640282 -0.11637194 0.10138572 -0.1054009 0.094876535 0.07069891 0.0 24.00675479302341
-0.099725276 -0.22141287 0.10677182 -0.09332815 -0.10634185 0.043870807 -0.10677182 0.09332815 0.0 0.6076218 0.082243524 0.621709 0.26921356 -0.3754646 0.3443455 -0.38955182 0.15737544 -0.11790533 0.1069089 -0.10677183 0.09332815 0.071108185 0.0 23.81020884510514
-0.09580768 -0.22421335 0.108123384 -0.09175677 -0.109070055 0.049164053 -0.108123384 0.09175677 0.0 0.6055215 0.073151775 0.62337095 0.25980023 -0.3720875 0.3549972 -0.38993695 0.16834873 -0.11936179 0.11242222 -0.10812339 0.091756776 0.071553305 0.0 23.582746574069752
-0.09179485 -0.22687547 0.10945881 -0.09015722 -0.11173071 0.054470688 -0.10945881 0.09015722 0.0 0.60320014 0.063977465 0.62482697 0.25022602 -0.3684987 0.3655692 -0.39012554 0.17932063 -0.120738864 0.117924355 -0.10945881 0.090157226 0.072016805 0.0 23.324288721846067
-0.08769115 -0.2293951 0.11078053 -0.088524945 -0.11432277 0.059786987 -0.11078053 0.088524945 0.0 0.60065347 0.05473493 0.62606806 0.24050453 -0.36470318 0.3760491 -0.3901178 0.1902795 -0.12203706 0.12341092 -0.11078054 0.088524945 0.07236638 0.0 23.03391980306626
-0.08350109 -0.23176822 0.11209058 -0.086857066 -0.116846 0.06510824 -0.11209058 0.086857066 0.0 0.59787756 0.045442108 0.62708426 0.23065339 -0.36070925 0.38642243 -0.38991594 0.20121114 -0.123258114 0.12887657 -0.11209059 0.08685707 0.07265296 0.0 22.715326376786457
-0.07922897 -0.23399 0.11341646 -0.08511509 -0.11930067 0.07042969 -0.11341646 0.08511509 0.0 0.5948693 0.036110736 0.627868 0.22068413 -0.3565234 0.39667726 -0.3895221 0.21210386 -0.12440373 0.1343161 -0.11341646 0.08511509 0.072896846 0.0 22.3683683724993
-0.07487947 -0.23605603 0.114732206 -0.083329864 -0.12168633 0.07574799 -0.114732206 0.083329864 0.0 0.5916266 0.026746247 0.6284149 0.21060182 -0.35214815 0.40680605 -0.38893643 0.22295047 -0.1254742 0.13972585 -0.114732206 0.083329864 0.073148385 0.0 21.99181061479911
-0.070457965 -0.23796293 0.11602201 -0.08152153 -0.12400094 0.08106216 -0.11602201 0.08152153 0.0 0.58814853 0.017347123 0.62872404 0.20040417 -0.34758016 0.41680673 -0.38815567 0.23374969 -0.12646742 0.14510459 -0.11602201 0.08152153 0.07345318 0.0 21.584346396701513
-0.06597004 -0.23970759 0.11729006 -0.0796828 -0.12624305 0.086370096 -0.11729006 0.0796828 0.0 0.5844339 0.007917848 0.6287924 0.19009517 -0.34282 0.42667368 -0.38717845 0.24449635 -0.12738247 0.15044987 -0.11729006 0.0796828 0.07372285 0.0 21.1446379595938
-0.061421394 -0.24128692 0.11853747 -0.077811316 -0.12841214 0.0916684 -0.11853747 0.077811316 0.0 0.5804815 -0.0015319738 0.6286153 0.17968443 -0.33787218 0.43639812 -0.386006 0.25518173 -0.12822 0.15575801 -0.11853748 0.07781132 0.07396274 0.0 20.67236139305141
-0.056818474 -0.24270013 0.11971051 -0.075991124 -0.13050596 0.09695643 -0.11971051 0.075991124 0.0 0.5762916 -0.0109957205 0.62819123 0.16917832 -0.332737 0.44597608 -0.38463655 0.26580203 -0.12897836 0.16102813 -0.11971052 0.075991124 0.074215345 0.0 20.169640613401725
-0.05216773 -0.24394675 0.120837964 -0.074181825 -0.13252206 0.102233894 -0.120837964 0.074181825 0.0 0.5718648 -0.020467767 0.62751895 0.15858214 -0.3274139 0.4554042 -0.38306803 0.2763543 -0.12965558 0.16625966 -0.120837964 0.074181825 0.07446711 0.0 19.63553649142176
-0.047475073 -0.24502456 0.121954426 -0.07232774 -0.13445991 0.107497625 -0.121954426 0.07232774 0.0 0.56720066 -0.029939523 0.6265951 0.14790466 -0.32190725 0.46467486 -0.38130167 0.2868307 -0.13025224 0.17144924 -0.121954426 0.07232774 0.07467993 0.0 19.07131840627693
-0.042746216 -0.24592993 0.12308038 -0.07039007 -0.13632117 0.11274164 -0.12308038 0.07039007 0.0 0.5622988 -0.039398637 0.6254145 0.13715917 -0.31622717 0.47377616 -0.37934285 0.29721835 -0.13077156 0.17659082 -0.12308038 0.07039007 0.07482328 0.0 18.476177989148606
-0.037987147 -0.24665938 0.1242018 -0.06838735 -0.13810736 0.11796032 -0.1242018 0.06838735 0.0 0.5571594 -0.04883493 0.6239733 0.12635683 -0.31038278 0.48269758 -0.37719667 0.30750582 -0.13121654 0.1816787 -0.1242018 0.06838735 0.07493658 0.0 17.855666742161702
-0.033204213 -0.24721035 0.12530832 -0.06633338 -0.13981916 0.12314937 -0.12530832 0.06633338 0.0 0.55178326 -0.058241427 0.6222694 0.115505375 -0.30438024 0.49143153 -0.37486637 0.3176847 -0.13158886 0.18670861 -0.12530832 0.06633338 0.07503159 0.0 17.208996215532892
-0.028403882 -0.2475792 0.12642671 -0.06417273 -0.14145106 0.128311 -0.12642671 0.06417273 0.0 0.5461672 -0.06764214 0.6203062 0.10457766 -0.2981994 0.49998564 -0.37233838 0.32776585 -0.13188058 0.19168228 -0.12642671 0.06417273 0.07542841 0.0 16.536618413512468
-0.02359299 -0.24776258 0.12753078 -0.061944608 -0.1429982 0.13344577 -0.12753078 0.061944608 0.0 0.54030764 -0.07705268 0.618084 0.09355532 -0.2918253 0.50836253 -0.36960167 0.33775455 -0.13208531 0.19659974 -0.12753078 0.061944608 0.075832434 0.0 15.837802005399146
-0.0187787 -0.24775824 0.12861148 -0.05966297 -0.14446019 0.13854949 -0.12861148 0.05966297 0.0 0.53420365 -0.08646588 0.61559886 0.08244554 -0.28526208 0.51655334 -0.3666573 0.34764194 -0.13220364 0.2014565 -0.12861148 0.05966297 0.07620172 0.0 15.119796458629725
-0.013968414 -0.24756436 0.12966938 -0.05732142 -0.14583799 0.1436166 -0.12966938 0.05732142 0.0 0.5278555 -0.09586955 0.6128465 0.07126147 -0.27851894 0.52454686 -0.36350995 0.35741583 -0.13223813 0.20624694 -0.12966938 0.05732142 0.07650817 0.0 14.3848096708323
-0.009169888 -0.247178 0.13072766 -0.054857086 -0.14713866 0.14863488 -0.13072766 0.054857086 0.0 0.5212675 -0.105234675 0.6098209 0.060036454 -0.27162516 0.5323212 -0.36017853 0.36705008 -0.13219965 0.21095937 -0.13072766 0.054857086 0.0765612 0.0 13.637986679615482
-0.004391157 -0.24659678 0.13176638 -0.052306067 -0.14836615 0.15359597 -0.13176638 0.052306067 0.0 0.51444304 -0.11454677 0.6065197 0.048787665 -0.26459727 0.5398633 -0.35667396 0.37652883 -0.13209425 0.21558581 -0.13176638 0.052306067 0.07664106 0.0 12.880983963605233
0.00035956042 -0.2458197 0.13277148 -0.049692817 -0.14951698 0.15849935 -0.13277148 0.049692817 0.0 0.50738114 -0.12381498 0.6029441 0.037504498 -0.25742647 0.54717356 -0.3529894 0.38585407 -0.13191766 0.22012547 -0.13277148 0.049692817 0.07684415 0.0 12.115481164367004
0.00507388 -0.24484634 0.13373946 -0.0470183 -0.15058625 0.16334556 -0.13373946 0.0470183 0.0 0.5000796 -0.13305025 0.59909457 0.026173767 -0.2501002 0.5542536 -0.34911516 0.39502954 -0.13166381 0.22457837 -0.13373946 0.0470183 0.077138424 0.0 11.342333207185355
0.009743377 -0.24367702 0.13465874 -0.04431165 -0.15155742 0.16814548 -0.13465874 0.04431165 0.0 0.4925261 -0.14229442 0.59497154 0.014744359 -0.24256863 0.5611201 -0.34501407 0.4040813 -0.13131121 0.22895342 -0.13465874 0.04431165 0.077934146 0.0 10.563065018888313
0.014358775 -0.24231009 0.13555717 -0.041474096 -0.15241234 0.17290846 -0.13555717 0.041474096 0.0 0.48470396 -0.15159015 0.59057075 0.0031628103 -0.23477839 0.56778556 -0.34064516 0.4130326 -0.13083667 0.23325749 -0.13555717 0.041474096 0.07898191 0.0 9.777059033229616
0.018908674 -0.24073948 0.1364744 -0.038335655 -0.15314814 0.17762545 -0.1364744 0.038335655 0.0 0.4766059 -0.16093974 0.5858827 -0.008575609 -0.226726 0.57423407 -0.3360028 0.42186993 -0.13023779 0.23748054 -0.1364744 0.038335655 0.0799223 0.0 8.983953442551424
0.023380408 -0.23895903 0.137379 -0.03494078 -0.15377112 0.18227854 -0.137379 0.03494078 0.0 0.46823314 -0.17032212 0.5808988 -0.020446543 -0.21843755 0.58043724 -0.33110327 0.43056166 -0.12952444 0.24160488 -0.137379 0.03494078 0.08068564 0.0 8.190523626637138
0.02776157 -0.23696648 0.13822787 -0.031399637 -0.15428466 0.1868549 -0.13822787 0.031399637 0.0 0.45958745 -0.17972054 0.5756134 -0.032430917 -0.2099313 0.58637404 -0.3259572 0.4390844 -0.12870267 0.24561779 -0.13822787 0.031399637 0.08139725 0.0 7.405631607351147
0.032040592 -0.23476338 0.13899356 -0.02779934 -0.15468161 0.19135292 -0.13899356 0.02779934 0.0 0.45066276 -0.1891398 0.5700206 -0.044537067 -0.20119396 0.5920382 -0.3205518 0.44743547 -0.12776493 0.24951655 -0.13899356 0.02779934 0.082291216 0.0 6.629767236828744
0.03620545 -0.23235175 0.13968204 -0.024082506 -0.15495457 0.1957704 -0.13968204 0.024082506 0.0 0.44145265 -0.19858344 0.56411403 -0.05677218 -0.19221269 0.5974219 -0.31487408 0.45561063 -0.12670349 0.25329772 -0.13968204 0.024082506 0.0832092 0.0 5.862036362851187
0.04024278 -0.22973253 0.14029332 -0.02019435 -0.15509485 0.20010386 -0.14029332 0.02019435 0.0 0.4319487 -0.20805836 0.5578855 -0.06914771 -0.18297125 0.60251534 -0.30890808 0.4636047 -0.1255092 0.25695634 -0.14029332 0.02019435 0.08429114 0.0 5.1033181649410775
0.044137564 -0.22690608 0.14082125 -0.016068941 -0.1551077 0.20433684 -0.14082125 0.016068941 0.0 0.42215675 -0.2175426 0.5513313 -0.08163755 -0.17349571 0.60729337 -0.30267024 0.4713883 -0.12419084 0.2604765 -0.14082125 0.016068941 0.08502802 0.0 4.353778040871632
0.047873378 -0.223873 0.14124882 -0.011679247 -0.15499784 0.2084523 -0.14124882 0.011679247 0.0 0.41208363 -0.22701888 0.5444496 -0.094220206 -0.16380994 0.6117319 -0.29617596 0.47893322 -0.12275631 0.2638418 -0.14124882 0.011679247 0.0857872 0.0 3.612725885804373
0.05143394 -0.22063631 0.14154918 -0.0070888307 -0.15477268 0.21243243 -0.14154918 0.0070888307 0.0 0.4017412 -0.23646489 0.53724265 -0.10686703 -0.15394586 0.6158075 -0.28944734 0.4862096 -0.12121682 0.26703572 -0.14154918 0.0070888307 0.08624915 0.0 2.880782386335147
0.054803137 -0.21720116 0.14170383 -0.0022891627 -0.15445381 0.21625052 -0.14170383 0.0022891627 0.0 0.39115977 -0.24583423 0.5297234 -0.119515695 -0.14397548 0.61949027 -0.2825391 0.49317175 -0.11960105 0.27003527 -0.14170383 0.0022891627 0.08624408 0.0 2.154798605694662
0.05796667 -0.21357593 0.1416945 0.0026055432 -0.15405652 0.21988812 -0.1416945 -0.0026055432 0.0 0.3803655 -0.2550957 0.52190644 -0.13212249 -0.13395062 0.6227626 -0.2754916 0.4997894 -0.11792915 0.27282515 -0.1416945 -0.0026055432 0.086087726 0.0 1.4319033467075606
0.060914446 -0.2097733 0.1415203 0.007428732 -0.15358832 0.22333814 -0.1415203 -0.007428732 0.0 0.3693774 -0.2642307 0.5138051 -0.14466108 -0.123899475 0.62561995 -0.26832718 0.50605035 -0.11621125 0.2754003 -0.1415203 -0.007428732 0.0858009 0.0 0.7126626124382032
0.0636373 -0.20580663 0.14118055 0.012259685 -0.1530545 0.22659577 -0.14118055 -0.012259685 0.0 0.35821274 -0.2732265 0.5054328 -0.15711232 -0.11384296 0.6280613 -0.261063 0.5119471 -0.11445445 0.2777578 -0.14118055 -0.012259685 0.08544698 0.0 0.0
