150
-0.24206229 0.1290708 0.017080462 0.12959716 0.026950901 0.31774968 -0.017080462 -0.12959716 0.0 -0.1191503 0.7655774 -0.28830072 0.68468 0.1431521 -0.2174555 0.3123025 -0.1365581 0.09021544 0.12190946 -0.0126593895 0.015058159 0.17562482 0.026298326 -0.13138469 -0.05043535 -0.14011964 0.3683915 -0.026003812 -0.30223158 -0.19857608 0.5413292 -0.09911578 -0.030529661 -0.18785194 0.3715736 0.0062102717 -0.24275553 0.0 0.0 0.005286401159130191
-0.23819721 0.12628125 0.03418382 0.13619858 0.038552884 0.31177092 -0.03418382 -0.13619858 0.0 -0.089591786 0.7650635 -0.2618307 0.69096893 0.13334033 -0.22763862 0.30557925 -0.15354405 0.096228726 0.11575923 0.07371005 -0.11522758 0.17315571 0.014556474 -0.08044461 -0.19402221 -0.1275358 0.36708826 -0.08491047 -0.14451315 -0.17802948 0.54574335 0.013199173 -0.12763657 -0.17160891 0.37133148 0.06973561 -0.1943384 0.24131165 0.0 0.0014009910516624563
-0.23585542 0.122318506 0.11409417 0.08152636 0.06712791 0.30277938 -0.11409417 -0.08152636 0.0 -0.014027884 0.7667933 -0.19293636 0.7106862 0.106301524 -0.24349232 0.28520998 -0.18738522 0.10757055 0.0996227 -0.040804286 -0.19844845 0.16795893 -0.0065879663 -0.21279208 -0.04135554 -0.09503749 0.37681276 -0.20826243 0.023395684 -0.12186348 0.555431 -0.023530679 -0.1926527 -0.13200852 0.3812124 0.0030103163 -0.14427389 0.45367187 0.0 -0.0012830272564527678
-0.23420589 0.1190964 0.06633225 0.06789362 0.10229403 0.28956357 -0.06633225 -0.06789362 0.0 0.08095102 0.7601374 -0.103650175 0.72729456 0.07151147 -0.25724515 0.25611266 -0.22440234 0.11922819 0.07895033 0.024603274 -0.17730016 0.1593238 -0.027109671 -0.1644337 0.033346463 -0.051484562 0.3875194 -0.13256705 0.047872588 -0.05075942 0.56039864 -0.004688898 -0.18279961 -0.0818848 0.38980067 0.026449885 -0.16087347 0.46494442 0.0 -0.0036276194440823598
-0.23063508 0.11843834 -0.027264105 0.1363105 0.14071319 0.26910368 0.027264105 -0.1363105 0.0 0.18444622 0.73812675 -0.0029200418 0.73104626 0.034842685 -0.2682405 0.22220895 -0.26116 0.12947963 0.053605832 0.03255506 -0.27728876 0.153728 -0.048198674 0.08649293 -0.010369862 0.0041516754 0.39100242 0.0748321 -0.015972912 0.027916115 0.5543007 0.06891403 -0.25902316 -0.029722014 0.3905007 -0.020658037 -0.25088438 0.52202153 0.0 -0.0036124967533195176
-0.22908843 0.11738982 0.06536925 -0.020036759 0.1847241 0.23867533 -0.06536925 0.020036759 0.0 0.31050912 0.6926283 0.124832146 0.71871114 -0.014276049 -0.27156603 0.17140092 -0.29764885 0.1343608 0.023922667 -0.11329562 -0.11327515 0.14266375 -0.07138619 -0.060825 0.16257934 0.07292578 0.38700932 -0.056034945 0.15238933 0.12443952 0.5349542 -0.05687378 -0.10831181 0.038245402 0.38466695 -0.023396064 -0.084867865 0.71223766 0.0 -0.004878602661886007
-0.22802122 0.113409445 0.14221196 0.01244445 0.2175452 0.20500909 -0.14221196 -0.01244445 0.0 0.41669294 0.6318995 0.23788898 0.68833876 -0.06312053 -0.2652824 0.11568344 -0.32172167 0.1330671 -0.002262432 -0.06348412 -0.12326135 0.123508915 -0.09060516 -0.2238478 0.061514538 0.13275847 0.3741168 -0.11668057 0.11528414 0.20671032 0.5028307 -0.15293929 -0.14054383 0.098052405 0.36889607 -0.1196804 -0.14212374 0.5245637 0.0 -0.006375390141227677
-0.22617386 0.108965605 0.14150307 -0.008492893 0.24070181 0.17082398 -0.14150307 0.008492893 0.0 0.50087017 0.5635168 0.33239546 0.6458121 -0.10651286 -0.25271976 0.06196186 -0.33501506 0.12752484 -0.02625442 -0.12834811 -0.13175157 0.10347516 -0.10718663 -0.114279985 -0.03181906 0.18376242 0.35464346 -0.07957801 0.12377348 0.2731299 0.46271023 -0.16888346 -0.117024235 0.1471847 0.34604436 -0.12485507 -0.12515713 0.542417 0.0 -0.006876279014861616
-0.22570233 0.10428456 0.11300806 -0.084595375 0.2561681 0.14124787 -0.11300806 0.084595375 0.0 0.5638261 0.49795756 0.40708742 0.6008616 -0.14173426 -0.23507784 0.015004397 -0.3379819 0.118223555 -0.044705212 -0.14655593 -0.053370737 0.08588603 -0.11577663 -0.081126735 0.18852848 0.22560588 0.33434558 -0.030826772 0.18782322 0.32386208 0.4225417 -0.14909822 -0.03890167 0.18578349 0.32214546 -0.10041647 -0.05426217 0.39599103 0.0 -0.0072320199884781024
-0.2245235 0.10267292 0.033836547 0.056170434 0.26590705 0.11755967 -0.033836547 -0.056170434 0.0 0.6045913 0.44495574 0.45781103 0.5616253 -0.16442677 -0.22120297 -0.017646471 -0.33787256 0.10899196 -0.05900959 -0.13170296 -0.15813765 0.07260528 -0.11996481 -0.08650644 0.024376208 0.25608724 0.31584477 0.059185542 0.037848055 0.3572234 0.38748062 -0.07903771 -0.17691272 0.21246846 0.29926896 -0.020904558 -0.19769777 0.28401807 0.0 -0.00708264362344364
-0.22213191 0.10028523 0.13897018 -0.034367595 0.27269316 0.09110636 -0.13897018 0.034367595 0.0 0.6415882 0.38404265 0.50683945 0.51442295 -0.1885222 -0.20423703 -0.05377345 -0.33461735 0.096114665 -0.07291851 -0.22793636 -0.07614184 0.05842885 -0.12379984 -0.046319526 0.10985604 0.28565723 0.29228145 -0.03671183 0.11889175 0.38788992 0.34693444 -0.19514412 -0.08182096 0.23729791 0.27231738 -0.13236222 -0.1077567 0.39236486 0.0 -0.008595791425119112
-0.2195224 0.09941904 0.044061 0.081859045 0.27786455 0.06244739 -0.044061 -0.081859045 0.0 0.6741217 0.31715414 0.55304 0.4603166 -0.21049303 -0.18545216 -0.089411385 -0.32861462 0.08182155 -0.08573751 -0.17124665 -0.14372398 0.047627304 -0.12834683 0.091888495 -0.04689576 0.31463414 0.26374048 0.0695552 -0.012739881 0.41594806 0.30160013 -0.09889414 -0.20000911 0.26094946 0.24147053 -0.02897018 -0.22323522 0.3410489 0.0 -0.009398314722195183
-0.21505985 0.10031027 0.106752984 0.09340331 0.27961087 0.030467134 -0.106752984 -0.09340331 0.0 0.69982517 0.24334075 0.59400946 0.39812863 -0.23152587 -0.16622184 -0.12571016 -0.32100973 0.068400234 -0.097708054 -0.07518523 -0.103040725 0.0335308 -0.1375752 -0.07221946 -0.19623657 0.34089887 0.22881266 0.01579122 -0.040055566 0.43903968 0.25050277 -0.17859371 -0.20266126 0.28120416 0.20548151 -0.10142585 -0.23465051 0.38882813 0.0 -0.01025590734720223
-0.21026908 0.10025605 0.12939021 0.05749842 0.2770242 0.0004485134 -0.12939021 -0.05749842 0.0 0.7162094 0.17077632 0.62619966 0.3352588 -0.2510403 -0.1447933 -0.16103053 -0.3092758 0.052573502 -0.10725873 -0.2327088 -0.099837005 0.017069649 -0.14307322 -0.07001715 -0.012292751 0.36197895 0.19305137 7.545847e-05 -0.021896595 0.4547525 0.20007916 -0.20466736 -0.16512407 0.29592675 0.16970715 -0.12317195 -0.19711308 0.335715 0.0 -0.012297101181332946
-0.20699662 0.10244403 0.02132397 0.13371961 0.27371028 -0.02879372 -0.02132397 -0.13371961 0.0 0.72691303 0.09966837 0.65269786 0.27185535 -0.26563275 -0.123958915 -0.19141757 -0.2961459 0.036386963 -0.11770115 -0.12149369 -0.23361266 0.005315248 -0.14761642 0.114177905 -0.17290196 0.38084084 0.15575801 0.11181729 -0.11251087 0.46642178 0.14993662 -0.108040884 -0.23288637 0.30801862 0.13331434 -0.03404853 -0.27007747 0.341497 0.0 -0.012694801773188824
-0.20348458 0.10339301 0.13188826 0.0096358815 0.26522124 -0.06314785 -0.13188826 -0.0096358815 0.0 0.730513 0.010328571 0.6773702 0.19013985 -0.28162324 -0.09328844 -0.22848044 -0.2730997 0.01667654 -0.1271019 -0.17474964 -0.1433402 -0.01094397 -0.14891902 0.00064526533 0.031168638 0.3981989 0.10746553 0.0034151087 -0.0051806695 0.47457564 0.08827461 -0.22853681 -0.09984802 0.31751692 0.08929485 -0.16713 -0.13895793 0.4869946 0.0 -0.014907737583799673
-0.19997647 0.10485435 0.07265966 0.10629573 0.25234413 -0.09697712 -0.07265966 -0.10629573 0.0 0.72311956 -0.080677226 0.69225657 0.10426526 -0.29410338 -0.06033763 -0.26324034 -0.24528012 -0.0032540478 -0.1303115 -0.026244765 0.011413713 -0.029263323 -0.14800464 -0.076273195 -0.13905245 0.40969762 0.055768125 0.06275649 -0.11859156 0.4749691 0.025141444 -0.17805623 -0.18664823 0.32091925 0.043849412 -0.13127054 -0.22614932 0.41079995 0.0 -0.01466329672816992
-0.19857222 0.10537365 0.01003387 -0.03837774 0.2361033 -0.12972228 -0.01003387 0.03837774 0.0 0.70496535 -0.17514922 0.69856167 0.012241401 -0.30085495 -0.021911502 -0.2944513 -0.20930211 -0.022304196 -0.12672475 -0.0862475 0.091348425 -0.049308084 -0.14683887 0.017477987 -0.10223543 0.41655686 7.374083e-05 0.12142205 0.0066830963 0.4688343 -0.039930608 -0.12738633 -0.023464395 0.32001087 -0.0028084584 -0.083988294 -0.0712956 0.5097871 0.0 -0.014687209573839705
-0.19605763 0.10305523 0.11088666 -0.0907987 0.22184068 -0.14686075 -0.11088666 0.0907987 0.0 0.6851513 -0.23194027 0.6946843 -0.04468277 -0.30402237 0.0061601046 -0.31355542 -0.18109739 -0.039016075 -0.12123363 -0.24304417 0.08328335 -0.06345557 -0.14069602 -0.09309413 0.12903713 0.41699418 -0.03438623 0.016115708 0.04445204 0.45720026 -0.07894615 -0.23305024 0.03764284 0.3133384 -0.030982625 -0.19695458 -0.009898685 0.16993476 0.0 -0.014970031145760197
-0.19469777 0.10281268 -0.0007303133 0.041305777 0.21702471 -0.151641 0.0007303133 -0.041305777 0.0 0.67822987 -0.24747956 0.69211817 -0.060494628 -0.30513483 0.0135762105 -0.3190231 -0.17340872 -0.046256766 -0.11715746 -0.117035754 0.03798835 -0.067962445 -0.14090061 0.05968947 -0.12090698 0.41902086 -0.04539794 0.1267904 -0.08992586 0.44968054 -0.090842694 -0.12415198 -0.0874496 0.308174 -0.041236524 -0.08873684 -0.13837579 0.030003574 0.0 -0.014701965700509682
-0.19420487 0.10137991 0.015912225 -0.10438272 0.21053661 -0.15861791 -0.015912225 0.10438272 0.0 0.667595 -0.27260408 0.6888603 -0.08631387 -0.3046874 0.027101057 -0.3259527 -0.15918913 -0.05287767 -0.10969233 -0.027419453 0.24322316 -0.07321043 -0.13670088 -0.025999593 0.15951182 0.4207708 -0.0622661 0.10760656 0.050363045 0.4411075 -0.10840376 -0.14297616 0.06572627 0.30278933 -0.05503394 -0.11034248 0.012712188 0.2128991 0.0 -0.01436627746079363
-0.19181676 0.09744297 0.07315031 -0.12055994 0.20472498 -0.15955038 -0.07315031 0.12055994 0.0 0.6588228 -0.28481174 0.68469137 -0.0991048 -0.30574557 0.03886113 -0.3316142 -0.1468458 -0.05978626 -0.10171356 -0.18846983 0.15227178 -0.076083474 -0.12946068 0.04956355 0.13917625 0.42140388 -0.07037055 0.04821657 0.063241445 0.43212262 -0.116236016 -0.20121868 0.08630099 0.29624093 -0.061322063 -0.16930802 0.030824034 0.00509007 0.0 -0.014539983498560225
-0.18927914 0.09399772 0.05827243 -0.111808345 0.20541516 -0.15217263 -0.05827243 0.111808345 0.0 0.6616609 -0.2693693 0.68423533 -0.08323321 -0.30849043 0.037164006 -0.3310649 -0.14897208 -0.06424511 -0.09784306 -0.19033888 0.13547817 -0.071645364 -0.12847699 0.06807552 0.049829517 0.42467594 -0.060993668 0.06570264 0.05902998 0.42768824 -0.10606981 -0.18554322 0.07557493 0.29207814 -0.055550434 -0.14741403 0.015202905 -0.11004182 0.0 -0.01514534010147488
-0.18543531 0.09142392 0.12754996 -0.05942531 0.21085376 -0.13621727 -0.12754996 0.05942531 0.0 0.67354345 -0.22461115 0.6844167 -0.03742669 -0.31390044 0.020563986 -0.32477367 -0.16662048 -0.06618425 -0.100054055 -0.25419822 -0.0030816363 -0.062583245 -0.13142872 0.008663869 0.020374771 0.42828324 -0.033015985 -0.0007004267 0.01426972 0.4255652 -0.07779007 -0.25230768 0.015009906 0.28846866 -0.037820008 -0.21092018 -0.042420514 -0.30241808 0.0 -0.01662659587342597
-0.18097322 0.08962772 0.13243617 -0.05022482 0.21664652 -0.11708222 -0.13243617 0.05022482 0.0 0.68495595 -0.16789046 0.68070465 0.019561335 -0.31903824 -0.0031122665 -0.31478694 -0.19056407 -0.06695299 -0.10468168 -0.272467 0.030580495 -0.052422855 -0.13362694 -0.025612934 0.10451781 0.42947918 0.0021563012 -0.001863268 0.016747909 0.42184466 -0.04335828 -0.2534705 -0.0030157855 0.2835733 -0.016452566 -0.20539893 -0.059348423 -0.2840211 0.0 -0.01789160621960145
-0.17666718 0.08749593 0.13019261 -0.055801786 0.22007583 -0.09935413 -0.13019261 0.055801786 0.0 0.6908365 -0.11607525 0.67300576 0.070575 -0.3224622 -0.024522377 -0.30463147 -0.21117263 -0.06841909 -0.108356126 -0.27041677 0.035274815 -0.042637296 -0.13370399 0.0067562754 0.09199994 0.42818773 0.03417371 0.001791112 0.031103734 0.41539162 -0.012994901 -0.24840084 -0.003508251 0.27731887 0.0019828435 -0.19554442 -0.05831756 -0.2478342 0.0 -0.018889432834916304
-0.17264925 0.08487088 0.12708592 -0.06225145 0.22214663 -0.081638426 -0.12708592 0.06225145 0.0 0.69291276 -0.06507162 0.66194487 0.11985334 -0.32432154 -0.045308758 -0.29335365 -0.23023371 -0.066249326 -0.11260746 -0.10266525 1.5341573e-05 -0.032757815 -0.13398269 0.014337534 0.05861584 0.42483652 0.06573242 0.006229657 0.046895638 0.40703666 0.015967513 -0.23970187 -0.007104586 0.2702093 0.019425604 -0.18126854 -0.057924144 -0.26065463 0.0 -0.020010171094739224
-0.16813518 0.083662845 0.13878815 0.028113497 0.22437307 -0.05960743 -0.13878815 -0.028113497 0.0 0.6912831 0.0027645298 0.6424386 0.18379068 -0.3230342 -0.0767132 -0.2741897 -0.25773934 -0.060696825 -0.11885884 -0.21441615 -0.0014412389 -0.020957638 -0.13552602 -0.06406896 0.016956769 0.41630253 0.106733784 -0.004273037 -0.030668467 0.39530006 0.052823428 -0.2437126 -0.10875747 0.26095417 0.04138625 -0.17937921 -0.15418117 -0.41011542 0.0 -0.020959234366415315
-0.16334414 0.083213285 0.13726139 0.035259996 0.22447596 -0.03871407 -0.13726139 -0.035259996 0.0 0.68307745 0.06889583 0.6168113 0.24429551 -0.31865364 -0.109124035 -0.25238746 -0.2845237 -0.056117535 -0.12747031 -0.21551894 -0.14927557 -0.010315115 -0.13438079 -0.0964945 0.10027039 0.40380085 0.1458738 -0.003749662 -0.026424415 0.38031086 0.086819686 -0.23546912 -0.12377063 0.25000307 0.060998265 -0.16903518 -0.16352306 -0.31261277 0.0 -0.02166450838369168
-0.15880096 0.08175921 0.14164747 -0.000659878 0.22146383 -0.027294977 -0.14164747 0.000659878 0.0 0.67373824 0.104398094 0.59829617 0.27605107 -0.31718633 -0.12630674 -0.24174425 -0.29795972 -0.05342242 -0.13420714 -0.06318356 -0.09682878 -0.006187441 -0.1307943 -0.0799677 0.12765802 0.39529938 0.16702273 -0.008639732 0.015237787 0.3672739 0.10310832 -0.23500265 -0.09335332 0.24084085 0.06921326 -0.1664793 -0.12931204 -0.11018828 0.0 -0.023114368199887766
-0.1542406 0.080258854 0.13948786 0.024748797 0.21729928 -0.022448132 -0.13948786 -0.024748797 0.0 0.6662173 0.1202677 0.58659935 0.29002407 -0.31876802 -0.13460508 -0.23915005 -0.30436146 -0.054956194 -0.13837662 -0.20093983 -0.07339633 -0.0060767746 -0.1275776 -0.09190681 0.09107223 0.3908469 0.17665815 -0.006459355 -0.0074470737 0.35681936 0.10817757 -0.22882833 -0.1226827 0.2336014 0.07004582 -0.15980268 -0.15614223 -0.072628215 0.0 -0.024898640571329053
-0.14975378 0.078548886 0.14162172 0.0044315737 0.21276656 -0.020282416 -0.14162172 -0.0044315737 0.0 0.65995985 0.12774926 0.5783335 0.29654914 -0.3219324 -0.13879131 -0.24030606 -0.30759117 -0.060421884 -0.14048338 -0.2152708 -0.021920146 -0.0063790902 -0.12440674 -0.035379946 0.08874328 0.3884391 0.18145704 -0.009019781 0.011981355 0.34770387 0.108646475 -0.23110303 -0.102445714 0.2272791 0.06794336 -0.16297975 -0.13545638 -0.023176806 0.0 -0.027319761104706006
-0.14677283 0.0750687 0.11070571 -0.08736256 0.20839171 -0.020340502 -0.11070571 0.08736256 0.0 0.65691096 0.123623654 0.5768211 0.29315788 -0.3273615 -0.13398835 -0.24727157 -0.3035226 -0.069242015 -0.14056908 -0.21109676 -0.013368685 -0.008551464 -0.11886035 -0.026542483 0.20108975 0.39040226 0.18028712 0.022230893 0.101403065 0.34143594 0.104038134 -0.2004884 -0.010630709 0.22298922 0.06328857 -0.13083471 -0.044152386 0.06664567 0.0 -0.029978851575907343
-0.1437649 0.07139322 0.13423459 -0.044360247 0.20412764 -0.018014105 -0.13423459 0.044360247 0.0 0.6524434 0.12658258 0.5721144 0.29600367 -0.3314647 -0.13241754 -0.25113574 -0.30183864 -0.073888205 -0.14246213 -0.098757036 -0.084436655 -0.00862331 -0.11474436 0.0032321403 0.075285666 0.39037007 0.18326646 -0.0011492799 0.054475904 0.3339448 0.103198744 -0.22396688 -0.05448881 0.2179624 0.061150387 -0.15259515 -0.087793864 -0.052824393 0.0 -0.03284085795921672
-0.14060824 0.067772225 0.12771508 -0.06138021 0.19991581 -0.013505269 -0.12771508 0.06138021 0.0 0.6463203 0.13688852 0.56380266 0.3052545 -0.33414915 -0.13483928 -0.25163156 -0.30320525 -0.07798914 -0.1451528 -0.22708204 -0.03094372 -0.007793918 -0.11030077 -0.032936107 0.16553447 0.3880685 0.19058385 0.005777513 0.07366793 0.32516283 0.10596345 -0.21538064 -0.039499402 0.21217899 0.06130709 -0.14332134 -0.07190405 -0.044208042 0.0 -0.035957339027028454
-0.13875923 0.06343605 0.0947977 -0.10428362 0.19654483 -0.0055705714 -0.0947977 0.10428362 0.0 0.63909686 0.15580758 0.5524443 0.3220832 -0.33435902 -0.14006385 -0.24770644 -0.30633947 -0.08234124 -0.1454114 -0.23492089 0.09829746 -0.006085382 -0.105275825 -0.021224758 0.14696242 0.38410324 0.20356601 0.038007658 0.11665602 0.31586105 0.11349677 -0.1822436 0.0031424658 0.2064878 0.06500924 -0.10951117 -0.028498264 -0.12147559 0.0 -0.038479761382381836
-0.13564697 0.060333565 0.13839512 0.0073506585 0.19233853 0.004790162 -0.13839512 -0.0073506585 0.0 0.6268143 0.18679571 0.53244036 0.34881365 -0.3316553 -0.15451394 -0.23728138 -0.31653187 -0.08353608 -0.15037216 -0.23531781 -0.10864671 -0.0012391023 -0.10431029 -0.000101894315 -0.037497103 0.37433422 0.22306621 -0.0064000483 0.007541545 0.30313042 0.12574582 -0.22040398 -0.11326207 0.19867307 0.07122607 -0.14647058 -0.14084396 -0.1989765 0.0 -0.04156683202657659
-0.13111909 0.058784124 0.13448775 0.04412224 0.18733785 0.011420358 -0.13448775 -0.04412224 0.0 0.6141138 0.21081321 0.51327765 0.36889017 -0.32979944 -0.16890253 -0.22896332 -0.3269795 -0.08612752 -0.15703352 -0.26825336 -0.08904903 0.00057392183 -0.10388442 -0.109394036 0.048173122 0.36484885 0.23757692 -0.0028397941 -0.02269335 0.29053134 0.13303365 -0.2116059 -0.15367411 0.19089225 0.0735024 -0.13728489 -0.17825584 -0.108541526 0.0 -0.0443733291635172
-0.1267206 0.05970471 0.07108966 0.119468965 0.18414985 0.0076985103 -0.07108966 -0.119468965 0.0 0.611552 0.20574552 0.5112145 0.36413944 -0.3335531 -0.1709939 -0.2332156 -0.3293878 -0.09418784 -0.16101167 -0.20042583 -0.14690405 -0.004426247 -0.103547476 -0.15976721 -0.014800756 0.36683416 0.23397103 0.06037626 -0.10017739 0.28503105 0.12533258 -0.15170312 -0.22612055 0.18773796 0.065242946 -0.07682253 -0.25270703 0.09393811 0.0 -0.045453167854720276
-0.12302177 0.06196247 0.05546016 0.115171716 0.18222743 -0.0040866327 -0.05546016 -0.115171716 0.0 0.6178083 0.17525809 0.5244271 0.3378502 -0.34273097 -0.16018279 -0.24934977 -0.32277495 -0.10774116 -0.16192888 -0.18790609 -0.16387308 -0.011009945 -0.10543935 -0.0012606787 -0.1045196 0.3790129 0.21448837 0.07620732 -0.10306982 0.28519425 0.105582304 -0.14171275 -0.21743676 0.18789846 0.04875136 -0.067753166 -0.24755712 0.19814192 0.0 -0.04672621487334731
-0.11914168 0.061566465 0.13594292 -0.010648084 0.17788321 -0.01763975 -0.13594292 0.010648084 0.0 0.6245067 0.13210231 0.54223496 0.30058855 -0.3563583 -0.13819411 -0.27408653 -0.30668035 -0.12549922 -0.1579428 -0.22531535 -0.07746704 -0.021809818 -0.10751627 -0.18023352 -0.08046141 0.39337358 0.1873612 -0.0035773604 0.013842654 0.28484905 0.08156838 -0.22713022 -0.08753904 0.18635255 0.030229447 -0.15766165 -0.12093331 0.2673271 0.0 -0.04873197890035999
-0.117225185 0.061829347 -0.0048121302 0.061797332 0.1747961 -0.029496055 0.0048121302 -0.061797332 0.0 0.62976485 0.092563964 0.5579846 0.26578012 -0.36583498 -0.11704806 -0.2940547 -0.29026422 -0.139078 -0.15494916 -0.04777789 -0.19338323 -0.029404502 -0.10879589 0.07254985 -0.09124729 0.40694174 0.1616673 0.13680051 -0.069784656 0.28435117 0.059791774 -0.091934144 -0.15547821 0.18521468 0.013316846 -0.023008466 -0.19289918 0.19246249 0.0 -0.050191371408000396
-0.1154506 0.061164103 0.095158614 -0.049788892 0.16962008 -0.044698816 -0.095158614 0.049788892 0.0 0.63358295 0.036748484 0.5773635 0.21562168 -0.37662688 -0.08421562 -0.3204074 -0.26308882 -0.15776885 -0.14368212 -0.23151849 0.045635924 -0.036629144 -0.10662845 0.04579243 0.031220257 0.4221638 0.12458796 0.035584137 0.030853711 0.28302753 0.031760924 -0.2019352 -0.032018445 0.18235306 -0.007272957 -0.1387312 -0.0762954 0.39852643 0.0 -0.05278739651899587
-0.11224863 0.059381705 0.11209889 -0.0109365275 0.1617773 -0.057677947 -0.11209889 0.0109365275 0.0 0.6309232 -0.015283177 0.5898466 0.16766205 -0.38586134 -0.051413383 -0.34478468 -0.23435862 -0.17402433 -0.1282649 -0.087204725 0.041188136 -0.04593328 -0.10520765 -0.055234313 -0.11394383 0.43195522 0.08889851 0.016622046 -0.019058079 0.27735823 0.0065323845 -0.22406687 -0.06357694 0.17580067 -0.025591953 -0.16424915 -0.11138578 0.23811965 0.0 -0.05531889664310186
-0.10776853 0.05998526 0.12108224 0.071985014 0.15406166 -0.06777662 -0.12108224 -0.071985014 0.0 0.62482417 -0.051106565 0.5938157 0.1338116 -0.39241448 -0.03156681 -0.36140603 -0.21648498 -0.18686607 -0.11944536 -0.22938398 -0.070288025 -0.053813584 -0.1048702 -0.046541866 -0.03846626 0.43616673 0.06253005 0.005878123 -0.109687395 0.26902664 -0.012267424 -0.23790607 -0.13857698 0.16781989 -0.04055765 -0.17999434 -0.1912723 0.17278387 0.0 -0.05814779335601128
-0.106294625 0.05985974 -0.0043887473 -0.039778795 0.14997624 -0.07348439 0.0043887473 0.039778795 0.0 0.62103325 -0.07420806 0.5968738 0.11172895 -0.39479023 -0.017121274 -0.37063083 -0.20305829 -0.19616172 -0.11477266 -0.0844418 -0.0674116 -0.05647561 -0.10461785 0.08363832 -0.07018801 0.44092745 0.04487817 0.1287901 -0.002779521 0.2628335 -0.02430094 -0.116331175 -0.019151857 0.16217749 -0.050478525 -0.078318074 -0.06367371 0.10400048 0.0 -0.05970351012232841
-0.1065048 0.058172196 0.0044933967 -0.057130538 0.15102193 -0.06953749 -0.0044933967 0.057130538 0.0 0.62203723 -0.063230306 0.59510535 0.122325405 -0.3945251 -0.021311589 -0.36759317 -0.20686729 -0.19605157 -0.117644235 -0.028396754 0.04363365 -0.051804066 -0.105138846 0.100260966 0.059165463 0.44441307 0.05175223 0.120199665 0.015468034 0.259082 -0.02084659 -0.122884944 -0.008457005 0.16005382 -0.049847174 -0.08896724 -0.044734254 -0.15869704 0.0 -0.06124140480729543
-0.108589366 0.056763425 -0.09379455 -0.050907582 0.15717378 -0.057203732 0.09379455 0.050907582 0.0 0.62664866 -0.018621823 0.5870597 0.1646511 -0.39039588 -0.046490222 -0.3508069 -0.22976314 -0.18865143 -0.13085411 -0.0273407 -0.027726157 -0.039606713 -0.105279624 0.17651084 0.11220821 0.44587165 0.08277342 0.22065544 0.016967071 0.2577419 -0.0036172718 -0.02202836 -0.018088797 0.16187558 -0.040175702 -0.00073347206 -0.037737604 -0.30537757 0.0 -0.06182110669692012
-0.111067876 0.05583548 -0.039444525 -0.041213214 0.16543214 -0.033932198 0.039444525 0.041213214 0.0 0.6255161 0.06715168 0.5617485 0.24347506 -0.37864292 -0.09661903 -0.31487527 -0.27294242 -0.17090157 -0.15475883 -0.06802165 0.021978144 -0.02070722 -0.104019605 0.09967331 0.16863453 0.4371771 0.14284073 0.16847077 0.023167025 0.2543229 0.02977513 -0.06650994 -0.043001562 0.16426867 -0.018906616 -0.07888063 -0.012904175 -0.60110706 0.0 -0.06260893827879727
-0.11121642 0.05722899 -0.021075508 0.09080852 0.16134016 -0.005045703 -0.24703798 -0.18776447 0.0 0.59966475 0.19178732 0.5013877 0.35146785 -0.35024187 -0.17267625 -0.25196487 -0.3323568 -0.13832192 -0.18919507 -0.07268011 -0.15336686 0.004728057 -0.10383119 0.14000334 -0.017019214 0.40428147 0.22789419 0.15090741 -0.08270586 0.24083322 0.07626209 -0.06772297 -0.1924375 0.16388 0.012909936 -0.015976934 -0.10343749 -0.82368696 0.0 -0.06442853312941096
-0.11091831 0.057246707 0.035921354 -0.05165506 0.15171197 0.015755331 -0.27878255 -0.08278056 0.0 0.5616418 0.28386563 0.43938282 0.426024 -0.318795 -0.2260239 -0.19653602 -0.36818224 -0.110963404 -0.21129078 -0.16456486 -0.00798774 0.02121521 -0.0991067 -0.085442536 0.13826418 0.3672911 0.28978774 0.08944712 0.087527 0.22302647 0.10928768 -0.111905836 -0.060390886 0.15893774 0.03773205 -0.05108057 0.027024532 -0.40751755 0.0 -0.06604820588115821
-0.1094119 0.057379376 0.017278071 0.09426455 0.14071243 0.025779428 -0.23802836 -0.2501915 0.0 0.52635634 0.3423039 0.38930574 0.4702624 -0.29313967 -0.26067415 -0.15608907 -0.38863268 -0.092683144 -0.22378775 -0.15573819 -0.07315051 0.031901285 -0.09486823 0.07166695 -0.025005013 0.3366048 0.3286559 0.10284745 -0.04430121 0.20660543 0.12776732 -0.08398961 -0.21218292 0.15260926 0.052204695 -0.024578676 -0.13873819 -0.38135225 0.0 -0.06746526808231215
-0.10506403 0.05850991 0.07658887 0.11862379 0.12996264 0.025214378 -0.28119388 -0.2840894 0.0 0.50111127 0.37171632 0.35603237 0.49049494 -0.27745354 -0.28325927 -0.13237463 -0.4020379 -0.08330761 -0.2355944 -0.15593235 -0.22947872 0.036415238 -0.09318614 -0.12235821 0.0035337652 0.31662464 0.34772587 0.04050836 -0.060828708 0.19386144 0.13278542 -0.14133085 -0.23705544 0.14614424 0.056628894 -0.107832305 -0.15486553 -0.13491838 0.0 -0.06741754629469411
-0.10060084 0.057282247 0.12846424 0.057602428 0.11915455 0.019185668 -0.32483846 -0.22214808 0.0 0.49083376 0.3776431 0.34370893 0.49387795 -0.2762102 -0.29078776 -0.12908535 -0.4070226 -0.08537634 -0.24239595 -0.20118096 -0.11708336 0.033968523 -0.0906014 -0.114666164 0.08270687 0.31071657 0.35249466 -0.0131475 0.0031882422 0.18558155 0.12938191 -0.19490378 -0.17512459 0.14088504 0.0550308 -0.13953844 -0.10128703 -0.014901233 0.0 -0.06814421861108086
-0.09642245 0.057153665 0.051781904 0.119896315 0.11007797 0.009950949 -0.24389945 -0.27899557 0.0 0.49029717 0.3716185 0.34384617 0.48870116 -0.28059468 -0.29237092 -0.13414367 -0.40945357 -0.0934372 -0.24742024 -0.17867467 -0.1844187 0.03168468 -0.089275196 -0.016561039 0.017268157 0.31396186 0.3496002 0.0633722 -0.05763727 0.18130608 0.12116395 -0.1203389 -0.2362019 0.13772893 0.049566936 -0.07761008 -0.16230093 0.046551935 0.0 -0.06808228710810421
-0.0917246 0.057024863 0.10988188 0.088405415 0.1007297 -0.0017708304 -0.30133086 -0.23783916 0.0 0.4976942 0.35379592 0.35468754 0.47506157 -0.29206246 -0.2876405 -0.14905582 -0.40890613 -0.10729355 -0.25087836 -0.20604762 -0.18358469 0.028988075 -0.09024118 0.0066735717 -0.009681341 0.32475534 0.33890066 0.006510606 -0.028613113 0.17906375 0.10855487 -0.18601617 -0.19981863 0.1349787 0.040664144 -0.13992938 -0.12997459 0.14330444 0.0 -0.06823236597592024
-0.087201975 0.055470347 0.1299272 0.055870757 0.08972546 -0.013895522 -0.3237786 -0.19127677 0.0 0.51151675 0.32468984 0.37514028 0.45336658 -0.31113577 -0.2739746 -0.17475928 -0.40265137 -0.12902479 -0.24797364 -0.26883024 -0.043100715 0.023644112 -0.0908543 -0.02726288 0.041606307 0.3420764 0.32084945 -0.01119475 -0.00013672162 0.17757562 0.09301764 -0.21058513 -0.16428514 0.13152102 0.029890383 -0.16608158 -0.095304616 0.22346348 0.0 -0.06823962092958513
-0.08582471 0.053081974 0.04893635 -0.07049462 0.07958577 -0.022111522 -0.24463895 -0.050763115 0.0 0.5259529 0.29685655 0.39685804 0.43283737 -0.3283729 -0.2556683 -0.19927809 -0.39164913 -0.14770614 -0.24154538 -0.091076456 -0.034766797 0.019774225 -0.08829825 0.06534104 0.15402085 0.36070165 0.30399865 0.07316976 0.119152755 0.17677142 0.080428444 -0.13867585 -0.030591482 0.12897067 0.02213246 -0.08959041 0.03299642 0.17831863 0.0 -0.06816158059498634
-0.087345906 0.04909793 0.04012899 -0.13195278 0.07129818 -0.022868304 -0.23184131 0.015803754 0.0 0.5272941 0.29553625 0.39956525 0.43280092 -0.33251297 -0.24841964 -0.20478413 -0.3856843 -0.15201335 -0.23935804 -0.024159158 0.043160606 0.020893835 -0.08177062 0.06430068 0.2156553 0.36625102 0.30602136 0.08081462 0.1832708 0.17291102 0.07916408 -0.12944837 0.029917281 0.12616347 0.023480514 -0.08244024 0.0925384 -0.06075997 0.0 -0.06757870352570879
-0.08852702 0.045695055 0.050925177 -0.07796576 0.06457486 -0.020393651 -0.23210198 -0.043706056 0.0 0.511325 0.32304135 0.37733075 0.45419693 -0.32216567 -0.2604392 -0.1881714 -0.39159477 -0.14240323 -0.24746232 -0.06963558 -0.0627447 0.02597202 -0.074028805 0.0247835 0.18780872 0.35397157 0.32798374 0.066516645 0.13723788 0.16451949 0.086790435 -0.13700603 -0.026966881 0.12191206 0.031133853 -0.09317845 0.03526797 -0.23814675 0.0 -0.06788115169285003
-0.08796074 0.041259866 0.12902112 -0.058852 0.05644585 -0.017783144 -0.2966988 -0.07166324 0.0 0.4837232 0.36046827 0.34088045 0.48192692 -0.306899 -0.27990097 -0.16405629 -0.40135962 -0.12999858 -0.2588577 -0.19310078 -0.06712467 0.030908275 -0.06717704 -0.0020450384 0.10047732 0.33025017 0.3566697 -0.015874285 0.12591444 0.15160733 0.09678347 -0.20861927 -0.051216602 0.11433714 0.040441208 -0.16930985 0.011362423 -0.2619945 0.0 -0.06731645535888829
-0.08553773 0.03827761 0.10944893 0.04080407 0.04853244 -0.018608714 -0.26334968 -0.1790596 0.0 0.45329687 0.39345607 0.30225474 0.50455296 -0.2902621 -0.3010051 -0.13921997 -0.412102 -0.11760317 -0.27176043 -0.18483686 -0.16083397 0.03360627 -0.061534587 -0.09918922 0.095054 0.30415782 0.38137698 -0.00065473473 0.03295801 0.13814268 0.10311563 -0.18111284 -0.15623263 0.10607671 0.046467338 -0.14805529 -0.09272386 -0.24623188 0.0 -0.06639638574974496
-0.085148 0.036662143 0.0015492701 -0.06182475 0.042990826 -0.020442959 -0.14469025 -0.07988976 0.0 0.4321303 0.41553447 0.27588052 0.5191793 -0.2768919 -0.31415296 -0.12064209 -0.4177978 -0.1096183 -0.2782563 -0.13779616 0.05755706 0.03293254 -0.055757724 -0.104337074 0.14514068 0.28739774 0.39881983 0.107173 0.13584319 0.1290824 0.1062751 -0.072026685 -0.05452193 0.10084392 0.05028782 -0.040645372 0.007372877 -0.13002081 0.0 -0.06360033471612091
-0.08477557 0.033708386 0.13513689 -0.010178592 0.03761227 -0.020484053 -0.2615808 -0.13972984 0.0 0.3903888 0.45365703 0.22548155 0.5428863 -0.2504078 -0.33661887 -0.08550058 -0.42584813 -0.08896921 -0.28827295 -0.14405121 -0.09970402 0.03385316 -0.04764996 -0.118826486 0.14612442 0.2511428 0.4269274 -0.035634257 0.09608713 0.1142137 0.114341564 -0.19591874 -0.111827865 0.09197832 0.05819371 -0.17032042 -0.04968035 -0.44978198 0.0 -0.06237728706095901
-0.08335471 0.029799335 0.12102528 -0.010863279 0.031908453 -0.02139813 -0.22725134 -0.1478024 0.0 0.33370844 0.49417186 0.15995067 0.56463104 -0.21583144 -0.36207703 -0.042073686 -0.43253618 -0.06196922 -0.3003511 -0.18184103 -0.108840026 0.033945583 -0.041810095 -0.16265583 0.0044291737 0.20125797 0.45556137 -0.034158427 0.11032763 0.09514032 0.12207109 -0.16742471 -0.11710786 0.079847604 0.06596577 -0.15028927 -0.05444793 -0.36544746 0.0 -0.05958441791830667
-0.082467906 0.02653241 0.08346661 -0.003712863 0.02773434 -0.023351645 -0.16967392 -0.1609973 0.0 0.27523017 0.5272429 0.09490145 0.57860243 -0.1790161 -0.38315076 0.0013126193 -0.4345103 -0.035832487 -0.3069908 -0.21034665 -0.000900344 0.032627817 -0.03583493 -0.16689727 0.11454163 0.15048233 0.47771898 0.006015265 0.08786318 0.07694483 0.1271471 -0.11712794 -0.12843242 0.06812664 0.071853384 -0.106781505 -0.0667112 -0.40330076 0.0 -0.0564929042594402
-0.082780845 0.02214357 0.13285881 -0.050772242 0.023439975 -0.024994776 -0.20000748 -0.11731503 0.0 0.21578175 0.5536272 0.031156816 0.5863363 -0.1432917 -0.39833 0.041333232 -0.4310391 -0.011707077 -0.31086904 -0.19242631 -0.073261425 0.031840123 -0.027972003 -0.07191742 0.15016122 0.09711778 0.4954844 -0.17128925 0.17776453 0.058542673 0.13083678 -0.15722747 -0.083390966 0.055569496 0.077013016 -0.15177703 -0.023233857 -0.34620205 0.0 -0.054099026495530625
-0.08550852 0.018495243 0.07702911 -0.11753165 0.024733044 -0.01061561 -0.03353345 0.40854588 1.0 0.16703153 0.57229334 -0.019630676 0.5899984 -0.1140577 -0.40553337 0.07260451 -0.42323843 0.008331225 -0.31223798 -0.12708966 -0.015010265 0.03116577 -0.020325106 -0.07100738 0.16173457 0.054500114 0.5074258 0.0090826405 0.16809398 0.043992966 0.13358621 -0.0890879 -0.018192096 0.045397766 0.08169836 -0.08849807 0.03960228 -0.25764227 0.0 -0.05627876943338607
-0.08809356 0.014895301 0.12045484 -0.056753866 0.022498123 0.004247136 -0.10825227 0.3429807 1.0 0.102058195 0.5892724 -0.08543006 0.5871744 -0.074240856 -0.41276297 0.11324741 -0.410665 0.03805741 -0.31171116 -0.08030757 -0.078469574 0.030919097 -0.014127455 -0.07258284 0.053960793 -0.0028461013 0.5159549 -0.1706195 0.16878943 0.026109826 0.13542895 -0.11748033 -0.07867162 0.032749545 0.08586456 -0.1250953 -0.024272379 -0.46227574 0.0 -0.05991338761603446
-0.089644425 0.014034981 -0.03143458 -0.044004794 0.019813783 0.017967366 0.0062634666 0.32179832 1.0 0.021957753 0.59901255 -0.16359729 0.572076 -0.019935858 -0.4175509 0.16561918 -0.39061436 0.07807143 -0.30711758 0.003216324 -0.09401609 0.030932155 -0.0072378316 0.00068113377 0.08373722 -0.07171138 0.5151484 0.10761408 0.10586312 0.0075551947 0.13456793 0.052135333 -0.08963605 0.02018647 0.08807348 0.036578003 -0.039240345 -0.48982424 0.0 -0.06149693515439041
-0.08803731 0.015533752 -0.079550736 0.08902811 0.01613063 0.02879796 0.010337609 0.17357963 0.0 -0.07619923 0.5932323 -0.25467598 0.53576654 0.051807653 -0.41610935 0.2302844 -0.35864368 0.13238955 -0.2944293 0.1919913 -0.16860029 0.03407656 -0.0015679963 0.10511956 -0.04507149 -0.15522224 0.49715695 0.0010953485 -0.0300851 -0.011630942 0.12849063 0.12045934 -0.21839134 0.0077847266 0.08630638 0.09801361 -0.17361577 -0.67364603 0.0 -0.06578942514932486
-0.08387236 0.017806394 -0.11592522 0.08005263 0.013412658 0.0358534 0.02064958 0.1665991 0.0 -0.13761656 0.5782849 -0.30863553 0.50141644 0.10132955 -0.41068476 0.27234852 -0.3338163 0.1693823 -0.28092992 0.10962007 -0.04144797 0.038378462 0.0009862285 0.13143691 -0.030636027 -0.2055337 0.47602487 0.17599879 -0.016436063 -0.020158216 0.119337544 0.16989622 -0.20412318 0.0028751425 0.080926694 0.14255637 -0.16524145 -0.21634926 0.0 -0.07138954339508291
-0.08087324 0.02096087 -0.12878391 0.022252807 0.014650903 0.04241755 0.037483577 0.21845408 0.0 -0.12999804 0.57764417 -0.3014815 0.5018176 0.10292709 -0.41276085 0.27441055 -0.33693424 0.17211638 -0.28480798 0.15073678 -0.11998661 0.041607685 0.00026750416 0.08824356 -0.0014944727 -0.1992918 0.47750828 0.047132626 0.018481601 -0.013538624 0.11374713 0.18135208 -0.1473315 0.008303551 0.076484375 0.15299906 -0.11089175 0.17871732 0.0 -0.07737759355309862
-0.080128446 0.021922052 0.029075032 -0.0035844857 0.017946491 0.04842657 -0.09321887 0.24588919 0.0 -0.068333276 0.58758795 -0.24674743 0.52992827 0.06077086 -0.4216139 0.23918502 -0.36395422 0.14324817 -0.30603492 -0.01838172 -0.13476726 0.04112942 -0.0032383292 -0.07044136 0.04139742 -0.14737429 0.49663773 0.038969375 0.042584147 0.00081369985 0.10971816 0.011194003 -0.12605473 0.017763143 0.0716567 -0.016998548 -0.09062514 0.5019627 0.0 -0.08249480813132118
-0.079206005 0.018820195 0.12096776 0.07930144 0.019424582 0.052646067 -0.15557468 0.16227329 0.0 -0.0024333606 0.5900387 -0.18634032 0.5535082 0.008489128 -0.4273289 0.19239609 -0.3907984 0.10294767 -0.32532883 -0.16255152 -0.15134253 0.03616383 -0.008233114 -0.16565184 -0.0428926 -0.09187377 0.5103175 -0.19120526 -0.029568395 0.01170698 0.102832824 -0.08863039 -0.21234255 0.022740822 0.064312294 -0.1378531 -0.17709835 0.36745176 0.0 -0.08899608757606933
-0.076754235 0.016293079 0.035694167 0.09370097 0.022168867 0.055681948 -0.044868357 0.14372692 0.0 0.05634753 0.58444834 -0.13035233 0.5671449 -0.038067013 -0.42858773 0.14863285 -0.41128424 0.06607426 -0.33846414 -0.018995734 -0.12366677 0.03341622 -0.012871946 -0.00072698155 -0.043667458 -0.04026192 0.51574147 0.041176632 -0.06735901 0.020519989 0.09381693 -0.021899898 -0.22869009 0.02674756 0.05561834 -0.032160394 -0.19432743 0.37812632 0.0 -0.09486774559499908
-0.07458068 0.012645027 0.13636743 0.034314524 0.025220515 0.0425873 -0.09781266 -0.27507824 0.0 0.11960335 0.5719772 -0.06784689 0.57629657 -0.0908838 -0.423438 0.096566446 -0.42775744 0.022226922 -0.34920138 -0.1803872 -0.17151015 0.027909188 -0.016758356 -0.15306854 0.025715929 0.015609271 0.5159847 -0.19919606 0.010136201 0.027389167 0.08411359 -0.14017308 -0.17050928 0.029415635 0.048250925 -0.1290242 -0.07742388 0.43991196 0.0 -0.09331473014298747
-0.07078249 0.010624787 0.043924637 0.13618374 0.02766027 0.02803942 -0.03262583 -0.37331554 0.0 0.17981353 0.5516827 -0.0060002366 0.57677245 -0.13981201 -0.4142343 0.04600177 -0.43932402 -0.020573448 -0.3571783 -0.07780448 -0.26172167 0.02315147 -0.022821268 -0.06171622 -0.13190715 0.07102701 0.5085113 0.036708478 -0.12567197 0.03341401 0.07248054 -0.062179334 -0.271114 0.032579795 0.040130418 -0.024246724 -0.16636793 0.3774785 0.0 -0.09060979047519188
-0.06767447 0.0076185944 0.13619581 0.027361147 0.02660364 0.014429534 -0.15355544 -0.2578484 1.0 0.24233164 0.52326405 0.060989786 0.5709231 -0.19319169 -0.39623344 -0.011849843 -0.44389248 -0.070884615 -0.35565683 -0.25479493 -0.017000193 0.01683334 -0.025877316 -0.11360364 0.035398737 0.1291518 0.49475142 -0.19091475 0.02319784 0.037438933 0.062451188 -0.15773624 -0.08456399 0.033301402 0.03155745 -0.14671855 -0.07051885 0.48352483 0.0 -0.09125458068817492
-0.066603094 0.0074061537 -0.039844498 -0.00088981417 0.026099922 0.0025535019 -0.0057269437 -0.2194922 1.0 0.3069028 0.486911 0.13317996 0.5574562 -0.24306121 -0.36906555 -0.06933838 -0.43961078 -0.118209645 -0.34552103 0.040129893 -0.06765781 0.014635661 -0.027742956 0.088443466 0.04784834 0.1918731 0.47374186 0.11833388 -0.011096864 0.043652285 0.054253686 0.01687979 -0.052726176 0.035828415 0.024042428 0.01589807 -0.0797556 0.44852102 0.0 -0.09079458368892104
-0.064917505 0.0069827065 0.08638638 0.06406371 0.022952396 -0.00812932 -0.14943416 -0.2739064 1.0 0.34734496 0.4567607 0.18049109 0.5422945 -0.27568915 -0.3475929 -0.10883528 -0.4331267 -0.15118746 -0.33529776 -0.17993283 -0.024511443 0.012693653 -0.028631536 -0.036924265 -0.015132212 0.23175013 0.45454922 -0.13447471 -0.0100572575 0.046163432 0.04693774 -0.10971321 -0.11472299 0.03543765 0.017532099 -0.12347175 -0.12347564 0.23126224 0.0 -0.0929643258597379
-0.062576465 0.004462513 0.10070206 0.007146049 0.016482754 -0.017073609 -0.17542458 -0.20696276 1.0 0.3733405 0.43215144 0.21248932 0.52850056 -0.30137262 -0.32937235 -0.14052145 -0.42572147 -0.17766415 -0.326032 -0.10267417 -0.07627839 0.009322621 -0.029039737 -0.03683416 0.011212077 0.25863203 0.43781638 -0.029336043 -0.035595775 0.04470968 0.04098445 -0.1284922 -0.060649738 0.03182779 0.012541797 -0.14929385 -0.08226166 0.23829953 0.0 -0.09454340424037352
-0.060268912 0.003028576 0.02110516 0.03870356 0.010181491 -0.025494203 -0.104800895 -0.22879945 1.0 0.39482504 0.40912166 0.23971227 0.51446056 -0.32209513 -0.31280753 -0.16698235 -0.4181464 -0.20048472 -0.31683224 -0.12222518 -0.005563244 0.004532913 -0.029978823 -0.092300564 -0.008364319 0.28069186 0.42190227 -0.067804 0.015076969 0.04388564 0.036193285 -0.032705534 -0.0625829 0.030031068 0.0077256747 0.007911282 -0.07388232 0.18403931 0.0 -0.09686263486370503
-0.05991633 0.0020724877 0.03033652 -0.041855916 0.004432006 -0.031833358 -0.1234202 -0.13767512 0.0 0.41905072 0.38351628 0.27094442 0.49849793 -0.34229097 -0.2914023 -0.19418468 -0.40638393 -0.22281633 -0.30419335 -0.041702814 -0.03942971 0.0017573792 -0.031259768 0.0047947983 -0.029756922 0.3066777 0.40362635 0.036951844 0.0063187773 0.04392507 0.031907186 -0.06451793 0.0033672738 0.029684128 0.004050064 -0.046072327 -0.039974708 0.2572632 0.0 -0.09517358938375783
-0.061952904 0.0011387238 -0.02858938 -0.058370396 0.00078478165 -0.035585493 -0.067418925 -0.11353012 0.0 0.43132636 0.372495 0.28685868 0.4920163 -0.3505882 -0.27847803 -0.20612054 -0.39799932 -0.23259383 -0.29492584 -0.013189777 0.1187942 3.0389128e-05 -0.030624932 -0.038125034 0.016689533 0.31968367 0.3966356 -0.01637599 0.11338451 0.043963194 0.030808624 -0.02272952 -0.010721939 0.029240578 0.0033567892 -0.013344231 0.017863147 0.0121698715 0.0 -0.09380087251155561
-0.06509943 0.0015288206 -0.09274225 -0.07928938 0.0015892793 -0.039019007 0.006416562 -0.09187564 0.0 0.41742492 0.39264724 0.26803914 0.5059616 -0.33630404 -0.29076254 -0.18691826 -0.40407687 -0.21808593 -0.3027732 0.1061681 0.00885106 0.0027050062 -0.030456303 0.08473909 0.008667274 0.30554003 0.41215676 0.16093922 0.04638571 0.04337305 0.032749563 0.046082083 0.005820968 0.029925656 0.004527278 0.06380911 0.026337188 -0.262992 0.0 -0.09195880091114388
-0.066501945 0.0012912183 0.016133167 -0.013211081 0.0047951797 -0.04311351 -0.07887854 -0.16257241 0.0 0.36603627 0.44269034 0.20375761 0.53661525 -0.2971752 -0.32887092 -0.13489653 -0.42279583 -0.17868991 -0.32582104 -0.04764332 0.07822854 0.006756203 -0.030836906 -0.027490396 -0.05335938 0.25249168 0.44866452 -0.07303146 0.05498571 0.038269848 0.03667548 -0.045297362 -0.042205326 0.028761711 0.006851195 -0.029885761 -0.088815905 -0.5679294 0.0 -0.09024431084836779
-0.0688747 0.0031279754 -0.12534082 -0.06605299 0.013578661 -0.046108488 0.09434074 -0.11300734 0.0 0.28769934 0.5002328 0.11177706 0.5650988 -0.234175 -0.3731534 -0.058252715 -0.4380194 -0.1182795 -0.3471748 0.13886885 0.16319966 0.013474784 -0.028712545 0.07551612 0.058932323 0.17538223 0.48701838 0.20020445 0.056938723 0.033227473 0.041687075 0.10008297 -0.022584073 0.02921386 0.010857571 0.0995711 0.010675159 -0.65107805 0.0 -0.08882017838006309
-0.07034523 0.0074104075 -0.14057091 0.012291442 0.027950129 -0.047157444 0.14881322 -0.18903089 0.0 0.17712675 0.55150086 -0.008661577 0.5767783 -0.14347436 -0.4140928 0.042313967 -0.43937021 -0.03392702 -0.36195016 0.24786909 0.0036647979 0.024079768 -0.022764413 0.18533973 0.0685678 0.07002062 0.514625 0.07109104 -0.0013645963 0.027636617 0.04595996 0.13447125 -0.10540654 0.030679202 0.014895895 0.1446583 -0.078733064 -0.8717067 0.0 -0.08743583163446444
-0.072107635 0.010836655 -0.082109585 -0.08581749 0.039300673 -0.03459611 0.100840464 0.27116832 0.0 0.09636136 0.57355034 -0.091119304 0.5708582 -0.07676098 -0.42903876 0.110719696 -0.42634657 0.024832433 -0.36162025 0.059949785 0.03936956 0.030919591 -0.01534143 0.08631873 0.13137098 -0.0036348733 0.5215728 0.15383796 0.108110085 0.024078852 0.0483648 0.08463915 0.0070601604 0.031991657 0.018138628 0.10203198 -0.0349227 -0.3202649 0.0 -0.0906525063713125
-0.07550938 0.010959283 0.068316676 -0.1025345 0.0427104 -0.020136211 -0.07184008 0.28388214 0.0 0.02659089 0.5843526 -0.1592157 0.5592099 -0.025121082 -0.43175864 0.16068552 -0.4066159 0.06790498 -0.35649252 -0.04611613 -0.03919572 0.03089585 -0.008399668 -0.11073654 0.050607484 -0.06671344 0.5205884 -0.13068603 0.07150919 0.01852908 0.051423747 -0.037177473 0.009670333 0.030044219 0.0227725 -0.051560767 0.07701492 -0.5075349 0.0 -0.09402989025221256
-0.078770995 0.01237932 -0.07410431 -0.11349669 0.044700895 -0.0039404808 0.04358507 0.28743804 0.0 -0.06307908 0.5850302 -0.24281603 0.53163654 0.041950032 -0.4269605 0.22168697 -0.37356687 0.12567662 -0.3410295 0.20486648 0.066837095 0.032734346 -0.0010875195 0.090296 0.080831185 -0.14529899 0.5082222 0.12405598 0.16947569 0.011954931 0.055168238 0.12303446 0.031788863 0.028196022 0.028642774 0.11622222 0.070938624 -0.58790374 0.0 -0.09835995239274198
-0.082796715 0.01449542 0.031633727 -0.13500905 0.042425234 0.015046893 -0.09471963 0.29495883 0.0 -0.17919566 0.5650292 -0.34456667 0.4766625 0.12672256 -0.40531623 0.29209358 -0.31694952 0.1927926 -0.305516 -0.05584551 0.08803265 0.03137362 0.008898357 -0.069913216 0.09969177 -0.24412668 0.47284427 -0.048262868 0.06594089 0.0022997689 0.05914805 0.02214189 0.07620325 0.024011383 0.036720704 0.017360229 0.111175135 -0.82225657 0.0 -0.10177476121181038
-0.08418995 0.015263821 -0.02247144 0.0023117478 0.03447854 0.030339655 -0.0721314 0.13580166 0.0 -0.30101603 0.5123976 -0.44251767 0.3893791 0.21358071 -0.36529624 0.35508233 -0.24227782 0.256976 -0.25286132 0.09468721 0.05544255 0.028266886 0.016758699 0.035898212 -0.013134856 -0.34335628 0.40845272 0.043192856 0.068899535 -0.009171865 0.058356054 0.09441668 -0.04729419 0.017236086 0.041791476 0.07349663 -0.017834585 -0.79853773 0.0 -0.1083334069422093
-0.08260583 0.013452089 0.012554868 0.12242076 0.025256759 0.037167516 -0.12559767 -0.004999866 0.0 -0.38140285 0.45327002 -0.5006552 0.3085802 0.27102387 -0.32743198 0.39027616 -0.18274218 0.2979225 -0.20909026 0.07726577 -0.15757814 0.026428888 0.018896552 0.031520836 -0.1181461 -0.40567634 0.34340987 -0.0023204794 -0.19318298 -0.016154382 0.052685227 0.06933801 -0.1531448 0.012752023 0.041057263 0.04447219 -0.13127087 -0.46075317 0.0 -0.1154982527515116
-0.07934412 0.010372967 -0.05323092 0.12972495 0.018959925 0.038295913 -0.066032685 -0.025035935 0.0 -0.41715035 0.41529122 -0.5238453 0.2611081 0.2984647 -0.3079317 0.40515962 -0.15374859 0.31654817 -0.19062363 0.047593594 -0.25491977 0.026540682 0.016421448 0.07157591 -0.14367753 -0.43197432 0.30423224 0.049115796 -0.0568846 -0.0168963 0.046158705 0.14252916 -0.1472302 0.0129992 0.03719757 0.119422466 -0.13766636 -0.19465895 0.0 -0.1232979942585544
-0.07773334 0.009062576 -0.0009458964 0.016020492 0.015203244 0.039900683 -0.11624492 0.08467278 0.0 -0.42092302 0.40886432 -0.52597994 0.25356042 0.30230752 -0.30674297 0.40736443 -0.15143909 0.31711674 -0.19129983 -0.098479055 -0.02955848 0.02721052 0.013560287 0.0021001627 -0.05724669 -0.4339067 0.2974074 0.037965048 -0.08088364 -0.0137288 0.04355721 0.10336764 -0.029477332 0.01620668 0.03455592 0.07281388 -0.040302206 0.064344704 0.0 -0.1304652117758252
-0.07587825 0.0070337458 -0.006577336 0.13051163 0.013165286 0.040049624 -0.10402546 -0.02854451 0.0 -0.40606615 0.42059886 -0.5164887 0.26906303 0.2917025 -0.31985718 0.40212503 -0.16832133 0.30883527 -0.20305513 -0.0075569116 -0.025005091 0.02877809 0.009607752 0.039968185 -0.12617134 -0.4227957 0.31007525 -0.011196026 -0.062179472 -0.008773374 0.040795974 0.08627184 -0.1408876 0.020802101 0.030420844 0.11329122 -0.15044068 0.17007029 0.0 -0.13918733409693665
-0.072241314 0.0047846143 -0.06547639 0.11204572 0.014352918 0.038386915 -0.033688027 -0.0042551216 0.0 -0.36884958 0.44846314 -0.49135002 0.30651283 0.26571825 -0.34682292 0.38821873 -0.20487261 0.29356882 -0.23080526 0.12884079 -0.13716175 0.030107269 0.0026084988 0.010150006 -0.13272779 -0.39406878 0.33937567 0.10119428 -0.17786086 -0.0008301838 0.036842063 0.17320547 -0.12243014 0.027426504 0.023818107 0.13893507 -0.13133883 0.38007557 0.0 -0.14900496002639493
-0.068960294 0.004751077 -0.07310645 0.042957235 0.01922429 0.037347164 -0.0070707453 0.07497258 0.0 -0.29723927 0.4950425 -0.4391675 0.37251648 0.21430467 -0.38443404 0.3562329 -0.26190802 0.26289335 -0.2747078 0.21449919 -0.06337995 0.03296061 -0.00452245 0.13231407 -0.047309168 -0.33800036 0.3911741 0.061058916 0.02596868 0.009426349 0.03275273 0.13933197 -0.0925031 0.03572733 0.015767721 0.17863286 -0.08660881 0.62425745 0.0 -0.1587681237069041
-0.06601404 0.0037154537 0.019495474 0.11425979 0.030010005 0.02634624 0.05238191 -0.22564706 0.0 -0.18769526 0.54280925 -0.3519319 0.4523517 0.13050853 -0.4235771 0.29474518 -0.3331195 0.20185785 -0.32689446 -0.049496427 -0.11320888 0.03247334 -0.016364109 -0.011183578 -0.17910393 -0.24863102 0.44920662 0.0020926942 -0.18652289 0.017454157 0.025002878 -0.013362394 -0.16934979 0.03996911 0.0032472175 0.008669606 -0.17512783 0.83780545 0.0 -0.16215737435261796
-0.06346861 0.003007262 0.034885786 0.116107 0.037610423 0.008260064 0.07144467 -0.33476406 0.0 -0.05591587 0.56897473 -0.23672163 0.5193207 0.028099943 -0.44497672 0.20890571 -0.39532268 0.121632904 -0.3682891 0.06669595 -0.1564955 0.027403079 -0.026509281 -0.054597802 -0.11036265 -0.13677788 0.49245963 -0.026464779 -0.047163785 0.026211862 0.017809728 0.07000544 -0.11330738 0.03965551 -0.010068381 -0.027316105 -0.15226795 0.8571233 0.0 -0.16287620299820962
-0.060422625 -0.00020072608 0.10016179 0.08157775 0.037095707 -0.011733731 -0.049473997 -0.3128154 0.0 0.07602728 0.5630673 -0.11138152 0.5572203 -0.080197036 -0.4422934 0.10721177 -0.4364463 0.03199669 -0.38938636 0.001068838 -0.02078654 0.015224256 -0.034725334 -0.16611284 -0.060880333 -0.020424172 0.507128 -0.112367645 -0.15523256 0.030002585 0.0069740447 0.015085466 -0.11535037 0.032600373 -0.023489488 -0.12176022 -0.11745905 0.8511924 0.0 -0.1634294843462455
-0.059779815 -0.003216661 0.07782415 -0.036081646 0.030761462 -0.027115004 -0.076796696 -0.19440097 0.0 0.1893636 0.53450084 0.0048976648 0.568095 -0.17427142 -0.41572323 0.010194506 -0.44931746 -0.05160969 -0.38843212 -0.064055845 -0.03707948 0.003983387 -0.03522115 -0.079774074 0.10324961 0.08360827 0.50025713 -0.043771937 0.09713029 0.030695725 -0.0016909165 -0.0037579464 -0.028498558 0.023761682 -0.031220002 -0.07014318 -0.00606559 0.69894856 0.0 -0.16468755892729708
-0.059977867 -0.007001708 0.12020651 -0.03551417 0.021775478 -0.03746284 -0.15260431 -0.1865414 0.0 0.26326203 0.5017904 0.08584733 0.56245565 -0.23770078 -0.38375607 -0.06028608 -0.44442135 -0.1141576 -0.37548447 -0.21370214 0.06552793 -0.0038081685 -0.032224342 -0.081690595 0.08551642 0.15352264 0.48314592 -0.15432158 -0.03033429 0.029196434 -0.007580985 -0.028676236 -0.054607604 0.015688077 -0.034771193 -0.10583265 -0.015991693 0.4311483 0.0 -0.16617958085763326
-0.060668558 -0.010394378 0.07016872 -0.055606075 0.01440014 -0.044223957 -0.1180818 -0.15756413 0.0 0.29785904 0.4822628 0.12557834 0.55626017 -0.26907435 -0.36257023 -0.09679366 -0.4365676 -0.14548154 -0.363251 -0.015902342 0.053080395 -0.00958553 -0.029961864 -0.11196035 0.010704137 0.18737996 0.47218126 -0.023846608 0.10872476 0.027827116 -0.011141534 -0.023782674 -0.04239705 0.009924349 -0.03573229 -0.087797 0.0006371201 0.16748753 0.0 -0.16701000899304452
-0.06221846 -0.01410596 0.08942907 -0.08830033 0.008860237 -0.0485589 -0.14107175 -0.11806239 0.0 0.30667797 0.47789267 0.13623247 0.5560245 -0.28047055 -0.3530182 -0.110025056 -0.43115002 -0.1573786 -0.3553998 -0.15105586 0.15568112 -0.012826241 -0.02844834 -0.07517158 0.025996462 0.19586283 0.47000495 -0.1299857 0.026956053 0.026636755 -0.012513311 -0.030126728 -0.022727739 0.005856038 -0.035145834 -0.09123484 0.0222078 0.031228635 0.0 -0.1681732584031609
-0.06409654 -0.017322084 0.05832459 -0.08150502 0.006007302 -0.052180227 -0.10481586 -0.120326005 0.0 0.29543352 0.4865852 0.12354805 0.561496 -0.27597636 -0.35522652 -0.104090884 -0.43013737 -0.1524051 -0.35400885 0.009958342 0.09860296 -0.0142527865 -0.026759055 -0.055138413 0.055421304 0.18513332 0.47679964 -0.012468723 0.13557251 0.026319783 -0.012777527 -0.021192232 -0.030005822 0.0039182627 -0.034197316 -0.079031415 0.018259728 -0.13636436 0.0 -0.16879345718932803
-0.06531766 -0.02080734 0.09089088 -0.0651721 0.0049393233 -0.056103118 -0.12502614 -0.13357206 0.0 0.26473933 0.5047948 0.088910736 0.56991434 -0.2583934 -0.36783823 -0.082564816 -0.43295777 -0.13555306 -0.3597254 -0.16280304 0.04726418 -0.014872481 -0.026027102 -0.06178816 0.048772506 0.15501069 0.48839775 -0.1294152 0.003272874 0.02587223 -0.012945417 -0.03770569 -0.0574059 0.0026569173 -0.033834178 -0.094375655 -0.0017095907 -0.24860209 0.0 -0.16981684500754696
-0.06776145 -0.022464251 -0.008876506 -0.0943709 0.0075184023 -0.059365395 -0.009978504 -0.10105788 0.0 0.22582492 0.5257735 0.045667615 0.57773113 -0.2314396 -0.38310784 -0.051282298 -0.43506545 -0.110518664 -0.36433092 0.009830789 0.19255726 -0.014117613 -0.026463635 -0.016762927 0.0005295425 0.11790392 0.5015752 0.048233658 0.15380199 0.02699888 -0.012074275 0.03045643 -0.013753028 0.0038823204 -0.033098616 -0.024359722 0.01343866 -0.27983975 0.0 -0.17027933076422166
-0.0673847 -0.024001991 0.073195376 0.06255751 0.013320036 -0.06457022 -0.06812894 -0.2536488 0.0 0.15820439 0.54932827 -0.026957367 0.57884735 -0.18439232 -0.40868205 0.0007694388 -0.4382011 -0.066019416 -0.37465194 -0.031978235 -0.102700405 -0.014108669 -0.03010687 -0.14187747 -0.10543717 0.054193273 0.511653 -0.08914694 -0.13124159 0.027787333 -0.012745907 -0.03895011 -0.17669967 0.0057559274 -0.034839567 -0.098384105 -0.14248265 -0.5455778 0.0 -0.1706077905446955
-0.06467082 -0.023381904 -0.07141197 0.0883838 0.0210478 -0.07185881 0.09513844 -0.27298245 0.0 0.10229411 0.55976844 -0.08490383 0.5704072 -0.14164375 -0.4279818 0.04555419 -0.43862054 -0.028443785 -0.3823317 -0.017728673 -0.071649946 -0.010471756 -0.03650726 0.09453492 -0.16650403 0.0027800796 0.5121912 0.085545376 -0.016579164 0.030913189 -0.016521662 0.11186327 -0.20935939 0.009761468 -0.039307304 0.09676546 -0.15151855 -0.24462616 0.0 -0.1709782136390042
-0.06338191 -0.019151824 -0.14048107 0.008762268 0.026528476 -0.079261355 0.16483122 -0.18832766 0.0 0.10255932 0.55896837 -0.08470807 0.56830496 -0.13450323 -0.4304545 0.05276417 -0.43979108 -0.022087723 -0.38224065 0.18128423 0.06935131 -0.0048430455 -0.04024296 0.18096955 -0.06799688 0.0037460434 0.51030004 0.1492135 -0.080698974 0.03728643 -0.021410255 0.20882563 -0.114221446 0.015044616 -0.04339292 0.17085811 -0.0824584 0.11869286 0.0 -0.17152434470212138
-0.06442807 -0.017797992 0.014259266 -0.05637113 0.021336626 -0.08634834 -0.005775644 -0.11985481 0.0 0.15204881 0.54884326 -0.03370722 0.57435685 -0.16977991 -0.416342 0.01597612 -0.4418556 -0.050906256 -0.37729046 0.08819165 0.040799484 -0.008361588 -0.041297846 -0.08770226 -0.010215951 0.049362086 0.5092952 -0.017608922 0.12782541 0.03799274 -0.027840264 0.009918706 -0.068758786 0.012820561 -0.046178274 -0.02774772 -0.019237665 0.43851042 0.0 -0.1712251578825065
-0.066167064 -0.021000471 0.122808084 -0.07273578 0.01154918 -0.09116308 -0.12806004 -0.0989611 0.0 0.19196087 0.5375767 0.008784945 0.577612 -0.20473696 -0.39932626 -0.02156104 -0.43936163 -0.08148352 -0.37263548 -0.11074658 -0.056465883 -0.016511135 -0.040545024 -0.18129025 -0.005848327 0.086652525 0.5058098 -0.11590763 0.00046425368 0.033538893 -0.032692615 -0.104513325 -0.055600066 0.006052292 -0.047136795 -0.1291456 -0.0007300796 0.1800707 0.0 -0.16994895572619145
-0.06927397 -0.022913778 -0.01935815 -0.12755305 0.008120773 -0.093554795 0.010578932 -0.039463434 0.0 0.20257695 0.53670585 0.020323316 0.58074975 -0.21457724 -0.39126968 -0.032323603 -0.43531352 -0.092039764 -0.3690931 -0.051214334 0.1262426 -0.018394338 -0.039448895 0.04143926 0.044090554 0.09642575 0.50762194 0.006886414 0.19809203 0.032401405 -0.034263726 0.051439982 0.0024591375 0.0038313244 -0.04650204 0.03162449 0.04402456 0.010437015 0.0 -0.16997632392828896
-0.07111516 -0.025098823 0.10000349 -0.02303779 0.010258041 -0.09638351 -0.101613544 -0.13979065 0.0 0.17773265 0.5470801 -0.006232392 0.583317 -0.19949597 -0.39782986 -0.01553093 -0.4340668 -0.07768015 -0.3698096 -0.0324087 0.05853431 -0.019720482 -0.041308615 -0.15763322 -0.07303093 0.073176086 0.5131385 -0.07581441 -0.045481402 0.03265328 -0.03497624 -0.09632961 -0.107486345 0.003963176 -0.04669545 -0.11565333 -0.05430233 -0.25953192 0.0 -0.16912289325996824
-0.073692724 -0.027442064 0.02809984 -0.1322813 0.015176636 -0.09793351 -0.018758869 -0.025985336 0.0 0.13767877 0.56086063 -0.04834312 0.5843576 -0.17366031 -0.40775913 0.012361586 -0.4312561 -0.054374207 -0.37144226 -0.09070917 0.102631025 -0.02191783 -0.04141992 -0.13997358 0.109718695 0.035288632 0.5200254 -0.069846675 0.19127567 0.033507787 -0.034232136 -0.012041068 0.0012872028 0.0050395154 -0.046095848 -0.028591257 0.054053243 -0.24323797 0.0 -0.16850639225571767
-0.0763487 -0.02994071 0.09459612 -0.052842353 0.021908501 -0.09866011 -0.07227484 -0.099896215 0.0 0.08651161 0.5733805 -0.10084224 0.5807823 -0.14031844 -0.41843823 0.047035407 -0.42584002 -0.02613592 -0.37046668 -0.12904851 0.15490422 -0.024039578 -0.041449726 -0.19682534 0.019592457 -0.011498555 0.52379966 -0.03648089 0.008794083 0.034726273 -0.032884777 -0.07387466 -0.077869765 0.0067592706 -0.04544159 -0.09035645 -0.0275853 -0.35302818 0.0 -0.16746296238582078
-0.07801633 -0.03111885 -0.006350124 -0.049453173 0.032883573 -0.098883905 0.044704232 -0.095860586 0.0 0.02004202 0.5810541 -0.16695236 0.5672936 -0.09356302 -0.43000978 0.09343136 -0.41624928 0.014502068 -0.36864474 0.040097136 0.021185298 -0.020735295 -0.043412488 0.065454714 0.026001638 -0.07211698 0.52086943 -0.057001892 0.08260455 0.03806324 -0.031540196 0.038947366 -0.07937882 0.011025692 -0.04553598 0.02137343 -0.031402834 -0.4423952 0.0 -0.16742728123349265
-0.08022532 -0.031981356 0.06670352 -0.063030414 0.048113536 -0.09532548 -0.00836229 -0.071162716 0.0 -0.06953288 0.5793462 -0.25228563 0.5374214 -0.028686933 -0.43725988 0.15406582 -0.39533514 0.06770288 -0.3621742 -0.15100893 -0.018415986 -0.012988804 -0.045487702 -0.0030887073 0.002861957 -0.15104586 0.50626737 0.0055364463 0.06504516 0.04349699 -0.0271762 0.013613173 -0.042977743 0.01807183 -0.04400384 -0.009551838 -0.007551607 -0.61773944 0.0 -0.16671455356791628
-0.08453057 -0.03313317 0.06914332 -0.123467684 0.0629117 -0.08669787 0.008190851 0.0038161927 0.0 -0.16571021 0.5638178 -0.33918834 0.49267292 0.040251043 -0.4325437 0.21372916 -0.36139882 0.121218264 -0.346724 -0.11180597 -0.0015115411 -0.005820392 -0.0464339 -0.0011880097 0.0095385015 -0.23463601 0.47848088 -0.14093603 0.115987435 0.047525335 -0.01965954 0.008824319 0.014833167 0.024349637 -0.03928095 -0.01527289 0.04871589 -0.5739349 0.0 -0.16559746971759312
-0.0870368 -0.03431685 0.06146938 -0.004826016 0.07844936 -0.07578365 0.033705235 -0.09608191 0.0 -0.26757175 0.5258801 -0.42526937 0.42445174 0.11568178 -0.41660225 0.27337942 -0.31517392 0.17970926 -0.31877694 -0.049942125 0.030433686 0.0027113832 -0.048008196 0.0015637242 -0.06543196 -0.31967124 0.43002006 -0.0012537969 0.047880918 0.051095325 -0.012558077 0.028175991 -0.095778145 0.030876894 -0.034953102 0.00032117838 -0.062764384 -0.7092851 0.0 -0.16452943285393468
-0.08977021 -0.036269218 0.1220225 -0.03817155 0.09103688 -0.06267408 -0.013375573 -0.04204698 0.0 -0.36004582 0.4706378 -0.49721205 0.34280324 0.18457225 -0.38875 0.32173848 -0.26091543 0.22934961 -0.28240496 -0.16977553 -0.047054935 0.009817841 -0.0461949 -0.08335141 0.07252801 -0.3947742 0.36708504 -0.18391754 0.0019552317 0.05301433 -0.005183732 -0.0073258444 -0.03363424 0.03603943 -0.029987184 -0.03646272 -0.008593768 -0.60093164 0.0 -0.16263951682505487
-0.093965404 -0.03772006 0.11772129 -0.05944504 0.09845736 -0.050267503 -0.0022752786 -0.0034998578 0.0 -0.42504266 0.4186562 -0.5434909 0.2733074 0.23170258 -0.3584165 0.35015082 -0.21306771 0.2606439 -0.24714932 -0.13809599 0.115231134 0.013319785 -0.041361682 -0.071584426 0.10786778 -0.445323 0.31190825 -0.077186935 0.12029992 0.053237632 0.0017229659 0.0054809777 0.0033115887 0.038813885 -0.024526745 -0.021603834 0.022152908 -0.42255986 0.0 -0.16156177931465365
-0.09827499 -0.039501436 0.13792652 -0.010337485 0.10302976 -0.039318703 -0.019181184 -0.03751093 0.0 -0.47528008 0.36740264 -0.57608926 0.20930852 0.26707947 -0.3283405 0.36788866 -0.17024636 0.28469086 -0.21242064 -0.030030435 0.07555076 0.014801842 -0.036582388 -0.09778884 0.08200158 -0.48350728 0.25886315 -0.18464185 -0.04465108 0.052471466 0.007246481 -0.009354462 -0.034224946 0.040284816 -0.01998282 -0.034198813 -0.018533813 -0.41504174 0.0 -0.15977093783993887
-0.10165081 -0.04254624 0.123926274 0.055520494 0.10642942 -0.030023742 -0.003859296 -0.08899843 0.0 -0.5174648 0.31118432 -0.60012 0.14288585 0.29747185 -0.29794168 0.380127 -0.1296432 0.30346578 -0.18037839 -0.12732813 -0.089847684 0.01487455 -0.03671623 -0.11344259 -0.14080215 -0.51386464 0.20284472 -0.10803266 0.009882369 0.051293887 0.010160895 -0.00077215815 -0.115036264 0.041191213 -0.017590389 -0.029551571 -0.09460989 -0.38873553 0.0 -0.15680785266742053
-0.104666054 -0.046302207 0.12140376 0.07333653 0.108712174 -0.022785448 -0.0019044104 -0.09450448 0.0 -0.5492111 0.25737038 -0.6152484 0.08188442 0.3206767 -0.2703146 0.38671404 -0.09482865 0.31686765 -0.15163428 -0.04242245 0.0063444013 0.016677292 -0.03819149 -0.009978666 -0.044617955 -0.535363 0.1493561 -0.13757235 -0.1478835 0.05035247 0.011151592 0.009595562 -0.11425406 0.041962393 -0.016866582 -0.018534241 -0.09680953 -0.31932402 0.0 -0.1542318070110415
-0.107108414 -0.05041399 0.097201705 0.102599226 0.11040015 -0.019276265 0.020246545 -0.115541525 0.0 -0.5684241 0.21760665 -0.6228217 0.038170986 0.33416846 -0.25194937 0.38856605 -0.07251371 0.32549196 -0.13276112 -0.003793364 -0.11244898 0.016619919 -0.039308313 -0.1250252 -0.08131286 -0.5481776 0.111011304 -0.12185215 -0.034198057 0.050514616 0.010110699 0.036340058 -0.13457479 0.043074917 -0.017857648 0.011660694 -0.11869134 -0.1785969 0.0 -0.15167574754598254
-0.10915033 -0.054480944 0.089249104 0.09994066 0.11178971 -0.019490749 0.025441824 -0.1089352 0.0 -0.578022 0.19620596 -0.62674326 0.015146612 0.3389066 -0.24470025 0.38762787 -0.0636409 0.32682562 -0.12672484 -0.13930671 -0.13941067 0.016354436 -0.040740687 0.008822428 -0.04292041 -0.55412537 0.09001804 -0.05462316 -0.16285686 0.05170431 0.0073222485 0.045039468 -0.12922607 0.044396833 -0.020359427 0.025272401 -0.114571534 -0.06888698 0.0 -0.14787823997426036
-0.11240053 -0.05788454 0.13061935 0.053756543 0.111703664 -0.021342026 -0.01888707 -0.06162719 0.0 -0.5835647 0.18913741 -0.6308472 0.0076970174 0.33683488 -0.24447626 0.38411736 -0.06303586 0.32480446 -0.127054 -0.045031715 -0.047955636 0.016922453 -0.041838426 0.0023043847 -0.03489295 -0.5589349 0.08354775 -0.16139595 0.011770546 0.052216932 0.0043257154 0.004316466 -0.08059912 0.04455672 -0.022928609 -0.009456111 -0.06702682 -0.0016959538 0.0 -0.14515875517217564
-0.11432358 -0.057991866 0.011612776 -0.05357384 0.11328459 -0.022252237 0.09709856 0.044919997 0.0 -0.5837018 0.19484434 -0.6326353 0.013842232 0.33270922 -0.24713655 0.38164276 -0.06613444 0.32367304 -0.13001715 0.023860622 0.029391287 0.018447625 -0.039066233 0.08188767 0.1586263 -0.559829 0.08869975 0.020501425 -0.010683414 0.0549812 0.0033492418 0.124622285 0.02885522 0.046833638 -0.023440082 0.1272579 0.037006915 0.053013507 0.0 -0.14090762269339008
-0.11757722 -0.057353903 0.13972981 -0.031981867 0.11424271 -0.018994456 -0.03374956 0.025484685 0.0 -0.59015304 0.18559551 -0.635783 0.0037325076 0.33415297 -0.23962754 0.37978297 -0.05776454 0.32229865 -0.1253407 -0.20025645 -0.0847443 0.019585438 -0.036985487 -0.025073752 -0.019715866 -0.5644226 0.08032143 -0.16726011 0.09890315 0.05652096 0.0049137804 -0.0041301837 0.0060458416 0.04890353 -0.021679109 -0.002938207 0.01588793 -0.14362775 0.0 -0.13619117047906576
-0.12176287 -0.057124816 0.116917014 -0.039203245 0.11422376 -0.014395995 -0.013584178 0.036112685 0.0 -0.599718 0.16813332 -0.63962895 -0.01506976 0.3374541 -0.22792819 0.37736505 -0.044725116 0.32224634 -0.11570687 -0.066894144 0.037651792 0.019307774 -0.038743608 -0.07282324 -0.09183957 -0.57035553 0.06345195 -0.078090474 -0.021680776 0.056958143 0.007103075 0.02041721 0.019572198 0.05020183 -0.019375687 0.02106264 0.029587675 -0.0928763 0.0 -0.1314541838062248
-0.12651226 -0.056425523 0.13337517 -0.047792718 0.11351565 -0.008660361 -0.032724682 0.04846256 0.0 -0.6100127 0.14763217 -0.6432015 -0.03690714 0.3410081 -0.21391413 0.37419692 -0.029374832 0.3210545 -0.10091611 -0.20243262 0.11861982 0.019450884 -0.038230624 0.00090818363 0.043763783 -0.5766903 0.044636134 -0.15513791 0.11792378 0.05679677 0.010169488 0.0045821667 0.03134951 0.05101158 -0.016180927 0.0045553963 0.041830126 -0.15852873 0.0 -0.1271877006588013
-0.13127609 -0.056599345 0.14158323 0.0030663812 0.112363145 -0.002069308 -0.04375653 0.002730308 0.0 -0.621671 0.11582244 -0.64512455 -0.07020493 0.3470214 -0.19529057 0.37047496 -0.009263193 0.32057664 -0.08343758 -0.11883136 -0.04840333 0.020334518 -0.03431493 -0.056240365 0.10696945 -0.5828516 0.014385037 -0.11647731 -0.06945273 0.056147967 0.013299154 -0.0028019059 -0.010038707 0.05175015 -0.012971818 -0.0029856549 0.00021295826 -0.20881914 0.0 -0.12164247070881819
-0.13346401 -0.059134603 0.030333582 0.112732224 0.113154255 0.0012225707 0.06454059 -0.10259816 0.0 -0.628825 0.08398798 -0.64347017 -0.102939196 0.35347474 -0.18104677 0.36811993 0.0058804103 0.32074383 -0.06994689 -0.10047795 -0.049624182 0.023583185 -0.034187477 0.108315825 -0.11319877 -0.58543587 -0.015103913 -0.059506424 -0.045689967 0.0577881 0.01354975 0.10835986 -0.1137558 0.05460161 -0.01254674 0.10735253 -0.1033843 -0.1416445 0.0 -0.11620704403294596
-0.13487609 -0.06252063 0.062397018 0.08378683 0.11459892 -0.0014762778 0.02995478 -0.07373145 0.0 -0.6306607 0.079435214 -0.6449242 -0.10752147 0.35217807 -0.18359354 0.36644158 0.0033631397 0.3184021 -0.07284666 -0.053125866 -0.14352961 0.026268046 -0.035644833 0.053366486 -0.003179691 -0.58694035 -0.019914139 -0.03479455 -0.14946362 0.060803458 0.010396317 0.076260254 -0.08350252 0.05764022 -0.015355721 0.07533164 -0.07315843 0.08083123 0.0 -0.10980591695384992
-0.13851951 -0.06339095 0.13471065 -0.035496913 0.11376623 -0.006361459 -0.044471003 0.041628115 0.0 -0.6306353 0.10453681 -0.65247816 -0.08168655 0.34071308 -0.19818176 0.36255595 -0.011958401 0.31261095 -0.08614149 -0.081629 0.07939661 0.025632488 -0.03622085 0.0062249033 0.033915926 -0.5911496 0.0038899728 -0.160952 0.10350143 0.062160738 0.007276118 0.0038418372 0.029255252 0.057923093 -0.017965302 0.0029052577 0.039860707 0.18655649 0.0 -0.1037257520526087
-0.1431244 -0.06221632 0.12482978 -0.06403758 0.11195699 -0.009735659 -0.03678637 0.06586656 0.0 -0.6293699 0.13600314 -0.6599506 -0.048986245 0.32665938 -0.2120833 0.35724008 -0.027093912 0.3052957 -0.097433664 -0.09202248 0.105493 0.021359915 -0.033902112 -0.123162426 0.14875971 -0.59452873 0.033257864 -0.1014661 -0.003501816 0.06279482 0.005827707 0.013938024 0.051598445 0.05737415 -0.018830264 0.013916728 0.062109344 0.15664554 0.0 -0.09661220056016848
-0.14614156 -0.05895481 0.03545387 -0.13474396 0.112178475 -0.009257851 0.05028301 0.13401128 0.0 -0.627448 0.15817276 -0.66343796 -0.025840757 0.31796744 -0.21778719 0.35395738 -0.033773676 0.30029908 -0.1038241 -0.04349635 0.04185404 0.02078355 -0.028541714 0.09745975 0.18275754 -0.5957748 0.05484638 -0.057968736 0.2038045 0.06527934 0.0071714832 0.10218122 0.11681192 0.05913954 -0.016949141 0.102217324 0.12761062 0.06859216 0.0 -0.08937350794853213
-0.14912537 -0.056591477 0.10247432 -0.05814693 0.112564504 -0.0055009257 -0.01899547 0.05809288 0.0 -0.63117516 0.15608478 -0.6657106 -0.028207248 0.31718013 -0.21239664 0.35171562 -0.02810461 0.29984787 -0.09928521 -0.034856062 0.0892812 0.022718076 -0.026596773 0.012739795 -0.021418085 -0.5984974 0.05266988 -0.076317035 -0.008675862 0.067410626 0.009985696 0.03556545 0.041280307 0.061453767 -0.013811252 0.035304144 0.05221601 -0.091081545 0.0 -0.08158839370246448
-0.15324025 -0.055149056 0.11469951 -0.060305916 0.111566514 0.0013751575 -0.033492148 0.06367805 0.0 -0.6410585 0.13136539 -0.667798 -0.05421815 0.3219809 -0.19682877 0.34872037 -0.011245223 0.30248833 -0.08199154 -0.03164167 0.16488528 0.023111265 -0.026129838 -0.031192621 -0.019455332 -0.6039499 0.029895367 -0.1303672 0.1315853 0.06778538 0.0144684 0.024401367 0.0499255 0.062802754 -0.00917473 0.023334825 0.061205428 -0.19256929 0.0 -0.07411510781592165
-0.15698807 -0.05234294 0.08722277 -0.11034715 0.110529505 0.010488138 -0.008429977 0.11768667 0.0 -0.6504342 0.10140624 -0.66760725 -0.08530567 0.3281896 -0.17689519 0.34536263 0.009816724 0.3065133 -0.06230885 0.045819335 0.08267004 0.024325408 -0.021419814 0.020322941 0.18232667 -0.60800976 0.0016294902 -0.065580346 0.042214826 0.06822088 0.02098397 0.052460846 0.10826453 0.064407185 -0.002504189 0.050868757 0.119461335 -0.1830188 0.0 -0.06566266451319108
-0.16029263 -0.052293424 0.09458194 0.068023875 0.10886874 0.018244227 -0.018499123 -0.055873174 0.0 -0.658978 0.058762 -0.6638962 -0.12867348 0.33575973 -0.15490381 0.34067792 0.032531675 0.3078907 -0.043036353 -0.1201147 -0.10873591 0.026006114 -0.017942177 0.024913497 -0.04601429 -0.61033493 -0.037662737 -0.12441455 -0.0018498864 0.068129435 0.025736874 0.044744153 -0.06279472 0.0657732 0.002435166 0.042161282 -0.051466804 -0.26711488 0.0 -0.056526551770812866
-0.16443707 -0.053084634 0.13297504 -0.009451587 0.10636246 0.02240226 -0.059454598 0.024351414 0.0 -0.6649831 0.030458817 -0.66210425 -0.15701908 0.33777788 -0.1416651 0.334899 0.0458128 0.3028172 -0.032923605 -0.24022628 -0.05490896 0.027221337 -0.016426073 0.0028338875 0.0504235 -0.61215323 -0.06417915 -0.098446846 -0.053333774 0.06757305 0.02812697 0.005473496 0.023302529 0.06607794 0.0051300535 0.002105144 0.034567356 -0.07414819 0.0 -0.04645448322087398
-0.16810365 -0.055336278 0.08530477 0.113039725 0.10471006 0.022686837 -0.014028346 -0.09710105 0.0 -0.6690446 0.014744463 -0.6624087 -0.17263807 0.33696482 -0.13724656 0.3303289 0.05013597 0.29687732 -0.031299718 -0.1582154 -0.1697844 0.025809338 -0.017494522 -0.078093916 -0.102238595 -0.61452943 -0.07845141 -0.121191114 -0.04998349 0.06810612 0.027605336 0.05306001 -0.09892503 0.06695716 0.0049667507 0.049704205 -0.08762946 -0.0677596 0.0 -0.03530839495665536
-0.17065085 -0.05576088 0.076972805 -0.04774764 0.104428835 0.023105275 -0.0076375045 0.0635381 0.0 -0.67162585 0.011595361 -0.6642549 -0.1757597 0.33497208 -0.13644804 0.32760113 0.050907016 0.29415196 -0.030682782 -0.040682483 0.08760244 0.02636596 -0.018013533 0.06684325 0.037308834 -0.6165548 -0.081721365 -0.041345667 -0.014455834 0.070162274 0.027901245 0.06113767 0.06517333 0.06895647 0.0056576915 0.056666356 0.07688374 0.017418351 0.0 -0.02401637221254388
-0.17497513 -0.054730494 0.14192818 -0.00512377 0.10218165 0.025147554 -0.07452272 0.020936105 0.0 -0.67605394 0.008062417 -0.6674658 -0.1792408 0.33148468 -0.13343742 0.32289654 0.05386579 0.28846368 -0.02680472 -0.2442877 0.033545088 0.02646825 -0.016995661 -0.013734916 0.011516121 -0.6204823 -0.084481165 -0.17313702 0.07057991 0.07032574 0.02977185 -0.0030346322 0.021649513 0.06911687 0.0079223635 -0.0073802434 0.033474684 -0.049571116 0.0 -0.012565305201709287
-0.17884567 -0.053413372 0.10144346 -0.0463745 0.100456774 0.026843224 -0.0358215 0.061794832 0.0 -0.6799842 0.008941805 -0.67132473 -0.17835812 0.32760823 -0.13217416 0.31894875 0.055125766 0.2839486 -0.02415375 -0.05795697 0.096806556 0.027387906 -0.0146559775 0.04369362 0.08551228 -0.62418175 -0.08391648 -0.069096714 -0.017671952 0.07109664 0.031506095 0.037234128 0.063476205 0.069746785 0.010074951 0.032725457 0.07577266 0.02815042 0.0 0.0
