61
-0.3630663 0.03166231 0.10132036 -0.12635922 -0.30148828 0.30156264 -0.10132036 0.12635922 0.0 -0.44358304 0.75089663 -0.5896274 0.6333071 0.037516903 -0.14559604 0.18356124 -0.028006487 -0.36850688 0.61631095 -0.30932438 0.09107636 0.0 0.0 9.576321735761105
-0.36479655 0.03330662 -0.06286442 -0.053790227 -0.3191681 0.28511307 0.06286442 0.053790227 0.0 -0.48824725 0.7250042 -0.6268927 0.59877545 0.04632727 -0.14066684 0.1849727 -0.014438105 -0.40885997 0.5943551 -0.036831878 0.030616706 -0.36207035 0.0 9.529459892338433
-0.3630799 0.037282977 -0.1381083 -0.033781342 -0.32994545 0.2692593 0.1381083 0.033781342 0.0 -0.5223097 0.6994778 -0.65400547 0.5660144 0.057799187 -0.13636307 0.18949497 -0.002899698 -0.43910265 0.57237744 0.054719772 0.009654469 -0.08031087 0.0 9.521400880059605
-0.3599281 0.040880825 -0.14162314 -0.0033951472 -0.33630174 0.25559253 0.14162314 0.0033951472 0.0 -0.5467143 0.67727786 -0.67263937 0.53835654 0.06827421 -0.13324381 0.19419928 0.0056774816 -0.46075535 0.5529573 0.07182367 -0.020026553 -0.19988373 0.0 9.49771435601668
-0.35630926 0.04405045 -0.14170656 0.0002968093 -0.34077242 0.24299501 0.14170656 -0.0002968093 0.0 -0.5667348 0.6565563 -0.6874018 0.51304424 0.07799607 -0.13051316 0.19866307 0.012998939 -0.47834787 0.53471386 0.083282895 -0.022336032 -0.09031342 0.0 9.481304927567304
-0.35247967 0.04696412 -0.141631 0.005767904 -0.3438759 0.23142016 0.141631 -0.005767904 0.0 -0.5835059 0.63721496 -0.6993193 0.48975816 0.087117046 -0.12791319 0.20293042 0.019543612 -0.49289557 0.51764363 0.09272644 -0.02608962 -0.13956311 0.0 9.456260729511998
-0.34853446 0.04972069 -0.14164005 0.0048419093 -0.3458499 0.22087914 0.14164005 -0.0048419093 0.0 -0.59754115 0.6193054 -0.7088805 0.46844187 0.09572495 -0.12536794 0.20706429 0.025495581 -0.5048855 0.5018286 0.10069383 -0.023302838 -0.086930744 0.0 9.434334086227771
-0.34449926 0.05234442 -0.14159371 0.0064625614 -0.34693244 0.2112142 0.14159371 -0.0064625614 0.0 -0.60939234 0.60263056 -0.71657735 0.44878766 0.103917986 -0.12286558 0.21110296 0.03097729 -0.51482433 0.48711568 0.10730186 -0.023051895 -0.10539706 0.0 9.408147058133391
-0.34039637 0.0548608 -0.14160979 0.0057824943 -0.3471858 0.20249984 0.14160979 -0.0057824943 0.0 -0.61914355 0.58737767 -0.7225325 0.43095848 0.11170324 -0.12044947 0.21509223 0.035969734 -0.52283007 0.47366995 0.11287529 -0.020552307 -0.0764806 0.0 9.382574517936487
-0.33623233 0.057275068 -0.14158553 0.0065404926 -0.34677044 0.19459416 0.14158553 -0.0065404926 0.0 -0.6271759 0.5733616 -0.7270793 0.41469344 0.119150594 -0.11812453 0.21905397 0.040543567 -0.5292529 0.46133393 0.11749491 -0.019597026 -0.08156328 0.0 9.354315001447173
-0.3320178 0.059599906 -0.14159118 0.006274492 -0.34576082 0.187479 0.14159118 -0.006274492 0.0 -0.63364106 0.5605968 -0.7303702 0.39997396 0.12628521 -0.11591503 0.22301438 0.04470787 -0.5342504 0.45011783 0.12138066 -0.017746897 -0.06480726 0.0 9.32551005674892
-0.32775816 0.06184126 -0.14157715 0.00666765 -0.34424597 0.18107954 0.14157715 -0.00666765 0.0 -0.63874704 0.548994 -0.7325908 0.3866684 0.13314572 -0.1138316 0.22698948 0.048493993 -0.53801966 0.43994105 0.12461021 -0.016698057 -0.06383935 0.0 9.294932689399474
-0.32346028 0.06400829 -0.14157617 0.0066211713 -0.3422743 0.17538087 0.14157617 -0.0066211713 0.0 -0.6425919 0.5385631 -0.73384106 0.37476486 0.13974921 -0.11189726 0.23099837 0.051900916 -0.54066426 0.43080664 0.12732106 -0.015352441 -0.05277769 0.0 9.26356727366675
-0.31912842 0.06610667 -0.14156501 0.006894583 -0.33991542 0.17030782 0.14156501 -0.006894583 0.0 -0.6453476 0.52919936 -0.7342673 0.36412504 0.14612919 -0.11011334 0.23504888 0.054961 -0.5423427 0.4226202 0.12957911 -0.014467244 -0.049649663 0.0 9.23086097672014
-0.3147677 0.06814438 -0.14156084 0.0069435574 -0.33720016 0.16584995 0.14156084 -0.0069435574 0.0 -0.64707536 0.5209124 -0.7339337 0.35474417 0.15229686 -0.108500324 0.2391552 0.057667904 -0.54312134 0.41538364 0.13147439 -0.013489559 -0.041432906 0.0 9.197312187218685
-0.31038168 0.070127144 -0.14155053 0.007167803 -0.33417377 0.16195458 0.14155053 -0.007167803 0.0 -0.6478879 0.51362973 -0.7329359 0.34652773 0.1582748 -0.107061826 0.24332283 0.06004018 -0.54310477 0.40902978 0.13305536 -0.012810064 -0.037400033 0.0 9.162541062604218
-0.30597416 0.072061606 -0.141544 0.007278339 -0.3308747 0.15857372 0.141544 -0.007278339 0.0 -0.6478833 0.507282 -0.7313556 0.33938733 0.16408283 -0.105798095 0.24755509 0.062096607 -0.5423831 0.40349475 0.13438316 -0.0121294195 -0.031358205 0.0 9.126827388567971
-0.30154827 0.07395365 -0.14153516 0.007453218 -0.3273335 0.1556665 0.14153516 -0.007453218 0.0 -0.6471401 0.50181055 -0.7292575 0.33324906 0.16973703 -0.10471068 0.25185448 0.063850805 -0.5410287 0.39872378 0.13549416 -0.011614774 -0.027252432 0.0 9.090021899357847
-0.29710686 0.075808994 -0.14152725 0.0075910613 -0.3235701 0.1532078 0.14152725 -0.0075910613 0.0 -0.64570683 0.49718437 -0.72668415 0.3280722 0.17524739 -0.10380685 0.2562247 0.06530531 -0.5390885 0.39468598 0.13642678 -0.011153797 -0.022187812 0.0 9.052271874966586
-0.29265225 0.077632435 -0.14151694 0.007781478 -0.31960526 0.1511643 0.14151694 -0.007781478 0.0 -0.6436384 0.49335504 -0.7236797 0.32379788 0.1806252 -0.10308928 0.26066655 0.06646789 -0.536613 0.39133602 0.1372071 -0.010825887 -0.01820511 0.0 9.01349986595956
-0.2881867 0.07942887 -0.14150639 0.007962784 -0.31545043 0.14951822 0.14150639 -0.007962784 0.0 -0.64096195 0.49030292 -0.7202685 0.3204008 0.1858761 -0.102567285 0.2651826 0.06733482 -0.53362936 0.38865304 0.13786167 -0.010559695 -0.013671285 0.0 8.973804295555425
-0.28371218 0.08120284 -0.14149371 0.008182179 -0.31111464 0.1482527 0.14149371 -0.008182179 0.0 -0.6376993 0.4880091 -0.7164696 0.31785774 0.19100441 -0.10225052 0.2697747 0.06790086 -0.53015965 0.38661724 0.13840894 -0.010393636 -0.009634655 0.0 8.933110591210314
-0.27923042 0.08295844 -0.14147918 0.008425421 -0.3066142 0.14733167 0.14147918 -0.008425421 0.0 -0.6338981 0.48641455 -0.7123177 0.31610125 0.19601987 -0.102136575 0.27443945 0.06817672 -0.5262455 0.38517556 0.1388663 -0.010305733 -0.0057594413 0.0 8.891397139380999
-0.27474308 0.08469972 -0.1414631 0.008687273 -0.30195957 0.14672898 0.1414631 -0.008687273 0.0 -0.6295888 0.48547822 -0.7078348 0.3150851 0.20092842 -0.102227 0.27917445 0.06816611 -0.5219142 0.38429046 0.13924828 -0.010283706 -0.0020900504 0.0 8.848615521884291
-0.27025175 0.08643069 -0.14144549 0.008965336 -0.29715875 0.14642149 0.14144549 -0.008965336 0.0 -0.6247951 0.48516384 -0.7030375 0.3147691 0.20573446 -0.10252392 0.2839769 0.06787083 -0.5171872 0.38392878 0.13956673 -0.010318872 0.0014564515 0.0 8.804709097579602
-0.26575792 0.08815506 -0.14142597 0.009264358 -0.2922195 0.14638472 0.14142597 -0.009264358 0.0 -0.61954117 0.48543113 -0.6979418 0.31510913 0.21044233 -0.10302756 0.28884298 0.06729446 -0.5120857 0.3840542 0.1398312 -0.010410441 0.0047957585 0.0 8.7596658489113
-0.261263 0.08987668 -0.14140552 0.009567143 -0.28714725 0.14659777 0.14140552 -0.009567143 0.0 -0.61384445 0.48624596 -0.69255835 0.3160685 0.21505477 -0.10373907 0.29376867 0.0664384 -0.50662535 0.38463596 0.14005092 -0.01053633 0.008045201 0.0 8.713510883375415
-0.2567685 0.09159922 -0.1413835 0.0098833125 -0.28194624 0.14704114 0.1413835 -0.0098833125 0.0 -0.6077191 0.48757598 -0.68689525 0.31761307 0.21957356 -0.10465964 0.2987497 0.065303266 -0.5008187 0.38564494 0.14023219 -0.010701886 0.011150806 0.0 8.666267798224212
-0.25227565 0.0933261 -0.14135973 0.010213387 -0.27661976 0.14769612 0.14135973 -0.010213387 0.0 -0.6011769 0.48938987 -0.6809583 0.31971022 0.22399978 -0.10579051 0.30378118 0.06388913 -0.49467635 0.3870532 0.14038064 -0.010903907 0.014164896 0.0 8.617967430231898
-0.24778572 0.095060535 -0.141334 0.010559409 -0.2711704 0.14854461 0.141334 -0.010559409 0.0 -0.5942276 0.49165687 -0.6747515 0.32232836 0.22833386 -0.10713268 0.3088578 0.06219583 -0.48820686 0.3888333 0.1405009 -0.011141201 0.017062662 0.0 8.568689719388615
-0.24329992 0.09680559 -0.14130612 0.010922128 -0.26560077 0.1495682 0.14130612 -0.010922128 0.0 -0.58688104 0.49434486 -0.6682787 0.32543463 0.23257595 -0.108686216 0.3139736 0.06022403 -0.4814189 0.39095703 0.14059688 -0.011411725 0.019851306 0.0 8.518497031358041
-0.23887956 0.09870696 -0.14163938 0.0048505147 -0.2592833 0.1519682 0.14163938 -0.0048505147 0.0 -0.5770922 0.4999473 -0.66017854 0.3318613 0.23628028 -0.11126583 0.3193666 0.05682019 -0.47269365 0.39549276 0.14103363 -0.0052595506 0.04682494 0.0 8.470704781687086
-0.23451237 0.10073068 -0.14166556 0.004305495 -0.25291494 0.15442584 0.14166556 -0.004305495 0.0 -0.56717044 0.5056173 -0.65196097 0.33838448 0.23994742 -0.11383167 0.32473794 0.05340115 -0.46385795 0.4000945 0.14114822 -0.004647038 0.029889803 0.0 8.420075266500632
-0.23017648 0.102820344 -0.14168225 0.003573324 -0.24644913 0.15695603 0.14168225 -0.003573324 0.0 -0.55695575 0.5114664 -0.6435182 0.34514382 0.24353541 -0.11652258 0.33009785 0.049799975 -0.4547864 0.40484148 0.14124036 -0.0038582054 0.04383583 0.0 8.37033860063693
-0.22586133 0.10495287 -0.1416688 0.0041649686 -0.23991843 0.15947154 0.1416688 -0.0041649686 0.0 -0.54655516 0.51733446 -0.6349195 0.35196215 0.24706599 -0.11931435 0.33543035 0.046057932 -0.4455641 0.40959713 0.14129135 -0.0044024023 0.036071908 0.0 8.319467501512666
-0.2215665 0.10712583 -0.14166528 0.004206803 -0.233311 0.1619811 0.14166528 -0.004206803 0.0 -0.53592986 0.523248 -0.62613654 0.3588734 0.25052792 -0.122228876 0.34073457 0.042145714 -0.43616074 0.4143817 0.14134288 -0.0044045052 0.043056644 0.0 8.269309982823934
-0.21729076 0.10933626 -0.14164902 0.0047614034 -0.22662553 0.1644749 0.14164902 -0.0047614034 0.0 -0.52507627 0.52919275 -0.6171644 0.3658648 0.25391805 -0.125272 0.34600618 0.038055953 -0.4265738 0.41918203 0.14137365 -0.0049258596 0.04029772 0.0 8.218676224080703
-0.21303518 0.11158514 -0.14163806 0.0050407513 -0.2198616 0.16694681 0.14163806 -0.0050407513 0.0 -0.5139928 0.5351571 -0.6079996 0.37292588 0.25723347 -0.12844394 0.3512403 0.033787258 -0.4168025 0.42398798 0.14140284 -0.0051774085 0.043946262 0.0 8.16838706649586
-0.20879999 0.113872245 -0.14162032 0.0055329157 -0.21302822 0.16937739 0.14162032 -0.0055329157 0.0 -0.5027084 0.54109955 -0.5986601 0.38001102 0.26047862 -0.13173167 0.35643038 0.029356835 -0.4068699 0.4287651 0.14141941 -0.005646359 0.0430032 0.0 8.117961812345795
-0.20458604 0.11619818 -0.14160456 0.0059059868 -0.20614128 0.17174247 0.14160456 -0.0059059868 0.0 -0.49127293 0.54696494 -0.5891794 0.38705695 0.26366338 -0.1351109 0.36156982 0.024797117 -0.39681587 0.4334682 0.14143299 -0.006000075 0.044519965 0.0 8.067693576151527
-0.20039406 0.11856348 -0.1415853 0.0063512386 -0.19918588 0.1740567 0.1415853 -0.0063512386 0.0 -0.4796379 0.5527896 -0.5795218 0.39410922 0.2667736 -0.13860473 0.36665747 0.020075653 -0.38660234 0.43812624 0.14143878 -0.0064291884 0.044929054 0.0 8.017566825755804
-0.1962249 0.12096875 -0.14156558 0.006767725 -0.1921591 0.17631851 0.14156558 -0.006767725 0.0 -0.46779317 0.5585721 -0.56967825 0.40116915 0.26980415 -0.14221776 0.3716892 0.015185189 -0.3762215 0.44273755 0.14144047 -0.0068322257 0.046155628 0.0 7.967709920045465
-0.19207887 0.1234137 -0.14154184 0.007247557 -0.18507329 0.17850912 0.14154184 -0.007247557 0.0 -0.45577663 0.56427026 -0.55967426 0.40818846 0.27276197 -0.14593236 0.37665963 0.010149434 -0.3657037 0.44726756 0.14143501 -0.0073008677 0.0464188 0.0 7.918130638036765
-0.1879566 0.12589845 -0.14151682 0.0077131507 -0.1779291 0.18062437 0.14151682 -0.0077131507 0.0 -0.4435887 0.56987613 -0.54950905 0.4151598 0.2756447 -0.14974849 0.38156497 0.004967837 -0.35504958 0.4517094 0.14142562 -0.0077571594 0.04730499 0.0 7.868986467934308
-0.1838585 0.12842284 -0.14148808 0.008221156 -0.17072691 0.18266022 0.14148808 -0.008221156 0.0 -0.4312289 0.57538235 -0.5391808 0.42207667 0.27844957 -0.15366685 0.38640147 -0.00036116433 -0.34425902 0.45605668 0.14141023 -0.0082574375 0.04777962 0.0 7.82034952283283
-0.17978494 0.13098665 -0.14145626 0.008745133 -0.16346473 0.18461476 0.14145626 -0.008745133 0.0 -0.41868898 0.5807871 -0.52868235 0.4289395 0.28117162 -0.15769199 0.39116505 -0.0058443565 -0.33332583 0.46030742 0.14138983 -0.008775001 0.04860634 0.0 7.773020631757596
-0.17573647 0.13358986 -0.14142114 0.009291862 -0.15613948 0.18648677 0.14142114 -0.009291862 0.0 -0.40595722 0.5860904 -0.51800364 0.4357513 0.28380477 -0.16182981 0.39585125 -0.011490731 -0.32224104 0.46446106 0.14136446 -0.009316413 0.04931483 0.0 7.726818603481645
-0.17171372 0.13623263 -0.14138266 0.009854261 -0.14874695 0.18827552 0.14138266 -0.009854261 0.0 -0.39301825 0.5912935 -0.5071317 0.44251725 0.28634152 -0.16608788 0.400455 -0.017311653 -0.31099278 0.46851808 0.1413343 -0.009874404 0.05025066 0.0 7.681899675491367
-0.16771708 0.13891472 -0.14134061 0.010440346 -0.14131036 0.18995866 0.14134061 -0.010440346 0.0 -0.3799426 0.596341 -0.49611792 0.4491692 0.28879842 -0.17043255 0.40497375 -0.02326073 -0.29963726 0.472434 0.14129937 -0.010456847 0.050320968 0.0 7.638329169295513
-0.16374773 0.141637 -0.14129995 0.010971642 -0.13383622 0.191531 0.14129995 -0.010971642 0.0 -0.36674815 0.60121864 -0.4849752 0.4556899 0.2911782 -0.17485425 0.40940523 -0.029325489 -0.288189 0.4761976 0.14126475 -0.010985136 0.05079467 0.0 7.596303693054369
-0.15980682 0.14440027 -0.14125837 0.0114923455 -0.1263245 0.19299248 0.14125837 -0.0114923455 0.0 -0.35343248 0.6059258 -0.47370118 0.46207973 0.2934778 -0.17935334 0.4137465 -0.035507288 -0.2766463 0.4798083 0.14122838 -0.01150336 0.051041495 0.0 7.555966025802082
-0.15589519 0.1472048 -0.14121479 0.012011188 -0.11877042 0.19434525 0.14121479 -0.012011188 0.0 -0.33997777 0.61046934 -0.46228176 0.46834975 0.2956895 -0.18393824 0.4179935 -0.041818622 -0.26499543 0.48327133 0.1411892 -0.01202016 0.051628396 0.0 7.517464454020812
-0.15201281 0.1500497 -0.14116359 0.012595396 -0.111170255 0.19558842 0.14116359 -0.012595396 0.0 -0.3263694 0.6148512 -0.45070493 0.47450545 0.29780573 -0.1886173 0.42214125 -0.048271548 -0.25322518 0.48658755 0.14114179 -0.012602687 0.05214901 0.0 7.480679374421884
-0.14815943 0.15293375 -0.1411055 0.013226668 -0.10352645 0.19671673 0.1411055 -0.013226668 0.0 -0.3126117 0.61906177 -0.4389731 0.48053718 0.2998245 -0.19339018 0.4261859 -0.054865632 -0.24133934 0.48974875 0.14108692 -0.0132325785 0.05268542 0.0 7.445393408981692
-0.14433509 0.15585613 -0.14103891 0.01391032 -0.09581429 0.19773878 0.14103891 -0.01391032 0.0 -0.29862326 0.6231333 -0.42702183 0.48649487 0.30171642 -0.19829749 0.43011498 -0.06165907 -0.22927393 0.49277902 0.14102307 -0.013915095 0.05400895 0.0 7.411365355146817
-0.14053963 0.1588159 -0.14096117 0.014672945 -0.08802319 0.19865242 0.14096117 -0.014672945 0.0 -0.2843666 0.62706953 -0.41481975 0.4923913 0.30346423 -0.20335877 0.43391737 -0.06868053 -0.21699984 0.49567983 0.14094768 -0.014676787 0.055172786 0.0 7.378711781784381
-0.13677327 0.1618126 -0.14087476 0.0154750245 -0.08015517 0.19944912 0.14087476 -0.0154750245 0.0 -0.2698434 0.6308542 -0.40236565 0.4982114 0.30506244 -0.20857392 0.4375847 -0.075931154 -0.20451896 0.49843732 0.14086327 -0.0154781025 0.05642529 0.0 7.347186138097234
-0.13303661 0.16484623 -0.14078021 0.016308738 -0.07221596 0.2001197 0.14078021 -0.016308738 0.0 -0.2550669 0.6344669 -0.3896676 0.5039337 0.3065093 -0.21393655 0.44111 -0.08340339 -0.19184238 0.50103474 0.14077042 -0.016311191 0.05749646 0.0 7.316841322729099
-0.12933071 0.1679173 -0.14068067 0.01714134 -0.06421157 0.20065632 0.14068067 -0.01714134 0.0 -0.24005121 0.63788897 -0.37673444 0.5095381 0.30780345 -0.21943916 0.4444867 -0.09108831 -0.17898178 0.50345683 0.14067234 -0.017143287 0.058562607 0.0 7.28677981285775
-0.12565656 0.17102627 -0.14057335 0.017994775 -0.056139458 0.20105417 0.14057335 -0.017994775 0.0 -0.22478284 0.6411125 -0.36355323 0.51502115 0.30893403 -0.22508752 0.4477044 -0.09899617 -0.16592719 0.50569665 0.14056626 -0.017996306 0.059771266 0.0 7.257111177883088
-0.12201437 0.17417257 -0.14044929 0.018931305 -0.04798579 0.2013091 0.14044929 -0.018931305 0.0 -0.20921125 0.644139 -0.3500807 0.5203971 0.30987588 -0.23090662 0.4507453 -0.10716476 -0.15263946 0.50775325 0.14044325 -0.018932503 0.061374243 0.0 7.227970726678874
