120
-0.05866684 -0.22085202 -0.05717759 -0.12973367 -0.035551455 -0.24323262 0.05717759 0.12973367 0.0 -0.22600427 -0.5264842 -0.07440905 -0.6368252 0.5140763 0.17168266 0.3624811 0.28202367 0.0621434 -0.18831865 0.05716873 0.12970266 0.0 0.0 2.858890278584335
-0.053964045 -0.2198179 -0.056771457 -0.12991272 -0.033739943 -0.2388049 0.056771457 0.12991272 0.0 -0.22433499 -0.5219608 -0.07279518 -0.6323779 0.5160961 0.17583431 0.3645563 0.28625143 0.0639822 -0.18394096 0.056763936 0.12988643 0.00018501421 0.0 2.9182726057071515
-0.049264885 -0.21876723 -0.056396984 -0.1300769 -0.031956915 -0.23436987 0.056396984 0.1300769 0.0 -0.22271514 -0.5174159 -0.07123902 -0.6279203 0.5181181 0.17995234 0.36664194 0.2904568 0.065796606 -0.17956309 0.056390595 0.13005462 0.0005034482 0.0 2.979846671550515
-0.04456932 -0.21770044 -0.056041308 -0.13023151 -0.030207237 -0.22992732 0.056041308 0.13023151 0.0 -0.22115727 -0.51284397 -0.069756076 -0.62345105 0.52014846 0.18402196 0.36874723 0.29462907 0.06758321 -0.17518748 0.05603588 0.13021263 0.0008960079 0.0 3.0436465329194573
-0.039877374 -0.21661782 -0.055706512 -0.1303754 -0.02848933 -0.22547792 0.055706512 0.1303754 0.0 -0.21965976 -0.5082457 -0.06834481 -0.6189707 0.5221887 0.18804237 0.37087378 0.29876742 0.06934357 -0.1708149 0.0557019 0.1303594 0.0012401307 0.0 3.1097491173044194
-0.035189055 -0.21551956 -0.055385254 -0.13051237 -0.026798178 -0.22102273 0.055385254 0.13051237 0.0 -0.21821307 -0.5036251 -0.06699392 -0.6144809 0.5242373 0.19202119 0.37301815 0.30287704 0.07108181 -0.16644482 0.05538133 0.13049881 0.0015212046 0.0 3.1781685110184883
-0.030504433 -0.21440561 -0.05506934 -0.13064615 -0.025129322 -0.21656258 0.05506934 0.13064615 0.0 -0.21680829 -0.49898586 -0.06569283 -0.609983 0.52629197 0.1959661 0.37517652 0.30696324 0.07280152 -0.16207662 0.055066 0.13063465 0.0017510675 0.0 3.249010072501539
-0.0258236 -0.21327583 -0.054755103 -0.13077831 -0.023479331 -0.21209806 0.054755103 0.13077831 0.0 -0.21543841 -0.49433103 -0.06443316 -0.60547805 0.528351 0.19988331 0.37734574 0.31103033 0.07450542 -0.15770964 0.054752268 0.13076857 0.0019396312 0.0 3.3224098973604477
-0.021146763 -0.21212958 -0.05442244 -0.13091742 -0.021846864 -0.20762934 0.05442244 0.13091742 0.0 -0.21410045 -0.48966178 -0.06321129 -0.6009664 0.5304132 0.20377578 0.37952405 0.31508037 0.07619452 -0.15334354 0.054420024 0.13090916 0.0021208522 0.0 3.398438781854103
-0.016474318 -0.21096547 -0.05405013 -0.13107215 -0.020233668 -0.20315604 0.05405013 0.13107215 0.0 -0.21279763 -0.48497665 -0.06203111 -0.5964473 0.532479 0.20764083 0.3817125 0.31911147 0.077867344 -0.14897846 0.054048076 0.13106516 0.0023389992 0.0 3.4772513051790934
-0.01180663 -0.20978238 -0.053661212 -0.13123244 -0.018641798 -0.19867782 0.053661212 0.13123244 0.0 -0.21153441 -0.4802736 -0.06089804 -0.5919201 0.5345498 0.21147394 0.38391337 0.32312042 0.07952229 -0.14461495 0.053659465 0.13122651 0.0025841205 0.0 3.5590199200240704
-0.007143944 -0.20857963 -0.05326605 -0.13139388 -0.017072186 -0.19419469 0.05326605 0.13139388 0.0 -0.21031338 -0.47555137 -0.05981538 -0.5873843 0.5366269 0.21527171 0.38612887 0.32710463 0.08115872 -0.1402536 0.053264562 0.13138886 0.002847593 0.0 3.64390070158763
-0.0024865593 -0.20735648 -0.052853215 -0.13156077 -0.015524011 -0.18970676 0.052853215 0.13156077 0.0 -0.20913272 -0.47081065 -0.05878099 -0.58284014 0.53870964 0.21903571 0.38835794 0.3310652 0.082777254 -0.13589424 0.052851953 0.13155651 0.0030789098 0.0 3.732101487280657
0.0021650987 -0.20611174 -0.052407447 -0.13173896 -0.013994515 -0.18521413 0.052407447 0.13173896 0.0 -0.20798503 -0.4660547 -0.05778568 -0.5782884 0.5407941 0.22277482 0.39059472 0.33500853 0.08437975 -0.13153538 0.05240637 0.13173535 0.0032334463 0.0 3.82380741699836
0.006810641 -0.20484431 -0.051939823 -0.13192455 -0.012483393 -0.18071671 0.051939823 0.13192455 0.0 -0.2068689 -0.461284 -0.056827635 -0.573729 0.54287875 0.22649115 0.3928375 0.3389361 0.085966274 -0.12717655 0.051938903 0.13192149 0.003415841 0.0 3.9192072729839325
0.011449764 -0.20355351 -0.051463325 -0.13211167 -0.0109918 -0.17621441 0.051463325 0.13211167 0.0 -0.20578723 -0.45649728 -0.055910487 -0.5691614 0.544965 0.2301812 0.39508826 0.34284535 0.08753599 -0.12281832 0.051462542 0.13210908 0.0036177782 0.0 4.0185128192959
0.016082224 -0.20223898 -0.05098303 -0.13229805 -0.009519241 -0.17170739 0.05098303 0.13229805 0.0 -0.20473917 -0.45169476 -0.05503332 -0.56458586 0.54705274 0.23384531 0.39734688 0.34673643 0.08908933 -0.118460745 0.050982367 0.13229585 0.0038004958 0.0 4.1219469585996835
0.020707618 -0.20089975 -0.05047117 -0.1324945 -0.008065275 -0.16719559 0.05047117 0.1324945 0.0 -0.20372309 -0.44687712 -0.054194078 -0.5600024 0.54914063 0.23748569 0.39961162 0.35061094 0.09062648 -0.11410338 0.0504706 0.13249263 0.003971251 0.0 4.229747277455135
0.025325539 -0.19953494 -0.04994346 -0.13269469 -0.006629973 -0.16267893 0.04994346 0.13269469 0.0 -0.20273869 -0.44204447 -0.053392347 -0.5554108 0.551228 0.241103 0.40188166 0.35446933 0.092147276 -0.10974604 0.049942974 0.13269313 0.004142657 0.0 4.342098351692184
0.029935703 -0.1981441 -0.04941228 -0.13289374 -0.0052129338 -0.1581575 0.04941228 0.13289374 0.0 -0.20178512 -0.43719715 -0.052627165 -0.55081123 0.55331457 0.24469784 0.4041566 0.35831192 0.093652025 -0.10538871 0.049411867 0.1328924 0.0043054265 0.0 4.45924550063504
0.03453788 -0.19672704 -0.04887933 -0.133091 -0.003813458 -0.1536315 0.04887933 0.133091 0.0 -0.200861 -0.43233564 -0.05189695 -0.5462038 0.5553999 0.24827118 0.40643588 0.36213934 0.0951413 -0.10103134 0.04887898 0.13308987 0.0044606724 0.0 4.581450605746265
0.03913186 -0.19528358 -0.048345365 -0.13328622 -0.0024308776 -0.14910106 0.048345365 0.13328622 0.0 -0.19996512 -0.4274605 -0.051200245 -0.5415888 0.5574839 0.25182387 0.40871903 0.36595216 0.09661563 -0.09667393 0.048345067 0.13328525 0.0046091825 0.0 4.708987249989494
0.043717455 -0.1938137 -0.047814973 -0.13347724 -0.0010625661 -0.14456645 0.047814973 0.13347724 0.0 -0.19909067 -0.42257473 -0.050528646 -0.5369669 0.5595631 0.25536382 0.4110011 0.36975604 0.09807685 -0.092315264 0.047814716 0.13347644 0.0046743373 0.0 4.842156729937049
0.04829451 -0.19231747 -0.04728427 -0.13366593 0.0002949209 -0.14002782 0.04728427 0.13366593 0.0 -0.19822809 -0.41768292 -0.04987007 -0.5323396 0.5616321 0.25890318 0.41327408 0.37355983 0.09952725 -0.087953344 0.047284056 0.13366525 0.004663063 0.0 4.981267266104564
0.052862927 -0.190795 -0.046757665 -0.13385168 0.0016410804 -0.13548525 0.046757665 0.13385168 0.0 -0.19737917 -0.41278416 -0.049226865 -0.5277065 0.5636923 0.26243916 0.41553995 0.3773615 0.10096656 -0.08358872 0.04675748 0.1338511 0.0047306763 0.0 5.126640525441254
0.057422545 -0.18924628 -0.046232387 -0.13403516 0.0029715667 -0.13093892 0.046232387 0.13403516 0.0 -0.19655763 -0.40787184 -0.048616637 -0.5230661 0.5657526 0.2659526 0.4178116 0.38114682 0.10239218 -0.079224914 0.04623223 0.13403466 0.004948382 0.0 5.278609159250494
0.061973087 -0.18767083 -0.04570196 -0.13421948 0.004277094 -0.12638916 0.04570196 0.13421948 0.0 -0.19579323 -0.4029314 -0.048077755 -0.5184147 0.5678331 0.26940113 0.42011765 0.38488445 0.103798635 -0.07486966 0.045701824 0.13421907 0.0055108657 0.0 5.437540605449437
0.06651416 -0.18606803 -0.045178134 -0.13439922 0.005548516 -0.12183671 0.045178134 0.13439922 0.0 -0.19511777 -0.3979468 -0.04765171 -0.5137484 0.56995684 0.27273723 0.4224908 0.38853884 0.105180934 -0.07053198 0.04517802 0.13439886 0.0063397125 0.0 5.603833495805728
0.07104532 -0.18443723 -0.04466635 -0.1345724 0.006781143 -0.11728253 0.04466635 0.1345724 0.0 -0.19455145 -0.39290714 -0.047365516 -0.5090646 0.5721409 0.27592704 0.42495492 0.39208448 0.106537186 -0.066218615 0.044666253 0.1345721 0.007334433 0.0 5.777912796092286
0.075565785 -0.18277682 -0.044129517 -0.13475163 0.007972336 -0.11272741 0.044129517 0.13475163 0.0 -0.19410743 -0.3878047 -0.04723724 -0.5043611 0.57439697 0.27894658 0.42752677 0.39550298 0.10786657 -0.061934385 0.04412943 0.13475138 0.008456517 0.0 5.960156311677213
0.08007446 -0.18108441 -0.043558687 -0.13493976 0.009119502 -0.10817199 0.043558687 0.13493976 0.0 -0.19379835 -0.38263163 -0.047284354 -0.49963546 0.57673615 0.2817725 0.43022215 0.39877635 0.109168194 -0.0576839 0.043558616 0.13493955 0.009723596 0.0 6.15099330862755
0.084570274 -0.1793579 -0.04298014 -0.13512774 0.01022122 -0.103617154 0.04298014 0.13512774 0.0 -0.19363503 -0.3773805 -0.047522455 -0.49488524 0.5791695 0.28438187 0.43305692 0.4018866 0.11044217 -0.053471874 0.04298008 0.13512756 0.011114435 0.0 6.350908000032538
0.0890524 -0.17759597 -0.042417254 -0.13530762 0.01127934 -0.09906394 0.042417254 0.13530762 0.0 -0.19361965 -0.37204772 -0.04795634 -0.49010894 0.5817034 0.2867621 0.4360401 0.4048233 0.11169083 -0.049301304 0.042417202 0.13530746 0.012529037 0.0 6.560359905840929
0.09351992 -0.17579715 -0.041853216 -0.1354853 0.012296953 -0.09451324 0.041853216 0.1354853 0.0 -0.19374993 -0.36663163 -0.04858513 -0.48530528 0.58434093 0.28890696 0.43917614 0.4075806 0.112917125 -0.04517394 0.04185317 0.13548517 0.013966113 0.0 6.779843359585136
0.0979718 -0.17395978 -0.041289236 -0.13566026 0.013277535 -0.08996579 0.041289236 0.13566026 0.0 -0.19402166 -0.3611314 -0.04940551 -0.480473 0.58708304 0.29081315 0.4424669 0.41015476 0.1141241 -0.0410909 0.0412892 0.13566014 0.015395854 0.0 7.009922453094227
0.102406934 -0.17208216 -0.040722825 -0.1358341 0.014223012 -0.085422516 0.040722825 0.1358341 0.0 -0.19443674 -0.35554257 -0.05042237 -0.4756097 0.5899355 0.292467 0.44592112 0.41253412 0.115314 -0.037055217 0.04072279 0.13583401 0.01694082 0.0 7.251176754802138
0.1068242 -0.1701626 -0.040163472 -0.13600369 0.015134007 -0.08088472 0.040163472 0.13600369 0.0 -0.19500369 -0.34985662 -0.051649813 -0.47071156 0.5929098 0.29384246 0.44955593 0.4146974 0.11648867 -0.033072427 0.040163442 0.13600361 0.018642616 0.0 7.504105174609723
0.1112223 -0.16819924 -0.039606158 -0.1361709 0.016010204 -0.076354004 0.039606158 0.1361709 0.0 -0.19573656 -0.34406102 -0.053109936 -0.46577337 0.5960226 0.29490194 0.453396 0.4166143 0.11764975 -0.029150331 0.039606135 0.13617083 0.020583855 0.0 7.769383798948297
0.11559975 -0.16618995 -0.039051097 -0.1363351 0.016851682 -0.07183217 0.039051097 0.1363351 0.0 -0.19664961 -0.33814204 -0.05482585 -0.46078897 0.5992911 0.29560447 0.45746735 0.4182514 0.11879921 -0.025297398 0.039051075 0.13633505 0.022734327 0.0 8.047685343345616
0.11995491 -0.16413252 -0.038503222 -0.13649449 0.017660849 -0.06732083 0.038503222 0.13649449 0.0 -0.19774894 -0.33208933 -0.056810327 -0.4557524 0.60272604 0.29592022 0.46178743 0.41958332 0.11994019 -0.021519972 0.038503204 0.13649444 0.02499441 0.0 8.339802427511849
0.12428601 -0.16202468 -0.037960198 -0.13664992 0.018442055 -0.06282126 0.037960198 0.13664992 0.0 -0.19903252 -0.32589644 -0.05906567 -0.45065835 0.6063311 0.29583153 0.46636426 0.42059344 0.121076584 -0.017821973 0.037960183 0.13664989 0.027301941 0.0 8.646673452291598
0.12859163 -0.15986499 -0.03746621 -0.13678978 0.019201064 -0.058334958 0.03746621 0.13678978 0.0 -0.2004955 -0.3195574 -0.06159114 -0.44550115 0.6101089 0.29532206 0.47120455 0.42126584 0.12221331 -0.014207205 0.037466194 0.13678975 0.029676639 0.0 8.969238472468284
0.13286963 -0.15765089 -0.036941975 -0.13693593 0.019942535 -0.053863138 0.036941975 0.13693593 0.0 -0.20213397 -0.31306532 -0.06438731 -0.4402742 0.6140602 0.29437467 0.47631353 0.42158356 0.12335407 -0.01067938 0.036941964 0.1369359 0.032111447 0.0 9.308456091287894
0.13711694 -0.1553782 -0.036354776 -0.13709694 0.020669386 -0.049406707 0.036354776 0.13709694 0.0 -0.2039466 -0.3064114 -0.06745818 -0.4349694 0.6181845 0.29296887 0.4816961 0.42152688 0.12450079 -0.007242483 0.03635477 0.13709691 0.034641717 0.0 9.665284455735206
0.14133039 -0.15304308 -0.03573499 -0.13726361 0.021385243 -0.04496666 0.03573499 0.13726361 0.0 -0.20592983 -0.29958716 -0.0708054 -0.42957807 0.62247944 0.2910856 0.487355 0.4210765 0.12565573 -0.0039002849 0.03573498 0.13726358 0.03722404 0.0 10.040782257810676
0.1455069 -0.15064232 -0.03509425 -0.13743249 0.022095043 -0.040543996 0.03509425 0.13743249 0.0 -0.20807543 -0.29258624 -0.0744247 -0.42409188 0.6269387 0.288712 0.49328798 0.42021763 0.12682177 -0.0006554611 0.035094243 0.13743247 0.03982122 0.0 10.435979851664055
0.14964373 -0.14817365 -0.03446751 -0.1375938 0.0228058 -0.036139406 0.03446751 0.1375938 0.0 -0.21036537 -0.28540823 -0.07829848 -0.4185044 0.63154763 0.2858524 0.49948075 0.41894856 0.12800252 0.002492587 0.034467503 0.13759379 0.0422878 0.0 10.852005502374762
0.15373807 -0.14563511 -0.033828452 -0.13775271 0.02352672 -0.031751897 0.033828452 0.13775271 0.0 -0.21276034 -0.27806908 -0.082377456 -0.41281533 0.6362692 0.28256008 0.5058863 0.41730633 0.12920089 0.0055542886 0.03382845 0.1377527 0.044261217 0.0 11.290041835440979
0.1577868 -0.14302443 -0.03314884 -0.13791823 0.02426548 -0.027379537 0.03314884 0.13791823 0.0 -0.21521774 -0.2705904 -0.08660542 -0.40702766 0.6410599 0.27890474 0.51244754 0.41534197 0.13041776 0.008543622 0.033148833 0.13791822 0.045844708 0.0 11.75138706926532
0.1617868 -0.14033964 -0.03243459 -0.13808884 0.025026964 -0.023021143 0.03243459 0.13808884 0.0 -0.2177082 -0.2629865 -0.09094399 -0.40114254 0.6458881 0.27493328 0.51912385 0.41308928 0.13165316 0.011469942 0.032434586 0.13808884 0.047202237 0.0 12.23742885196858
0.16573517 -0.13757947 -0.03169734 -0.13826087 0.02581473 -0.018676214 0.03169734 0.13826087 0.0 -0.22021098 -0.25526676 -0.095366664 -0.3951601 0.65073115 0.27067629 0.5258868 0.41056964 0.13290705 0.014339175 0.031697337 0.13826086 0.04838842 0.0 12.749571564664667
0.16962875 -0.13474256 -0.03090684 -0.1384397 0.026631339 -0.014343785 0.03090684 0.1384397 1.0 -0.2227037 -0.24744415 -0.099842966 -0.38908276 0.6555629 0.26617447 0.53270215 0.40781304 0.13417824 0.017159315 0.030906836 0.1384397 0.049285527 0.0 12.924682084482956
0.17111403 -0.13329677 0.00042118385 -0.044968568 0.025722653 -0.02233873 -0.00036815787 -0.25110614 0.0 -0.2250439 -0.24307442 -0.103648104 -0.3859706 0.6584647 0.26147363 0.53706896 0.4043698 0.13454369 0.017840285 -0.00042118682 0.044968564 0.025737202 0.99444443 13.085133517782207
0.17235138 -0.1322875 -0.010837315 -0.046587456 0.02577894 -0.030609323 0.008697602 -0.23783188 0.0 -0.22660774 -0.23976593 -0.10631613 -0.38359284 0.6607607 0.2579624 0.5404691 0.4017893 0.13497874 0.01837151 0.010837312 0.046587452 0.02567157 0.9611111 12.477882911629678
0.1736732 -0.13129169 -0.011572758 -0.048067935 0.025792213 -0.038456835 0.0074364995 -0.22513898 0.0 -0.22803976 -0.23642425 -0.108846955 -0.38116306 0.6630934 0.25453192 0.54390055 0.3992707 0.13550206 0.018952038 0.011572755 0.04806793 0.025210029 0.92777777 11.903611437092543
0.17503174 -0.13025124 -0.011856855 -0.049716033 0.025697885 -0.04588285 0.005894597 -0.21270548 0.0 -0.22942483 -0.23302566 -0.11133222 -0.37866354 0.66540307 0.2511637 0.5473104 0.39680156 0.13604172 0.0195885 0.011856853 0.049716033 0.025293723 0.89444447 11.360456611952467
0.17642505 -0.12916215 -0.012130566 -0.051398333 0.025494678 -0.052902155 0.00446785 -0.20064834 0.0 -0.23079734 -0.22953726 -0.11382617 -0.37607735 0.667721 0.24776886 0.5507498 0.39430895 0.13659759 0.020264024 0.012130564 0.051398333 0.025833094 0.8611111 10.84655721024386
0.17785302 -0.12802278 -0.0124106845 -0.05311227 0.025182536 -0.05952862 0.003143566 -0.18895362 0.0 -0.23217788 -0.22593525 -0.11636392 -0.3733916 0.67006993 0.2442829 0.55425596 0.39173925 0.1371721 0.02096615 0.012410683 0.05311227 0.026652735 0.8277778 10.36014019770067
0.17931531 -0.12683132 -0.012686284 -0.054860014 0.024765769 -0.06577271 0.0019106444 -0.17760393 0.0 -0.2335616 -0.22222066 -0.11893931 -0.37060523 0.67244506 0.2407137 0.55782276 0.38909826 0.13776544 0.02169723 0.012686282 0.054860014 0.027216395 0.79444444 9.899503115883522
0.18081166 -0.12558584 -0.012955701 -0.0566471 0.024252556 -0.07164304 0.0007779111 -0.16657975 0.0 -0.23493288 -0.21840617 -0.12152797 -0.3677232 0.67482954 0.23710299 0.5614246 0.38642 0.13837661 0.022466686 0.0129557 0.056647096 0.027581433 0.76111114 9.463046562893734
0.18234214 -0.12428466 -0.013235565 -0.058472246 0.023651728 -0.077148244 -0.00023310512 -0.15586916 0.0 -0.23627992 -0.21450101 -0.124111556 -0.36474916 0.67721194 0.23348211 0.56504357 0.38373026 0.13900538 0.0232818 0.013235564 0.058472246 0.027806433 0.7277778 9.049271443270355
0.1839061 -0.12292524 -0.013478329 -0.060349025 0.02297066 -0.082296684 -0.0011695628 -0.14544582 0.0 -0.23759584 -0.21051073 -0.12667874 -0.36168495 0.6795838 0.2298729 0.5686667 0.38104713 0.13965066 0.02414816 0.0134783285 0.060349025 0.027943017 0.6944444 8.656761276481403
0.1855019 -0.12150376 -0.013640481 -0.062291015 0.022211604 -0.087096974 -0.002084491 -0.1352834 0.0 -0.23888528 -0.20642951 -0.12923668 -0.35852632 0.6819462 0.22626624 0.57229763 0.378363 0.14031099 0.02506539 0.01364048 0.062291015 0.028234242 0.6611111 8.284845285592148
0.18712834 -0.1200169 -0.01376544 -0.06429065 0.021373354 -0.0915582 -0.0029506648 -0.12537634 0.0 -0.24015991 -0.20224203 -0.13180566 -0.35526362 0.6843094 0.22262579 0.57595515 0.37564737 0.14098673 0.026027432 0.013765439 0.06429065 0.028756438 0.62777776 7.932337092431886
0.18878442 -0.11846161 -0.013860817 -0.06634874 0.020455021 -0.09568869 -0.003772802 -0.11571121 0.0 -0.24142793 -0.19793524 -0.13440105 -0.35188815 0.6866811 0.21892188 0.5796542 0.3728748 0.14167853 0.027029537 0.013860817 0.06634874 0.029396584 0.59444445 7.598198835193293
0.19046846 -0.11683394 -0.01388977 -0.068478346 0.01945272 -0.099496044 -0.004600774 -0.10626238 0.0 -0.24270004 -0.19349246 -0.13704287 -0.3483886 0.68906987 0.21511626 0.5834127 0.3700124 0.14238672 0.028065443 0.013889769 0.068478346 0.030303525 0.5611111 7.281607433445444
0.19217853 -0.11512964 -0.013859501 -0.07068168 0.018358923 -0.102987505 -0.00544283 -0.09701487 0.0 -0.24399078 -0.18889056 -0.13975902 -0.34474945 0.6914883 0.21115328 0.58725655 0.36701217 0.14311224 0.029125387 0.013859501 0.07068168 0.03152616 0.5277778 6.981671676158971
0.19391385 -0.11334565 -0.013845078 -0.07294743 0.017171388 -0.106169045 -0.006230395 -0.087968275 0.0 -0.24530354 -0.18411654 -0.14255993 -0.3409604 0.69394076 0.20700544 0.59119713 0.3638493 0.143857 0.030205147 0.013845078 0.07294743 0.032782093 0.49444443 6.69754953392619
0.19567336 -0.11147837 -0.013806192 -0.07529215 0.015889699 -0.1090453 -0.0070058806 -0.07909517 0.0 -0.24663705 -0.1791624 -0.14544807 -0.33701372 0.6964257 0.20266083 0.59523666 0.36051214 0.14462198 0.031303953 0.013806191 0.07529215 0.03412301 0.4611111 6.428440413703624
0.19745548 -0.1095235 -0.013730519 -0.077725336 0.014513226 -0.111619994 -0.0077829496 -0.07037564 0.0 -0.24798961 -0.17402051 -0.14842495 -0.3329014 0.6989397 0.1981101 0.599375 0.35699096 0.14540748 0.032421812 0.013730519 0.077725336 0.035494536 0.42777777 6.173271954040999
0.19925754 -0.107475504 -0.013570259 -0.08026555 0.013038162 -0.113896 -0.008613106 -0.061780736 0.0 -0.2493633 -0.16867828 -0.15149881 -0.328612 0.701481 0.19333194 0.6036165 0.35326564 0.14621317 0.033556633 0.013570259 0.08026555 0.037038386 0.39444444 5.931291185387022
0.20107645 -0.105328366 -0.013330909 -0.082921185 0.011459538 -0.11587529 -0.009494969 -0.05329185 0.0 -0.2507608 -0.16312073 -0.15467975 -0.32413217 0.7040479 0.1883001 0.60796684 0.34931153 0.14703876 0.034705523 0.0133309085 0.082921185 0.038703907 0.3611111 5.701945492746937
0.20291023 -0.10307671 -0.013075319 -0.085694835 0.009778411 -0.117558636 -0.010364257 -0.044897374 0.0 -0.25217617 -0.15734202 -0.15796337 -0.3194537 0.7066323 0.18301454 0.6124195 0.3451262 0.14788434 0.035871126 0.013075319 0.085694835 0.040301483 0.32777777 5.484663417520651
0.20475723 -0.10071501 -0.012792449 -0.08860571 0.008005163 -0.11894538 -0.011221942 -0.03657119 0.0 -0.2535919 -0.15135376 -0.16132218 -0.31457922 0.7092136 0.17752586 0.6169439 0.34075132 0.14874794 0.037067004 0.012792449 0.08860571 0.041533764 0.29444444 5.278945671768356
0.20661546 -0.09823659 -0.012455362 -0.09168502 0.0061460338 -0.12003429 -0.012090855 -0.02827483 0.0 -0.25499758 -0.14515802 -0.1647414 -0.30950543 0.7117781 0.17186089 0.62152195 0.33620828 0.1496281 0.0383025 0.012455362 0.09168502 0.04281145 0.2611111 5.084548876718451
0.20848355 -0.09563446 -0.012104186 -0.09495528 0.0042066206 -0.12082335 -0.012929311 -0.01997858 0.0 -0.25638476 -0.13875245 -0.16821049 -0.30422613 0.7143159 0.16603671 0.6261416 0.3315104 0.15052466 0.0395855 0.012104186 0.09495528 0.043954927 0.22777778 4.901102819099541
0.21036209 -0.09290167 -0.011799201 -0.098451406 0.0022053944 -0.121309265 -0.013666424 -0.011642876 0.0 -0.25773165 -0.13215607 -0.17169116 -0.29874924 0.7168057 0.1601334 0.6307652 0.3267266 0.151436 0.04093794 0.011799201 0.098451406 0.044568136 0.19444445 4.728401769517987
0.21225034 -0.09002829 -0.011397492 -0.10225497 0.00016689619 -0.1214872 -0.014429695 -0.0031836443 0.0 -0.25901306 -0.12540321 -0.17513043 -0.29309326 0.7192166 0.15428069 0.63533396 0.32197076 0.15235515 0.042394046 0.011397492 0.10225497 0.044526912 0.16111112 4.566433923721807
0.21414614 -0.08700037 -0.010833888 -0.10647176 -0.001897719 -0.12135019 -0.015280942 0.0055092718 0.0 -0.26022136 -0.11850242 -0.1785074 -0.28725988 0.72153234 0.14854799 0.6398184 0.31730545 0.1532757 0.043977987 0.010833888 0.10647176 0.044452813 0.12777779 4.4150820504974835
0.21604896 -0.08380028 -0.010153252 -0.11125523 -0.0039902506 -0.12088705 -0.01618361 0.014596299 0.0 -0.2613629 -0.1114299 -0.18183318 -0.28122765 0.72375476 0.14293088 0.64422506 0.3127286 0.1541962 0.0457017 0.010153252 0.11125523 0.044587974 0.094444446 4.2746043141098395
0.21796224 -0.08040383 -0.009408273 -0.11691525 -0.006110933 -0.1200783 -0.017092517 0.024394132 0.0 -0.26244128 -0.104153745 -0.18511641 -0.27496687 0.7258868 0.13743237 0.64856195 0.30824548 0.15511724 0.047584854 0.009408273 0.11691525 0.044774678 0.06111111 4.145060411501749
0.21989731 -0.07677017 -0.008647587 -0.124275185 -0.008253408 -0.11888576 -0.017962229 0.035731714 0.0 -0.26345342 -0.09663393 -0.18835227 -0.26843634 0.7279272 0.1321032 0.6528261 0.3039056 0.15603948 0.049671922 0.008647587 0.124275185 0.044877894 0.027777778 4.0273486387189745
0.22191003 -0.072764546 -0.008376885 -0.1421733 -0.0103986 -0.1171678 -0.018285701 0.057451297 0.0 -0.26438522 -0.08874054 -0.19151558 -0.26150125 0.7298749 0.12713678 0.6570053 0.2998975 0.1569675 0.052119657 0.008376885 0.1421733 0.04467599 0.0 3.9275314586805306
0.22397856 -0.06841459 -0.0070468746 -0.14165135 -0.012505705 -0.11496589 -0.019593583 0.060592525 0.0 -0.26520965 -0.08058266 -0.19452962 -0.2542507 0.7316999 0.12270939 0.66101986 0.29637742 0.15788998 0.05494014 0.0070468746 0.14165135 0.04300513 0.0 3.8297609761177553
0.22594798 -0.06401869 -0.00550498 -0.1417255 -0.014590581 -0.11262078 -0.021042 0.06417569 0.0 -0.26595324 -0.072507456 -0.1974117 -0.24703054 0.73337805 0.11852435 0.6648365 0.29304743 0.15877905 0.057808246 0.00550498 0.1417255 0.04196839 0.0 3.73420234475585
0.22781439 -0.059578057 -0.0038966737 -0.14177942 -0.01666946 -0.11013768 -0.02250181 0.067593075 0.0 -0.2666357 -0.06448368 -0.20020206 -0.23982 0.734925 0.114492595 0.66849136 0.28982893 0.15963607 0.060704652 0.0038966737 0.14177942 0.041258603 0.0 3.6406726698480534
0.2295763 -0.055094928 -0.002259701 -0.1418153 -0.018749421 -0.10752164 -0.023945704 0.0708539 0.0 -0.26726696 -0.056493927 -0.20292237 -0.2326076 0.73635054 0.11056349 0.67200595 0.28667715 0.16046286 0.06361819 0.002259701 0.1418153 0.040758368 0.0 3.548898923097741
0.23123257 -0.050571695 -0.0005986861 -0.14183208 -0.020833824 -0.10477759 -0.025376309 0.07396321 0.0 -0.26785314 -0.04852822 -0.20558555 -0.22538692 0.7376608 0.106706895 0.6753932 0.28356558 0.16126055 0.066541985 0.0005986861 0.14183208 0.040374603 0.0 3.458616968513895
0.23278247 -0.046010915 0.0010605992 -0.14182964 -0.02292455 -0.10191015 -0.026773788 0.07692666 0.0 -0.26839823 -0.04057858 -0.20820117 -0.21815269 0.7388607 0.1028983 0.6786637 0.2804724 0.16203056 0.06947034 -0.0010605992 0.14182964 0.04012106 0.0 3.369577159060017
0.2342251 -0.041415043 0.0027359042 -0.14180811 -0.025025051 -0.09892316 -0.028162109 0.0797503 0.0 -0.26890582 -0.032632947 -0.21078116 -0.21089616 0.73995596 0.099102005 0.68183136 0.27736524 0.16277559 0.07239503 -0.0027359042 0.14180811 0.040077087 0.0 3.2815491573423445
0.23555875 -0.036786377 0.0044470443 -0.14176494 -0.027137589 -0.095820434 -0.02956556 0.08243693 0.0 -0.26937842 -0.024683718 -0.21333353 -0.20361169 0.740949 0.09529442 0.6849041 0.2742224 0.16349672 0.07531034 -0.0044470443 0.14176494 0.04009028 0.0 3.1942771135638957
0.23678145 -0.032127198 0.006197884 -0.14169867 -0.02926105 -0.09260651 -0.030989863 0.08498924 0.0 -0.2698173 -0.016733347 -0.21585837 -0.1963014 0.7418379 0.09147952 0.68787897 0.27104756 0.16419218 0.07821658 -0.006197884 0.14169867 0.04003773 0.0 3.107530390693033
0.2378917 -0.02743997 0.007965944 -0.1416098 -0.0313931 -0.08928616 -0.032413747 0.08741156 0.0 -0.27022317 -0.008787031 -0.21835345 -0.18896967 0.7426206 0.08766885 0.6907509 0.2678515 0.1648598 0.081115775 -0.007965944 0.1416098 0.039939716 0.0 3.0210903986951645
0.23888867 -0.022727363 0.009739855 -0.14149834 -0.03353144 -0.085864045 -0.033827268 0.08970769 0.0 -0.2705968 -0.0008490142 -0.2208171 -0.18162023 0.743296 0.0838714 0.6935164 0.26464263 0.16549811 0.08400939 -0.009739855 0.14149834 0.03980414 0.0 2.9347450777617
0.23977181 -0.017992126 0.011513642 -0.1413645 -0.035673853 -0.08234473 -0.035225898 0.091881506 0.0 -0.27093887 0.0070768446 -0.22324795 -0.17425661 0.7438638 0.08009511 0.6961729 0.26142856 0.16610594 0.0868987 -0.011513642 0.1413645 0.03963416 0.0 2.848287884613675
0.2405409 -0.013237054 0.013283854 -0.14120854 -0.037818253 -0.07873273 -0.03660764 0.09393687 0.0 -0.27125034 0.014986862 -0.22564477 -0.16688226 0.74432397 0.0763475 0.69871837 0.25821662 0.16668226 0.08978494 -0.013283854 0.14120854 0.039431337 0.0 2.7615277611200844
0.241196 -0.008464954 0.015042026 -0.14103167 -0.039963096 -0.07503219 -0.03796575 0.09587864 0.0 -0.2715319 0.02287937 -0.2280076 -0.15949903 0.74467725 0.072630696 0.7011529 0.25500908 0.16722682 0.09266816 -0.015042026 0.14103167 0.039238058 0.0 2.674275755339678
0.24173728 -0.003678621 0.016789515 -0.14083391 -0.042107314 -0.07124695 -0.03930343 0.097710475 0.0 -0.27178422 0.030754184 -0.23033729 -0.15210752 0.74492514 0.06894276 0.7034782 0.25180447 0.16773999 0.09554752 -0.016789515 0.14083391 0.03905877 0.0 2.5863408274719504
0.24216446 0.0011192276 0.018548656 -0.14061268 -0.04425059 -0.06738067 -0.04064481 0.099433355 0.0 -0.2720082 0.038611718 -0.23263551 -0.14470778 0.7450685 0.06527997 0.7056958 0.24859947 0.1682218 0.09842171 -0.018548656 0.14061268 0.038904447 0.0 2.49748649534357
0.24247852 0.005925814 0.020249382 -0.14037788 -0.046392065 -0.06343617 -0.041921884 0.10106088 0.0 -0.272203 0.046455454 -0.23490399 -0.13729718 0.7451101 0.06163087 0.7078111 0.24538352 0.16867468 0.10128782 -0.020249382 0.14037788 0.038830474 0.0 2.407498288849644
0.24267982 0.010738422 0.021959634 -0.14012001 -0.048530847 -0.059416667 -0.043204054 0.102586836 0.0 -0.27236837 0.054286055 -0.23714337 -0.12987542 0.74505115 0.057991315 0.7098262 0.2421528 0.16909947 0.104144484 -0.021959634 0.14012001 0.038741127 0.0 2.316186540247421
0.24276863 0.015554395 0.023649089 -0.13984397 -0.05066512 -0.05532613 -0.044461675 0.10401895 0.0 -0.27250525 0.06209922 -0.23935202 -0.12244648 0.7448917 0.054370776 0.71173847 0.23891647 0.169495 0.10699341 -0.023649089 0.13984397 0.038589872 0.0 2.2233187379569204
0.24274585 0.020371102 0.025313342 -0.13955137 -0.05279248 -0.051168796 -0.045690786 0.1053614 0.0 -0.27261487 0.06988893 -0.24152741 -0.11501597 0.744632 0.050783787 0.71354455 0.23568869 0.16985978 0.10983758 -0.025313342 0.13955137 0.038367473 0.0 2.1286404986314764
0.24261242 0.02518599 0.026956672 -0.13924243 -0.054911114 -0.04694865 -0.046896316 0.10661707 0.0 -0.27269858 0.07765065 -0.2436681 -0.107588336 0.7442732 0.047240898 0.7152427 0.23247989 0.17019275 0.112679124 -0.026956672 0.13924243 0.038111985 0.0 2.031946730195043
0.24236926 0.029996574 0.02858361 -0.13891721 -0.057020493 -0.04266862 -0.04808403 0.1077889 0.0 -0.2727567 0.085385 -0.24577504 -0.10016349 0.74381685 0.043738637 0.7168352 0.22928712 0.17049468 0.11551698 -0.02858361 0.13891721 0.037910625 0.0 1.933011470656927
0.2420171 0.0348004 0.030196156 -0.13857539 -0.059120692 -0.038330816 -0.04925741 0.108879626 0.0 -0.27278844 0.09309588 -0.24785043 -0.09273831 0.7432652 0.040264457 0.7183272 0.22609864 0.17076768 0.11834797 -0.030196156 0.13857539 0.037778325 0.0 1.8316135191204996
0.2415568 0.039595064 0.031789534 -0.1382183 -0.061211497 -0.033937212 -0.05041293 0.10989343 0.0 -0.27279264 0.100786805 -0.24989572 -0.08530989 0.74262 0.036806945 0.7197231 0.22290364 0.17101394 0.121169165 -0.031789534 0.1382183 0.03769627 0.0 1.7275048023531518
0.24098738 0.044377986 0.033442605 -0.13782762 -0.063294396 -0.029489633 -0.05163071 0.11081487 0.0 -0.27276877 0.10846233 -0.25191414 -0.07787428 0.74188113 0.033350445 0.7210265 0.21968706 0.17123464 0.123976305 -0.033442605 0.13782762 0.03770868 0.0 1.6204534111096742
0.24030805 0.04914653 0.035104055 -0.13741368 -0.065370426 -0.024989797 -0.05286046 0.11165696 0.0 -0.27271596 0.1161264 -0.25390804 -0.07042791 0.74104834 0.029880952 0.7222404 0.21643527 0.17143102 0.12676549 -0.035104055 0.13741368 0.037772752 0.0 1.5102348034150672
0.23951891 0.053898115 0.036762506 -0.13697891 -0.067439236 -0.020439878 -0.05409139 0.11242447 0.0 -0.27263337 0.123779714 -0.25587758 -0.0629701 0.7401214 0.026394017 0.72336566 0.21314384 0.17160372 0.12953515 -0.036762506 0.13697891 0.037841555 0.0 1.3966149718841985
0.23862 0.05863014 0.038427845 -0.13652042 -0.0695003 -0.015842747 -0.055333633 0.11311658 0.0 -0.27252164 0.13141982 -0.25782228 -0.055503093 0.7391 0.022893576 0.7244006 0.2098165 0.17175189 0.13228561 -0.038427845 0.13652042 0.037878346 0.0 1.2793316238869021
0.2376117 0.063340046 0.040083256 -0.13604306 -0.071552955 -0.01120112 -0.056570623 0.11374014 0.0 -0.2723812 0.13904457 -0.25974143 -0.048028912 0.73798376 0.019383144 0.725344 0.20645662 0.17187493 0.13501717 -0.040083256 0.13604306 0.03791119 0.0 1.1581251233898855
0.23649482 0.06802537 0.041722447 -0.13554871 -0.07359633 -0.00651747 -0.057796337 0.114299 0.0 -0.27221197 0.1466523 -0.2616343 -0.040549096 0.73677313 0.015865114 0.7261955 0.20306651 0.1719728 0.13772997 -0.041722447 0.13554871 0.03793129 0.0 1.0327252837315277
0.2352707 0.07268381 0.04332706 -0.13504374 -0.07562909 -0.0017941686 -0.058992635 0.11480138 0.0 -0.27201372 0.1542412 -0.26349965 -0.033065397 0.73546886 0.0123430155 0.72695476 0.19964962 0.17204574 0.14042453 -0.04332706 0.13504374 0.037936237 0.0 0.9028619167955942
0.23394127 0.07731328 0.04488346 -0.1345338 -0.077649534 0.00296657 -0.06014607 0.11525472 0.0 -0.27178594 0.1618094 -0.26533583 -0.025579616 0.7340723 0.008821156 0.72762215 0.19621018 0.17209436 0.1431017 -0.04488346 0.1345338 0.03792263 0.0 0.7682553508583712
0.23250802 0.08191164 0.04642287 -0.13400966 -0.07965653 0.007762385 -0.06128804 0.11565153 0.0 -0.27152884 0.16935486 -0.26714176 -0.018093813 0.7325845 0.005303871 0.7281974 0.19275254 0.17211866 0.14576228 -0.04642287 0.13400966 0.0378915 0.0 0.6286036036507032
0.23097204 0.08647668 0.047947094 -0.13347115 -0.081649475 0.012590835 -0.062420506 0.11599327 0.0 -0.27124304 0.17687543 -0.26891702 -0.0106101455 0.731006 0.0017952184 0.72868 0.1892808 0.17211828 0.14840685 -0.047947094 0.13347115 0.0378431 0.0 0.48359783237813625
0.22933482 0.09100639 0.049440477 -0.13292465 -0.08362749 0.017450158 -0.06352806 0.11628804 0.0 -0.27092797 0.18437085 -0.270661 -0.003128961 0.729338 -0.0017052311 0.729071 0.18579458 0.17209399 0.15103512 -0.049440477 0.13292465 0.037814673 0.0 0.33293637905745666
0.2275981 0.09549887 0.0509008 -0.1323717 -0.08558939 0.022338886 -0.06460874 0.116539024 0.0 -0.27058235 0.1918414 -0.27237278 0.0043499474 0.7275816 -0.0051990286 0.7293721 0.18229242 0.17204714 0.15364656 -0.0509008 0.1323717 0.037791602 0.0 0.1762848792966305
0.22576356 0.09995227 0.052333273 -0.13181117 -0.08753421 0.02725515 -0.06566788 0.116746604 0.0 -0.2702061 0.19928588 -0.27405155 0.011825325 0.7257381 -0.008683827 0.72958356 0.17877674 0.17197815 0.15624157 -0.052333273 0.13181117 0.037751503 0.0 0.013279998622945044
