120
0.0328624 -0.17483746 0.13407505 -0.046090674 -0.4310378 0.11729726 -0.13407505 0.046090674 0.0 0.22150114 0.41920158 0.073144585 0.53386015 -0.5383677 -0.25737482 -0.39001113 -0.3720334 -0.25812674 0.14537445 -0.13631965 0.045358714 0.0 0.0 -1.1567553630321545
0.036185328 -0.17698352 0.09969704 0.09177833 -0.43365288 0.120082214 -0.09969704 -0.09177833 0.0 0.2217089 0.4158089 0.074442066 0.53186375 -0.5445172 -0.2535593 -0.3972504 -0.36961415 -0.2605542 0.14650267 -0.10160573 -0.09238126 0.0601779 0.0 -1.1579260875227402
0.04017937 -0.17933877 0.13893853 0.023054909 -0.43816125 0.1177115 -0.13893853 -0.023054909 0.0 0.21673287 0.41447234 0.06928304 0.5302946 -0.5484357 -0.25610453 -0.40098584 -0.37192678 -0.26516375 0.14438634 -0.14055586 -0.023568945 -0.05012564 0.0 -1.1640177574745685
0.04389424 -0.18182507 0.12052804 0.054818965 -0.44435388 0.10866935 -0.12052804 -0.054818965 0.0 0.20531832 0.41669422 0.055890523 0.5299531 -0.5481571 -0.2669951 -0.39872926 -0.38025403 -0.27189276 0.1383106 -0.12189143 -0.055278648 -0.06895125 0.0 -1.1652372050716067
0.047175705 -0.18195833 0.023101246 0.090772994 -0.44691887 0.10410955 -0.023101246 -0.090772994 0.0 0.20135017 0.4150767 0.051410418 0.527657 -0.5490178 -0.27202165 -0.39907807 -0.38460195 -0.27463615 0.13451791 -0.024255296 -0.09116818 0.019537639 0.0 -1.1648011875098874
0.051505424 -0.1804037 0.046323672 0.13442886 -0.4471992 0.104434036 -0.046323672 -0.13442886 0.0 0.20431212 0.40854964 0.05556756 0.52270436 -0.55325776 -0.2705999 -0.40451324 -0.38475466 -0.27464148 0.13301255 -0.047305517 -0.13475375 0.05309666 0.0 -1.158285824348088
0.055618953 -0.17800254 0.0039137043 0.14146322 -0.4463823 0.10586991 -0.0039137043 -0.14146322 0.0 0.20925775 0.40097904 0.062100332 0.51717263 -0.55759865 -0.26766697 -0.41044122 -0.38386053 -0.2734778 0.13205825 -0.004749801 -0.14172733 0.050387565 0.0 -1.1492144133409887
0.05633099 -0.17457326 -0.11543964 0.047046755 -0.4427364 0.10901911 0.11543964 -0.047046755 0.0 0.21672879 0.39547846 0.0711125 0.51359767 -0.5588566 -0.26302254 -0.4132403 -0.38114172 -0.26952845 0.13292295 0.11472794 -0.04726147 0.043310083 0.0 -1.1517242473033207
0.05648268 -0.169897 -0.0865908 0.111381434 -0.4374777 0.112857 0.0865908 -0.111381434 0.0 0.22641574 0.3888983 0.08267715 0.50929546 -0.5594409 -0.25731036 -0.4157023 -0.37770748 -0.2639371 0.13402458 0.08598464 -0.111554064 0.068614274 0.0 -1.1453010770317913
0.05764785 -0.16871883 0.047538042 0.011629636 -0.43586975 0.116772234 -0.047538042 -0.011629636 0.0 0.23148814 0.3843293 0.08929578 0.5065487 -0.56254107 -0.25181052 -0.42034873 -0.37402993 -0.2620923 0.13572106 -0.048053753 -0.011769535 0.028558038 0.0 -1.1561784807064213
0.059738927 -0.17098956 0.12144699 -0.004375918 -0.43764323 0.12149412 -0.12144699 0.004375918 0.0 0.23262103 0.38168472 0.091783404 0.5054628 -0.5683664 -0.24567114 -0.4275288 -0.36944923 -0.26368368 0.13852367 -0.12188548 0.0042620483 0.046626765 0.0 -1.1703220371253704
0.06267458 -0.17247003 0.06799719 0.06358204 -0.43785447 0.13022286 -0.06799719 -0.06358204 0.0 0.23813428 0.37515655 0.10013801 0.5020946 -0.5768651 -0.23388553 -0.43886882 -0.36082363 -0.2635674 0.14330238 -0.06837103 -0.0636702 0.10665362 0.0 -1.178769399471997
0.067217685 -0.17312604 0.11591118 0.0822951 -0.4364732 0.14334507 -0.11591118 -0.0822951 0.0 0.2480027 0.36344978 0.11473009 0.49533862 -0.58867705 -0.21544856 -0.45540443 -0.3473374 -0.2618366 0.15005408 -0.11623063 -0.08235829 0.14955695 0.0 -1.186737967755306
0.07114048 -0.17136563 0.005563693 0.13827236 -0.43306825 0.15391266 -0.005563693 -0.13827236 0.0 0.25839695 0.35096395 0.12961742 0.48724338 -0.59720623 -0.19958076 -0.4684267 -0.3358602 -0.2583149 0.15476596 -0.0058361646 -0.13831688 0.10424265 0.0 -1.1837501732122244
0.075418584 -0.17042309 0.112104595 0.0823238 -0.43289626 0.15771605 -0.112104595 -0.0823238 0.0 0.2618379 0.3429126 0.13540794 0.4813746 -0.6030559 -0.19291848 -0.47662598 -0.33138046 -0.25816238 0.15557924 -0.1123362 -0.08235764 0.033262942 0.0 -1.1866986451137977
0.07989762 -0.16922103 0.05186073 0.13084452 -0.43320188 0.1598763 -0.05186073 -0.13084452 0.0 0.26405194 0.33534825 0.13956888 0.47556314 -0.6082438 -0.1883466 -0.48376077 -0.32856148 -0.25852212 0.15529744 -0.05205747 -0.1308705 0.06482577 0.0 -1.184551961744393
0.083217725 -0.170138 0.12269278 -0.009841709 -0.43250513 0.16842948 -0.12269278 0.009841709 0.0 0.26862913 0.32769036 0.14743002 0.47075337 -0.61557263 -0.17564197 -0.49437353 -0.31870496 -0.2579846 0.15980172 -0.122860044 0.009823525 0.09259324 0.0 -1.2011481760264346
0.08618933 -0.17021166 0.030853841 0.100498736 -0.43087915 0.17650928 -0.030853841 -0.100498736 0.0 0.27372855 0.3196222 0.15584774 0.46543154 -0.6218021 -0.16326609 -0.50392133 -0.30907544 -0.25660804 0.16387439 -0.030995967 -0.100510925 0.07916807 0.0 -1.2040205113156104
0.09057063 -0.16863377 0.08935892 0.110303394 -0.4306428 0.17904328 -0.08935892 -0.110303394 0.0 0.27604324 0.31151262 0.16037503 0.45908335 -0.62666875 -0.15781382 -0.5110005 -0.30538452 -0.25658652 0.16378106 -0.08947955 -0.11031193 0.039815746 0.0 -1.204364448559071
0.0926459 -0.16576622 -0.061322946 0.10982574 -0.42698592 0.18390715 0.061322946 -0.10982574 0.0 0.28215986 0.30250537 0.16940512 0.452314 -0.62957406 -0.14904468 -0.5168193 -0.29885328 -0.25326583 0.16523749 0.061220545 -0.10983098 0.09126975 0.0 -1.2050067778529558
0.09416009 -0.16136035 -0.025218522 0.13605593 -0.42201364 0.18763222 0.025218522 -0.13605593 0.0 0.2892831 0.29256192 0.17943211 0.4445126 -0.6309715 -0.1413594 -0.5211205 -0.29331008 -0.24868816 0.1656229 0.025131635 -0.13605873 0.05738977 0.0 -1.2008433572811064
0.09634963 -0.15708718 -0.015691767 0.14052647 -0.41670102 0.1931019 0.015691767 -0.14052647 0.0 0.29694226 0.28066087 0.19082807 0.43524426 -0.63361675 -0.13069811 -0.52750254 -0.2852815 -0.24396628 0.16687387 0.015618065 -0.14052707 0.110949 0.0 -1.197953147593813
0.09963245 -0.15370987 0.049583632 0.13208412 -0.41073373 0.20277546 -0.049583632 -0.13208412 0.0 0.30550924 0.265619 0.20480075 0.4237773 -0.6387102 -0.113334656 -0.5380017 -0.27149296 -0.23901089 0.17059354 -0.0496461 -0.13208246 0.13593718 0.0 -1.197523895085634
0.10283683 -0.15171255 0.05421353 0.08551167 -0.40385622 0.21608411 -0.05421353 -0.08551167 0.0 0.31435904 0.24955286 0.22020978 0.41170147 -0.64458275 -0.090427905 -0.55043346 -0.2525765 -0.23359677 0.1768992 -0.05426639 -0.085508116 0.15434745 0.0 -1.203720360575097
0.106679186 -0.14907008 0.058952164 0.12912571 -0.39618325 0.2294418 -0.058952164 -0.12912571 0.0 0.32280865 0.23142199 0.23585154 0.39753854 -0.6501034 -0.06623273 -0.5631463 -0.23234929 -0.22780505 0.18283762 -0.058996804 -0.12912074 0.1630535 0.0 -1.2050964973500786
0.1107521 -0.14714234 0.09842014 0.09135539 -0.3888588 0.24272232 -0.09842014 -0.09135539 0.0 0.32955816 0.2139067 0.24979553 0.38359517 -0.65520954 -0.041805662 -0.5754469 -0.21149412 -0.22263251 0.18894958 -0.09845778 -0.09134957 0.1491557 0.0 -1.211605200052733
0.11548632 -0.14670856 0.1323296 0.049900196 -0.38019276 0.26004183 -0.1323296 -0.049900196 0.0 0.3358201 0.19462848 0.26481438 0.3681636 -0.6607063 -0.010533557 -0.5897005 -0.18406868 -0.216926 0.1978627 -0.1323612 -0.049893647 0.20708889 0.0 -1.226086925908234
0.11990657 -0.14795588 0.13670978 -0.011766052 -0.36997423 0.28019315 -0.13670978 0.011766052 0.0 0.3413848 0.17568642 0.2799841 0.35284793 -0.66487736 0.025377475 -0.60347664 -0.15178405 -0.2103566 0.20917097 -0.13673624 0.011773058 0.18961073 0.0 -1.247077515646493
0.12458265 -0.14842509 0.13165271 0.051805865 -0.3648136 0.29171142 -0.13165271 -0.051805865 0.0 0.34256926 0.16301489 0.28724375 0.3421666 -0.6682321 0.047097247 -0.6129066 -0.13205448 -0.20771074 0.21528934 -0.13167493 -0.05179917 0.0807072 0.0 -1.2581143306617666
0.12939145 -0.14832127 0.13651347 0.038042612 -0.36347952 0.29754773 -0.13651347 -0.038042612 0.0 0.34117812 0.15468098 0.28945908 0.33490694 -0.67174596 0.05907194 -0.6200269 -0.121153995 -0.20794268 0.21798842 -0.1365322 -0.038036563 0.06737521 0.0 -1.2707157879356952
0.1327856 -0.14589149 0.04186138 0.13025388 -0.35933143 0.30246952 -0.04186138 -0.13025388 0.0 0.34191942 0.1437228 0.29428443 0.32507098 -0.67290574 0.07101757 -0.6252708 -0.11033059 -0.20563188 0.21941754 -0.041877136 -0.1302484 0.093703516 0.0 -1.2738766053827206
0.13410506 -0.14134546 -0.017012974 0.14080964 -0.35653275 0.3012278 0.017012974 -0.14080964 0.0 0.3431371 0.13565171 0.2972724 0.31745568 -0.67234874 0.072844066 -0.62648404 -0.1089599 -0.20365071 0.21668144 0.016999662 -0.14080487 -0.00072981615 0.0 -1.2703797881515433
0.13518149 -0.13665694 0.0037133126 0.14188057 -0.3581833 0.29429692 -0.0037133126 -0.14188057 0.0 0.3424573 0.13287798 0.295514 0.31440642 -0.6726377 0.06404207 -0.6256944 -0.11748637 -0.20480238 0.2106599 -0.003724623 -0.1418766 -0.031971432 0.0 -1.2655647437381474
0.13788521 -0.13286039 0.07266494 0.12058476 -0.36333376 0.28556716 -0.07266494 -0.12058476 0.0 0.33920944 0.13264124 0.29007217 0.31358814 -0.67497796 0.051522743 -0.62584066 -0.12942415 -0.20895204 0.20379306 -0.07267457 -0.12058151 -0.049401198 0.0 -1.2630184446991648
0.13992032 -0.12865712 -0.004446324 0.14131652 -0.3699808 0.2733156 0.004446324 -0.14131652 0.0 0.3356009 0.13508484 0.28269804 0.31496686 -0.6766727 0.03281825 -0.6237698 -0.14706376 -0.2139264 0.1947813 0.004438103 -0.14131393 -0.0892172 0.0 -1.255352443251304
0.1410994 -0.12398245 -0.009864763 0.14160644 -0.37679154 0.2585852 0.009864763 -0.14160644 0.0 0.33221158 0.139137 0.27455133 0.317551 -0.67698985 0.010029679 -0.61932963 -0.1683843 -0.21870725 0.18422204 0.009857737 -0.14160444 -0.09678452 0.0 -1.2467389279969816
0.14290428 -0.11956109 0.020056264 0.13980924 -0.38008553 0.24940477 -0.020056264 -0.13980924 0.0 0.3302632 0.13823815 0.27052495 0.31596714 -0.677363 -0.0026368832 -0.6176247 -0.18036586 -0.22114445 0.17689145 -0.02006224 -0.13980761 -0.0028677422 0.0 -1.2421207009625088
0.14342864 -0.11492912 -0.05626534 0.12939504 -0.37979046 0.24378529 0.05626534 -0.12939504 0.0 0.33086655 0.1346069 0.2706312 0.312168 -0.67636144 -0.009087253 -0.61612606 -0.18664837 -0.22064729 0.17171706 0.05626027 -0.12939368 -0.012593017 0.0 -1.2365364023456047
0.1437664 -0.11016246 -0.023747837 0.13940461 -0.37773445 0.24049446 0.023747837 -0.13940461 0.0 0.3325337 0.1288142 0.27292398 0.30658633 -0.6751941 -0.011332165 -0.6155844 -0.1891043 -0.2188462 0.1678663 0.023743542 -0.13940343 0.032487784 0.0 -1.2315511829928145
0.14557017 -0.105762705 0.027610376 0.13894759 -0.3773881 0.23680107 -0.027610376 -0.13894759 0.0 0.33256638 0.123143874 0.2734518 0.30108127 -0.67554766 -0.014196445 -0.6164331 -0.19213384 -0.2187028 0.1637309 -0.027614016 -0.1389466 -0.0019934566 0.0 -1.2256301785969062
0.14702614 -0.10123763 -0.01608554 0.14032274 -0.37545 0.23509854 0.01608554 -0.14032274 0.0 0.33355996 0.115690805 0.27588955 0.29410148 -0.6756341 -0.013474108 -0.6179637 -0.19188479 -0.21736225 0.16074464 0.016082462 -0.14032187 0.052737936 0.0 -1.220445378829858
0.1470277 -0.09648116 -0.05475234 0.13019238 -0.3686072 0.23908083 0.05475234 -0.13019238 0.0 0.3374806 0.1034589 0.28391325 0.28314415 -0.6744081 -0.0025484473 -0.6208407 -0.18223369 -0.21226475 0.16112421 0.054749746 -0.13019158 0.10473778 0.0 -1.2169514956994583
0.14631516 -0.09172965 -0.058746547 0.1287444 -0.3587309 0.2465401 0.058746547 -0.1287444 0.0 0.34256744 0.08800335 0.29487815 0.26933724 -0.67223597 0.014994249 -0.62454665 -0.16633964 -0.20500928 0.1635351 0.058744375 -0.12874363 0.12824455 0.0 -1.2138011822970147
0.14743432 -0.087292574 0.037237078 0.13517256 -0.34784532 0.25730354 -0.037237078 -0.13517256 0.0 0.34591162 0.068479195 0.3061373 0.25171196 -0.6711042 0.03958226 -0.6313299 -0.14365053 -0.19787107 0.16770512 -0.037238892 -0.13517185 0.17737815 0.0 -1.2134729598466525
0.14993517 -0.083190866 0.05738394 0.12942326 -0.33686015 0.26927486 -0.05738394 -0.12942326 0.0 0.34701416 0.0473081 0.316097 0.23224154 -0.6702147 0.06735008 -0.63929754 -0.117583364 -0.19136803 0.17256826 -0.05738545 -0.12942258 0.17323898 0.0 -1.2137135788641236
0.15257947 -0.079174876 0.06332347 0.12662613 -0.3258848 0.28062236 -0.06332347 -0.12662613 0.0 0.34671298 0.026524834 0.32458663 0.21271472 -0.6684261 0.09470754 -0.6462998 -0.09148235 -0.18513468 0.17713557 -0.06332472 -0.12662551 0.1715731 0.0 -1.214099576311532
0.15462622 -0.07513844 0.040799543 0.12730296 -0.31947023 0.28554884 -0.040799543 -0.12730296 0.0 0.34564978 0.0124761965 0.32881337 0.19921876 -0.667147 0.10942454 -0.6503106 -0.07731803 -0.18171206 0.17811151 -0.040800586 -0.1273024 0.05802743 0.0 -1.2087170666343297
0.15822323 -0.07278687 0.13170815 0.041927677 -0.31995273 0.28614706 -0.13170815 -0.041927677 0.0 0.34236044 0.0063353986 0.32742095 0.19323929 -0.66939974 0.113561876 -0.65446025 -0.073342 -0.18329252 0.1773166 -0.13170902 -0.041927185 0.020906234 0.0 -1.2124498700520736
0.16284963 -0.07170637 0.1339909 0.040210493 -0.31925592 0.29054555 -0.1339909 -0.040210493 0.0 0.33786795 -0.0012446862 0.32632425 0.18589963 -0.67177874 0.12433325 -0.66023505 -0.06281107 -0.18459414 0.17925191 -0.13399164 -0.040210065 0.09567885 0.0 -1.2206018839250696
0.16752273 -0.07119196 0.13842803 0.011241914 -0.31745172 0.29678273 -0.13842803 -0.011241914 0.0 0.3331102 -0.009358566 0.32567638 0.17799401 -0.6735374 0.13834697 -0.66610354 -0.0490056 -0.18526486 0.1825606 -0.13842866 -0.011241536 0.06783136 0.0 -1.2314576738933927
0.17227413 -0.070509136 0.13835625 0.030379958 -0.31577668 0.30272764 -0.13835625 -0.030379958 0.0 0.32809612 -0.017242849 0.32466674 0.17022578 -0.67516595 0.15193573 -0.6717366 -0.035532907 -0.18606034 0.18570746 -0.13835678 -0.030379627 0.084002584 0.0 -1.2420853870372393
0.1748067 -0.06749518 0.039113007 0.12972808 -0.309247 0.30895397 -0.039113007 -0.12972808 0.0 0.32487577 -0.029928988 0.32699516 0.15755904 -0.6729409 0.16886261 -0.67506033 -0.018625414 -0.18305016 0.18814665 -0.039113436 -0.12972778 0.124473326 0.0 -1.2416787301995869
0.17573647 -0.062781624 0.026956683 0.13909546 -0.30017525 0.31417555 -0.026956683 -0.13909546 0.0 0.32259575 -0.045142725 0.330809 0.1421773 -0.6682311 0.18598141 -0.6764444 -0.0013386239 -0.1779724 0.18932961 -0.026957039 -0.1390952 0.11527812 0.0 -1.238934814760943
0.17757186 -0.058403954 0.079605654 0.11715729 -0.2960075 0.3158036 -0.079605654 -0.11715729 0.0 0.319529 -0.055771567 0.33144853 0.13134918 -0.6665288 0.19491997 -0.6784483 0.007799231 -0.17629988 0.18856321 -0.07960595 -0.11715706 0.044240613 0.0 -1.2366398111115127
0.17831783 -0.053798076 0.001907196 0.1416017 -0.298928 0.30944628 -0.001907196 -0.1416017 0.0 0.3188519 -0.058386996 0.32963577 0.12880264 -0.6687089 0.18631656 -0.67949283 -0.00087307295 -0.17845048 0.18293461 -0.0019074497 -0.1416015 -0.06252511 0.0 -1.225650714141218
0.17713867 -0.04917953 -0.04484312 0.13433914 -0.30328327 0.29952678 0.04484312 -0.13433914 0.0 0.32081413 -0.057482615 0.32833362 0.12986654 -0.6708619 0.16997045 -0.6783814 -0.017378703 -0.18061896 0.1751343 0.044842903 -0.13433897 -0.060246978 0.0 -1.2139776578670627
0.17778923 -0.04474664 0.060821027 0.12622833 -0.31155878 0.28725004 -0.060821027 -0.12622833 0.0 0.32146427 -0.053682636 0.32419026 0.13379754 -0.67570406 0.14833604 -0.67843 -0.039144147 -0.18575352 0.16603512 -0.060821213 -0.1262282 -0.111469544 0.0 -1.2012978501961151
0.17928861 -0.040170755 0.032086838 0.13852675 -0.3242073 0.26991454 -0.032086838 -0.13852675 0.0 0.32197624 -0.045363247 0.3171831 0.14207548 -0.6824901 0.11651204 -0.67769694 -0.07092669 -0.19364317 0.1538412 -0.032087002 -0.13852665 -0.16312698 0.0 -1.1839097831954353
0.18135418 -0.03586579 0.06579912 0.12552808 -0.3377347 0.25067547 -0.06579912 -0.12552808 0.0 0.32192796 -0.035328895 0.30874014 0.15170676 -0.6887833 0.081371725 -0.67559546 -0.10566392 -0.20210023 0.14056955 -0.065799266 -0.125528 -0.15794185 0.0 -1.1674661379081854
0.18404897 -0.03188472 0.069625854 0.12329878 -0.3481885 0.2350136 -0.069625854 -0.12329878 0.0 0.32066077 -0.028793065 0.3012318 0.15769759 -0.69338506 0.054076515 -0.6739561 -0.13241415 -0.20895134 0.12950045 -0.06962598 -0.12329871 -0.092871025 0.0 -1.1519774622036536
0.18601137 -0.027551536 0.028607178 0.13825409 -0.3523626 0.22639582 -0.028607178 -0.13825409 0.0 0.31952554 -0.02957218 0.29791734 0.15667856 -0.6954199 0.041434817 -0.6738117 -0.14481592 -0.21190122 0.12251792 -0.028607285 -0.13825403 -0.005434875 0.0 -1.13642688179173
0.18938304 -0.02477089 0.12478446 0.061248012 -0.35047078 0.23089309 -0.12478446 -0.061248012 0.0 0.3157135 -0.03957281 0.29814592 0.14710239 -0.69745517 0.053408638 -0.6798876 -0.13326655 -0.21229315 0.12399617 -0.124784544 -0.061247967 0.13262297 0.0 -1.1371156612738131
0.19164337 -0.022149932 0.026749045 0.1012903 -0.33782846 0.24925445 -0.026749045 -0.1012903 0.0 0.31051907 -0.061548978 0.30443037 0.12585214 -0.69504225 0.093378924 -0.6889535 -0.09402219 -0.20646507 0.13408643 -0.026749115 -0.101290256 0.2807929 0.0 -1.1386018669438236
0.19365942 -0.017947443 0.07843031 0.11743959 -0.3145241 0.27657706 -0.07843031 -0.11743959 0.0 0.30086416 -0.095243536 0.3128583 0.09187244 -0.6850936 0.15584123 -0.6970877 -0.03127476 -0.19486727 0.149289 -0.07843037 -0.117439546 0.39399222 0.0 -1.144761431125931
0.19629589 -0.013945885 0.100747004 0.09896368 -0.28381675 0.3075577 -0.100747004 -0.09896368 0.0 0.28455466 -0.13279128 0.3180608 0.05169068 -0.66584295 0.23038997 -0.69934905 0.045908008 -0.17964755 0.16731225 -0.10074705 -0.09896363 0.4334933 0.0 -1.158912410935125
0.19794443 -0.009511576 0.067879476 0.12395833 -0.252078 0.3324015 -0.067879476 -0.12395833 0.0 0.2658582 -0.16629216 0.31893134 0.013539687 -0.6401719 0.2965963 -0.693245 0.11676444 -0.16352965 0.18180536 -0.067879505 -0.12395829 0.35845417 0.0 -1.1704600629890187
0.19963963 -0.005027683 0.102535255 0.0979333 -0.22796047 0.34786585 -0.102535255 -0.0979333 0.0 0.2485612 -0.19053957 0.31580493 -0.01551234 -0.61767364 0.3431208 -0.6849174 0.16809359 -0.15170246 0.19068846 -0.10253528 -0.09793326 0.24232693 0.0 -1.1823023586132968
0.20239167 -0.0011154392 0.12758663 0.06169115 -0.21537264 0.35576805 -0.12758663 -0.06169115 0.0 0.23519279 -0.20453909 0.31062666 -0.032882504 -0.60487515 0.36943144 -0.680309 0.19777486 -0.14662196 0.19516496 -0.12758665 -0.06169112 0.123188764 0.0 -1.194236707233318
0.20441811 0.0031747783 0.09434308 0.105892226 -0.21296707 0.35630298 -0.09434308 -0.105892226 0.0 0.22807175 -0.21153331 0.30639377 -0.041175123 -0.6021833 0.37654224 -0.6805053 0.20618404 -0.14693843 0.19456175 -0.094343096 -0.105892204 0.022428136 0.0 -1.1977930295004924
0.20393433 0.0077809016 0.013651589 0.14065738 -0.21713684 0.3502654 -0.013651589 -0.14065738 0.0 0.22823204 -0.2141811 0.3052488 -0.043228865 -0.60649645 0.36752725 -0.6835132 0.196575 -0.1498731 0.18903391 -0.013651603 -0.14065735 -0.057478637 0.0 -1.1933024858969095
0.20215504 0.012279774 -0.0021038968 0.14250368 -0.22922003 0.33768094 0.0021038968 -0.14250368 0.0 0.23547 -0.21096875 0.30650738 -0.03744659 -0.61894417 0.34141943 -0.6899815 0.16789727 -0.15640117 0.17888099 0.002103884 -0.14250366 -0.16654873 0.0 -1.1830991986377348
0.20147386 0.01646755 0.040831786 0.12043914 -0.25193352 0.31743407 -0.040831786 -0.12043914 0.0 0.24835283 -0.19896391 0.30764562 -0.02108581 -0.6410376 0.29514235 -0.7003303 0.11726424 -0.1686741 0.16385062 -0.040831797 -0.12043913 -0.28944418 0.0 -1.1686969504182558
0.2001005 0.020775901 -0.03630009 0.13143775 -0.28110027 0.28704944 0.03630009 -0.13143775 0.0 0.26682508 -0.17849444 0.3086204 0.004287946 -0.66621906 0.22719623 -0.7080143 0.044413835 -0.18336461 0.14224699 0.036300078 -0.13143773 -0.38683048 0.0 -1.1445843180581803
0.19731404 0.021720082 -0.10126289 -0.018357854 -0.30379647 0.2585291 0.10126289 0.018357854 0.0 0.28482184 -0.1543653 0.3095399 0.031498272 -0.6817325 0.16332796 -0.7064505 -0.022535611 -0.19309239 0.12338244 0.10126288 0.018357864 -0.3015602 0.0 -1.136737791849568
0.19329552 0.019393636 -0.118929416 -0.07719629 -0.31958133 0.23522489 0.118929416 0.07719629 0.0 0.3005077 -0.12870215 0.31010997 0.058551818 -0.68857783 0.1097639 -0.6981801 -0.07749006 -0.19830783 0.10947616 0.11892941 0.0771963 -0.28721303 0.0 -1.1335923492133324
0.1914072 0.018153181 -0.022378195 -0.010027884 -0.33133638 0.21673861 0.022378195 0.010027884 0.0 0.3096134 -0.10904761 0.30788127 0.07844439 -0.6920761 0.069206335 -0.6903439 -0.11828566 -0.20268483 0.09854899 0.022378186 0.010027889 -0.17015874 0.0 -1.1263720707864617
0.19285505 0.019346127 0.08627803 0.07101973 -0.3398014 0.2042723 -0.08627803 -0.07101973 0.0 0.31169456 -0.09987618 0.3036873 0.08745276 -0.6954004 0.044747293 -0.6873931 -0.14258166 -0.20726566 0.0904554 -0.086278036 -0.071019724 -0.0856177 0.0 -1.1127327541795606
0.19614117 0.022730645 0.08423135 0.1139722 -0.34558442 0.19616325 -0.08423135 -0.1139722 0.0 0.3099063 -0.09927745 0.2994037 0.08792817 -0.6990263 0.031914275 -0.6885237 -0.15529135 -0.21154392 0.08412241 -0.084231354 -0.1139722 -0.020314632 0.0 -1.0954844614728185
0.19822429 0.025777021 0.044254344 0.08635854 -0.34444028 0.1984027 -0.044254344 -0.08635854 0.0 0.30636153 -0.107228294 0.29878077 0.080118395 -0.7004016 0.039687727 -0.69282085 -0.14765896 -0.21216403 0.08428434 -0.044254348 -0.08635854 0.106505856 0.0 -1.0853039956985915
0.19897905 0.030191185 0.0026907867 0.14100307 -0.33553278 0.20994017 -0.0026907867 -0.14100307 0.0 0.30020803 -0.12589744 0.30142817 0.0615986 -0.69855064 0.068106025 -0.6997708 -0.11939 -0.20875809 0.089739576 -0.0026907912 -0.14100307 0.21349098 0.0 -1.071764059361938
0.19947094 0.034937765 0.033348527 0.13675478 -0.318826 0.23106077 -0.033348527 -0.13675478 0.0 0.28844887 -0.15386848 0.3044521 0.03294733 -0.6918989 0.11829779 -0.70790213 -0.06851801 -0.20192577 0.101236485 -0.03334853 -0.13675478 0.334025 0.0 -1.0649016213564344
0.19996355 0.039717656 0.03455668 0.13727814 -0.29906663 0.253008 -0.03455668 -0.13727814 0.0 0.27284008 -0.18273963 0.30485627 0.0020067175 -0.6804576 0.17275964 -0.7124738 -0.01198671 -0.193769 0.11360781 -0.03455668 -0.13727814 0.29747096 0.0 -1.058241307886295
0.20134404 0.044246603 0.089096524 0.10917681 -0.27632454 0.27614927 -0.089096524 -0.10917681 0.0 0.25181305 -0.21172772 0.3011562 -0.030836862 -0.6635951 0.23232657 -0.7129382 0.051435705 -0.18468109 0.12741634 -0.089096524 -0.1091768 0.3718646 0.0 -1.0621156065988024
0.20295808 0.048766665 0.08744116 0.11124144 -0.25117978 0.29814348 -0.08744116 -0.11124144 0.0 0.22683568 -0.23893614 0.29359293 -0.06372278 -0.64087826 0.2923159 -0.7076355 0.11710253 -0.17448546 0.14117855 -0.08744116 -0.11124144 0.34136957 0.0 -1.068147730474866
0.2040213 0.053447127 0.0838303 0.11400997 -0.22656211 0.31563815 -0.0838303 -0.11400997 0.0 0.20158957 -0.26197714 0.28372458 -0.09342421 -0.6152244 0.34462908 -0.69735944 0.17607613 -0.16418914 0.1524523 -0.0838303 -0.11400997 0.3118167 0.0 -1.07371064235576
0.2038929 0.05823942 0.05098465 0.13299304 -0.21225749 0.32260105 -0.05098465 -0.13299304 0.0 0.18566315 -0.27624154 0.2763465 -0.11212947 -0.5989179 0.37151518 -0.6896013 0.20740311 -0.15834796 0.15642713 -0.05098465 -0.13299304 0.10431991 0.0 -1.0691206585183082
0.20287088 0.062952735 0.037093684 0.1372433 -0.20947097 0.32074472 -0.037093684 -0.1372433 0.0 0.18059391 -0.28324425 0.27341312 -0.12033063 -0.5954595 0.37470508 -0.68827873 0.21179147 -0.15773652 0.15388085 -0.037093684 -0.1372433 0.0122021 0.0 -1.0602600160551465
0.19964828 0.065874815 -0.08739244 0.108220235 -0.21596007 0.31131393 0.08739244 -0.108220235 0.0 0.18906808 -0.2827446 0.27778947 -0.117563576 -0.6031759 0.35561717 -0.6918973 0.19043617 -0.16007426 0.14579418 0.08739244 -0.108220235 -0.15683916 0.0 -1.0433444798034026
0.19580308 0.06869783 -0.051532112 0.13242744 -0.23012617 0.2950463 0.051532112 -0.13242744 0.0 0.20629624 -0.27634567 0.28599632 -0.106627814 -0.6191656 0.31843922 -0.69886565 0.14872135 -0.1654105 0.13277526 0.05153211 -0.13242744 -0.21535899 0.0 -1.0212943027491432
0.1940111 0.072954886 0.028387684 0.13834123 -0.24911529 0.27447456 -0.028387684 -0.13834123 0.0 0.22433418 -0.2666344 0.29257303 -0.09199273 -0.63884914 0.2719478 -0.707088 0.09730613 -0.17375314 0.1168657 -0.028387684 -0.13834123 -0.25311154 0.0 -0.9957381936400245
0.1934422 0.07772656 0.031716134 0.13796985 -0.26499718 0.2554253 -0.031716134 -0.13796985 0.0 0.23792677 -0.25840423 0.29630795 -0.080224864 -0.653982 0.23114148 -0.7123632 0.052962117 -0.18095246 0.102270186 -0.031716134 -0.13796984 -0.16389832 0.0 -0.9701736978640858
0.19545227 0.08158429 0.12373739 0.06287582 -0.2756388 0.24413872 -0.12373739 -0.06287582 0.0 0.24263577 -0.2542033 0.29558682 -0.07433546 -0.66370827 0.20807008 -0.7166593 0.028202256 -0.18698828 0.09360271 -0.12373739 -0.06287582 -0.07382181 0.0 -0.9539917054781033
0.19744349 0.08576984 0.06906802 0.1225955 -0.2813845 0.23757824 -0.06906802 -0.1225955 0.0 0.2423878 -0.2549823 0.29333976 -0.074537985 -0.6690299 0.1972058 -0.71998185 0.016761487 -0.19106907 0.088035166 -0.06906802 -0.1225955 -0.014342962 0.0 -0.9313901512935171
0.19785911 0.09052083 0.040564064 0.13515203 -0.28032628 0.23641784 -0.040564064 -0.13515203 0.0 0.23764218 -0.26224235 0.29070365 -0.08240707 -0.6684178 0.20058753 -0.7214793 0.020752236 -0.1917682 0.08582741 -0.040564064 -0.13515203 0.082602315 0.0 -0.9096755359140485
0.19715637 0.0952287 0.013515472 0.14021261 -0.2711641 0.24312322 -0.013515472 -0.14021261 0.0 0.22574343 -0.2765269 0.28619516 -0.099039316 -0.6604052 0.22336988 -0.72085696 0.04588231 -0.18890817 0.08899997 -0.013515472 -0.14021261 0.1958569 0.0 -0.8913660296973013
0.1972304 0.099974915 0.07041791 0.12286723 -0.2626992 0.24969067 -0.07041791 -0.12286723 0.0 0.21237458 -0.28999278 0.2800882 -0.1151468 -0.6524237 0.24599245 -0.7201373 0.07114647 -0.18686365 0.09230902 -0.07041791 -0.12286723 0.11930503 0.0 -0.8729531848615043
0.1987054 0.1045037 0.103898995 0.0954289 -0.25226715 0.25976774 -0.103898995 -0.0954289 0.0 0.19346716 -0.30439025 0.2703732 -0.13338818 -0.64163786 0.27677745 -0.7185439 0.105775364 -0.18489902 0.09857983 -0.103898995 -0.0954289 0.2408181 0.0 -0.8626166532461268
0.2004062 0.10900965 0.103040256 0.09751263 -0.24162088 0.269635 -0.103040256 -0.09751263 0.0 0.17337012 -0.31750706 0.25929266 -0.15085301 -0.62952894 0.30740044 -0.7154514 0.14074638 -0.18295106 0.10508147 -0.103040256 -0.09751263 0.16243023 0.0 -0.8498629066278298
0.20210208 0.11340749 0.10859039 0.08647315 -0.23524924 0.27527648 -0.10859039 -0.08647315 0.0 0.1580267 -0.32662663 0.24997698 -0.163221 -0.6215197 0.32718045 -0.7134699 0.16377482 -0.18262687 0.10869047 -0.10859039 -0.08647315 0.11262417 0.0 -0.8363312210963263
0.20404156 0.11772949 0.11565541 0.0780434 -0.23285548 0.2777814 -0.11565541 -0.0780434 0.0 0.14675033 -0.33283526 0.24236129 -0.17154424 -0.6178575 0.3383808 -0.7134685 0.1770898 -0.18400225 0.110051356 -0.11565541 -0.0780434 0.061823614 0.0 -0.8217548216192133
0.20357941 0.12211473 0.01737828 0.13841319 -0.23191804 0.27612904 -0.01737828 -0.13841319 0.0 0.1415035 -0.33828908 0.23873802 -0.17797159 -0.61628866 0.34061244 -0.71352315 0.18029495 -0.18476075 0.10791431 -0.01737828 -0.13841319 0.022520855 0.0 -0.7973763170968158
0.20193063 0.1266388 0.03300211 0.13803403 -0.2326935 0.27154377 -0.03300211 -0.13803403 0.0 0.14036383 -0.34309557 0.23769334 -0.18283573 -0.6170258 0.33625498 -0.71435535 0.17599514 -0.1856359 0.10330113 -0.03300211 -0.13803403 -0.0084074065 0.0 -0.7706010926028306
0.20050119 0.13125263 0.033273865 0.13827474 -0.23785178 0.26331255 -0.033273865 -0.13827474 0.0 0.14440282 -0.34564945 0.23931225 -0.18394464 -0.62311345 0.32223904 -0.7180229 0.16053422 -0.18827043 0.09579628 -0.033273865 -0.13827474 -0.081384264 0.0 -0.7394382081762606
0.19845344 0.13560167 -0.003002373 0.14213404 -0.24677232 0.25043866 0.003002373 -0.14213404 0.0 0.15556872 -0.34544304 0.24503523 -0.1806644 -0.6337841 0.29649025 -0.7232506 0.13171163 -0.19163461 0.084668204 0.003002373 -0.14213404 -0.14255361 0.0 -0.7023428407613089
0.19538514 0.13926148 -0.046154853 0.13385014 -0.2540375 0.23725644 0.046154853 -0.13385014 0.0 0.16833508 -0.3445981 0.25214618 -0.1768723 -0.6423915 0.27012023 -0.7262026 0.1023944 -0.1932943 0.07345694 0.046154853 -0.13385014 -0.106504954 0.0 -0.6634139755819025
0.19234765 0.14294824 -0.024324168 0.13887598 -0.25436762 0.23106964 0.024324168 -0.13887598 0.0 0.17150922 -0.34822494 0.25430644 -0.17999631 -0.6429129 0.2615888 -0.72571015 0.09336018 -0.19263686 0.067639776 0.024324168 -0.13887598 0.03737349 0.0 -0.6271419059621907
0.18988137 0.1468116 -0.007238527 0.1348876 -0.2493781 0.23144028 0.007238527 -0.1348876 0.0 0.16507728 -0.35607997 0.25115174 -0.18950434 -0.63725156 0.26955947 -0.723326 0.102983855 -0.19085836 0.066833325 0.007238527 -0.1348876 0.0944557 0.0 -0.5914869361697912
0.18704128 0.15065548 -0.024531998 0.13890462 -0.23876491 0.23707736 0.024531998 -0.13890462 0.0 0.15036085 -0.36751708 0.24343312 -0.20474792 -0.62466913 0.2916375 -0.71774143 0.12886833 -0.18728985 0.07013328 0.024531998 -0.13890462 0.19464381 0.0 -0.5578652169732251
0.18551452 0.15505116 0.059025653 0.1280419 -0.22835734 0.24357606 -0.059025653 -0.1280419 0.0 0.13173936 -0.3787451 0.23240547 -0.22055984 -0.6112494 0.31632608 -0.7119155 0.1581408 -0.18483533 0.07438434 -0.059025653 -0.1280419 0.15655068 0.0 -0.523487141764219
0.18713568 0.15921606 0.13310897 0.04263542 -0.223701 0.24862099 -0.13310897 -0.04263542 0.0 0.11519615 -0.38549417 0.22114149 -0.230795 -0.6039208 0.3342468 -0.7098661 0.17954762 -0.18591158 0.078057304 -0.13310897 -0.04263542 0.09743358 0.0 -0.49482984310135414
0.18867062 0.16363232 0.099685855 0.09961121 -0.21969499 0.2528102 -0.099685855 -0.09961121 0.0 0.09928666 -0.39155304 0.20999907 -0.24022886 -0.5970633 0.35023737 -0.7077757 0.19891316 -0.18723653 0.08115224 -0.099685855 -0.09961121 0.12488036 0.0 -0.46075727463206106
0.18781279 0.16706827 0.008828959 0.10160983 -0.20856592 0.26003984 -0.008828959 -0.10160983 0.0 0.07852707 -0.39914975 0.19650628 -0.25342003 -0.580719 0.37580243 -0.69869816 0.23007269 -0.18453977 0.08700009 -0.008828959 -0.10160983 0.21055114 0.0 -0.42790419643782296
0.18546061 0.17113043 0.03354581 0.13822287 -0.19634366 0.2654873 -0.03354581 -0.13822287 0.0 0.05763805 -0.40715417 0.18271314 -0.2674671 -0.56228447 0.39960003 -0.6873596 0.25991297 -0.18094593 0.091467455 -0.03354581 -0.13822287 0.16119057 0.0 -0.3905745594202944
0.18219955 0.1746029 -0.021496192 0.14067979 -0.19261627 0.2634064 0.021496192 -0.14067979 0.0 0.052065007 -0.41267377 0.1790546 -0.2747249 -0.55667275 0.40255296 -0.6836623 0.2646041 -0.17961986 0.08919072 0.021496192 -0.14067979 -0.021186631 0.0 -0.34320157207828184
0.17794989 0.17675199 -0.06483058 0.12578478 -0.19204654 0.2581313 0.06483058 -0.12578478 0.0 0.0555125 -0.41690043 0.1819133 -0.27841184 -0.5566924 0.3957258 -0.68309325 0.25723723 -0.17830813 0.083972566 0.06483058 -0.12578478 -0.00908291 0.0 -0.29317503757544916
0.17407985 0.17722054 -0.08824714 0.067690656 -0.19376323 0.25195736 0.08824714 -0.067690656 0.0 0.06509883 -0.4188211 0.18915573 -0.27822903 -0.56066877 0.38340777 -0.68472564 0.24281569 -0.17710157 0.078053944 0.08824714 -0.067690656 -0.095652215 0.0 -0.23846737429699738
0.17299701 0.17582507 -0.022434883 -0.065938994 -0.19824247 0.2474339 0.022434883 0.065938994 0.0 0.077220395 -0.41669977 0.1977427 -0.2730661 -0.5683034 0.3697195 -0.6888257 0.22608584 -0.17726135 0.07399861 0.022434883 0.065938994 -0.089019544 0.0 -0.1891726392941191
0.17393607 0.1750243 0.026978608 -0.01299642 -0.20731485 0.24130706 -0.026978608 0.01299642 0.0 0.09200002 -0.4124237 0.20724584 -0.26452288 -0.58155847 0.3501215 -0.6968043 0.2022207 -0.18007152 0.068744585 -0.026978608 0.01299642 -0.15633053 0.0 -0.13229076181474286
0.17602141 0.17757091 0.13508005 0.05200946 -0.22327015 0.22880119 -0.13508005 -0.05200946 0.0 0.111079045 -0.4077237 0.21812907 -0.2537869 -0.60286725 0.3171466 -0.7099173 0.16320978 -0.18670268 0.057971362 -0.13508005 -0.05200946 -0.21983649 0.0 -0.0686227982401848
0.17771994 0.18199295 0.10202006 0.09742884 -0.2360431 0.2168828 -0.10202006 -0.09742884 0.0 0.12347076 -0.40577528 0.22428493 -0.24768433 -0.61886686 0.2899913 -0.719681 0.13190031 -0.19267951 0.047650382 -0.10202006 -0.09742884 -0.09106152 0.0 0.0
