61
-0.20632517 0.12818442 -0.06804854 0.17610912 -0.2064545 0.20023142 0.09781783 -0.48060018 0.0 -0.4289471 0.6034522 -0.5421809 0.45400536 0.25486887 -0.14990829 0.36810267 -0.00046145823 0.07696651 -0.00906001 0.15935129 -0.20904332 0.25113496 0.15846217 -0.015181223 -0.113357045 -0.3162608 0.47994044 0.083703354 -0.21361554 -0.26190692 0.4825823 0.01520723 -0.114225216 -0.2086889 0.41108647 0.15272766 -0.1695828 0.0 0.0 -0.15377788797544334
-0.20586874 0.12626651 0.073123336 -0.003463586 -0.1768182 0.2163494 -0.08726704 -0.2920835 0.0 -0.338116 0.65752226 -0.4717919 0.5260422 0.22943501 -0.18689595 0.36311093 -0.055415913 0.07745631 -0.02064599 0.039876763 0.08800248 0.26686376 0.12047145 -0.1979216 0.036169667 -0.24426542 0.52043533 -0.06863844 0.104063496 -0.18894266 0.51538384 0.028045475 0.036838032 -0.14659026 0.43295765 -0.05999892 -0.09154103 1.0862111 0.0 -0.1554843400131915
-0.20917667 0.12340213 0.13050193 -0.059967212 -0.102054894 0.25581872 -0.23886877 -0.20487857 0.0 -0.10306446 0.73448235 -0.2729799 0.6552044 0.14983593 -0.25101125 0.31975135 -0.17173328 0.06344174 -0.04131576 -0.14936201 0.14572419 0.28343233 0.027171677 -0.2662628 0.059255466 -0.061475687 0.5775192 -0.21072298 0.17059508 -0.005646591 0.5496538 -0.0037234444 0.013922441 1.8850802e-05 0.45792854 -0.22693312 0.07016055 1.3730996 0.0 -0.15541332101087857
-0.21355918 0.12156974 0.045471463 -0.13532136 -0.017978368 0.27250832 -0.23075096 -0.07025784 0.0 0.14927208 0.7302377 -0.0374448 0.71311885 0.053855754 -0.2827045 0.24057263 -0.26558566 0.0420654 -0.052113023 -0.11733008 0.25722152 0.26954082 -0.06622417 -0.16763471 0.10079734 0.13522851 0.5730134 -0.026816389 0.27028507 0.17881694 0.52062744 -0.094469406 0.0555217 0.1498929 0.4340824 -0.1212555 0.06750166 1.3225583 0.0 -0.15352524592260897
-0.21651733 0.11843288 0.10912173 -0.08519278 0.06471918 0.2619688 -0.34486875 -0.041542087 0.0 0.3845203 0.6407518 0.20297022 0.6876114 -0.04694782 -0.2806556 0.13460225 -0.32751524 0.018860292 -0.05536231 -0.13572009 0.2097237 0.22523017 -0.14799489 -0.21312542 0.15926707 0.32067466 0.50096726 -0.029902725 0.18219087 0.33731234 0.43241054 -0.25162196 0.07785135 0.28175384 0.3609113 -0.21478412 0.06749582 1.3179337 0.0 -0.14939448267054561
-0.2175614 0.11712014 -0.022564054 -0.00485763 0.13962966 0.22540216 -0.23332696 -0.03420063 0.0 0.57654196 0.47640312 0.42120034 0.58140415 -0.13880531 -0.24708462 0.016536338 -0.35208568 0.001358368 -0.05327049 0.13372691 0.089729175 0.16255389 -0.2106511 0.09775549 0.06634041 0.47278202 0.36917448 0.106098466 0.10854067 0.45781302 0.29631773 -0.10940575 -0.0007430287 0.3822776 0.24681301 -0.08586788 -0.021235533 1.2964745 0.0 -0.14660549798611133
-0.21816932 0.114871524 0.059113696 -0.1119725 0.19846067 0.16873579 -0.30479392 0.1600758 0.0 0.70280427 0.2556488 0.5920994 0.40697855 -0.21499261 -0.18344708 -0.10428781 -0.33477685 -0.015171046 -0.045015443 -0.028813712 0.24613425 0.08320448 -0.25168422 -0.010851498 0.055385746 0.57306707 0.189857 0.066727035 0.06899604 0.5254107 0.12639529 -0.20096721 0.09380559 0.4391491 0.10717074 -0.14476515 0.19155365 1.3204075 0.0 -0.14415886722859028
-0.21836492 0.111276016 0.03034216 -0.087451644 0.23482761 0.10206137 -0.2396149 0.20920867 0.0 0.7469009 0.014928139 0.6918494 0.19416423 -0.26407647 -0.09944393 -0.20902494 -0.27868003 -0.026547143 -0.030755244 0.08303522 0.17214532 -0.003855238 -0.26263556 -0.00931664 0.08293834 0.6064894 -0.004786438 0.08631299 0.14135621 0.5328519 -0.04675334 -0.13997579 0.17863867 0.44641834 -0.036041457 -0.12504198 0.16808093 1.2187456 0.0 -0.1421148519722517
-0.22065361 0.10786134 -0.10814906 -0.09020652 0.25212055 0.032402545 -0.046995796 0.26558942 0.0 0.7161278 -0.21713984 0.7201803 -0.02968363 -0.27958614 -0.00807049 -0.2836386 -0.19552669 -0.027927972 -0.015998876 0.24305503 0.13370381 -0.080820344 -0.24595584 0.24314393 0.038826395 0.5789254 -0.18961763 0.13456884 0.1871119 0.49032888 -0.2048576 0.003932219 0.18727875 0.41207317 -0.16761869 0.013229314 0.19618517 1.1435759 0.0 -0.1404350990524561
-0.21867265 0.10858576 0.103990756 0.02189188 0.24628443 -0.028241377 -0.20420273 0.18118697 0.0 0.6318196 -0.39778647 0.68497825 -0.2179799 -0.27399018 0.06553287 -0.32714882 -0.11427372 -0.033386145 -0.011360364 -0.11037425 -0.15960059 -0.14023836 -0.21688543 0.03520869 -0.004683674 0.5091666 -0.33123133 -0.026268445 0.09714555 0.41337118 -0.32404768 -0.23593646 0.027281044 0.35000792 -0.265565 -0.1351651 0.11621537 0.81947315 0.0 -0.14198047092419613
-0.21500488 0.107663356 0.06278725 -0.12335101 0.23144078 -0.06560264 -0.1199566 0.33477187 0.0 0.54029566 -0.5097842 0.6271735 -0.34362617 -0.2590026 0.1197224 -0.34588045 -0.046435613 -0.03692111 -0.0038109566 0.0019046726 0.1284733 -0.17752615 -0.18288206 0.077256724 0.14367461 0.43646044 -0.41793656 0.051725175 0.19919297 0.33824104 -0.39134648 -0.0821172 0.26074222 0.28853074 -0.3209109 -0.09648543 0.2608672 0.6108661 0.0 -0.14281012462340975
-0.21317254 0.10621178 0.0030937055 -0.028343322 0.21794005 -0.089264154 -0.028000413 0.23868802 0.0 0.45961937 -0.58081824 0.5697807 -0.4290924 -0.23942368 0.15843481 -0.34958503 0.006708986 -0.034028247 0.0032889785 0.13072078 0.0035867963 -0.2008413 -0.1524308 0.011298552 0.047761496 0.3747649 -0.47309428 0.13112068 0.07405522 0.27500126 -0.43023613 -0.09578168 0.13019586 0.23696414 -0.35260966 -0.045721453 0.16350779 0.4718957 0.0 -0.14423871465165317
-0.21068944 0.10380375 0.07005915 -0.155848 0.21241625 -0.08945953 -0.08418462 0.36021143 0.0 0.43028155 -0.59913665 0.54772043 -0.45297116 -0.23182894 0.17336962 -0.34926784 0.0272041 -0.030816754 0.0058102165 -0.0420774 0.06603485 -0.20827065 -0.13587193 -0.07084824 0.30003482 0.35536355 -0.4862978 0.065458044 0.18491529 0.2504081 -0.43582416 -0.14954747 0.27335504 0.22013009 -0.3559675 0.00092356856 0.27691618 -0.12280513 0.0 -0.14508535600575426
-0.20858523 0.10291167 0.034841567 -0.020627499 0.21528 -0.0681537 -0.060166776 0.21711896 0.0 0.4637605 -0.570697 0.57235014 -0.4178424 -0.24287443 0.16130257 -0.3514641 0.008447962 -0.030211745 0.0039955727 0.030901145 -0.011199455 -0.20120732 -0.14158787 -0.035644356 0.15062824 0.38703603 -0.4617996 0.1061227 0.031208634 0.27223003 -0.41411504 -0.092988275 0.1498259 0.24284996 -0.33834392 0.08850289 0.043236926 -0.3141764 0.0 -0.14614412984021719
-0.20754823 0.10231259 -0.003664881 -0.03890426 0.21860066 -0.04083226 -0.038093984 0.2259023 0.0 0.5133845 -0.52488226 0.60754895 -0.36274245 -0.25719658 0.13946784 -0.351361 -0.022671955 -0.029859686 -0.00088049565 0.021755408 -0.10179483 -0.18656763 -0.154071 0.07941404 0.15537207 0.4316977 -0.42240766 0.14027055 0.073753156 0.3044828 -0.38440102 -0.13381353 0.061372552 0.27425382 -0.3141811 0.02258066 -0.010150002 -0.3641074 0.0 -0.14633136465591692
-0.2090023 0.10267307 -0.06957797 0.07389452 0.2207448 -0.014514086 0.011917914 0.102211505 0.0 0.56283945 -0.47379115 0.6409079 -0.30331662 -0.26828966 0.11304845 -0.3463581 -0.057426084 -0.030138407 -0.00886638 -0.01617841 -0.18465112 -0.16608326 -0.16937488 0.19569215 -0.011158218 0.47615004 -0.37804815 0.20236674 -0.025705345 0.33648542 -0.35387927 -0.07364297 -0.06736949 0.30328426 -0.2871354 -0.007946474 -0.039041776 -0.34741336 0.0 -0.14637499564107226
-0.21174593 0.10608739 -0.014329104 0.14032425 0.22018632 0.007582184 -0.057089746 0.02404373 0.0 0.6060715 -0.42331383 0.6678866 -0.2462965 -0.2762059 0.08338415 -0.338021 -0.0936332 -0.027079016 -0.018431604 0.094674595 -0.19881125 -0.14364383 -0.18683116 0.15141454 -0.116068155 0.51545846 -0.335157 0.15505715 -0.13168366 0.36506757 -0.32364914 -0.10934458 -0.072519 0.3290853 -0.25879562 0.014750721 -0.013244579 -0.34024408 0.0 -0.14587169851223883
-0.21519403 0.109160334 -0.106682494 0.092225894 0.21721166 0.036604505 0.018114485 0.056758177 0.0 0.6573537 -0.34721932 0.6963499 -0.16381936 -0.2817832 0.04416056 -0.3207794 -0.1392394 -0.019359857 -0.024298806 0.16737972 -0.0010568802 -0.11221842 -0.20760329 0.22168164 -0.14044751 0.56073713 -0.26936918 0.2302401 -0.023648832 0.40115872 -0.27716357 -0.028177438 -0.048551723 0.3623557 -0.21498358 0.14425421 0.018578984 -0.59757423 0.0 -0.14482300058006198
-0.21596704 0.1139631 0.0124454 0.14110653 0.20589909 0.069092676 -0.11923527 -0.011901884 0.0 0.703427 -0.24686827 0.71376383 -0.05965342 -0.28471535 -0.004523696 -0.29505217 -0.19173855 -0.014053668 -0.028827112 0.02809582 -0.0060819127 -0.07502127 -0.22647202 0.074006535 -0.081490315 0.5979637 -0.18492326 0.016247226 -0.20271228 0.43637097 -0.21868388 -0.0819055 -0.2386708 0.3895551 -0.1582836 -0.12597866 -0.06298765 -0.54000056 0.0 -0.1431755408568263
-0.21552318 0.11811148 0.009881464 0.12187087 0.1906227 0.095650084 -0.12899815 -0.011906653 0.0 0.7300839 -0.15438996 0.71519893 0.032518268 -0.281645 -0.046868198 -0.26676005 -0.23377644 -0.007676095 -0.03173923 0.10215894 -0.06529591 -0.041043986 -0.23506947 0.073967196 -0.007399015 0.6164329 -0.10717247 -0.078075066 -0.081285134 0.46000937 -0.16442478 -0.052849904 -0.15249884 0.4024858 -0.108202405 -0.15182236 -0.13327414 -0.45477727 0.0 -0.1422331392533335
-0.21719804 0.12062531 -0.105005026 0.016603125 0.17209646 0.123839065 -0.024728995 0.07143375 0.0 0.7471259 -0.046180565 0.7046137 0.1364364 -0.2693435 -0.09029567 -0.22683123 -0.27291265 0.0023481476 -0.030977415 0.17897545 0.103250355 -0.0012278629 -0.23635115 0.1694271 0.1096059 0.6280662 -0.01576533 0.17552027 -0.0067796735 0.47849202 -0.098364234 -0.013531195 -0.09085906 0.41161305 -0.05053524 -0.03204087 -0.05899741 -0.65542775 0.0 -0.13995339252561706
-0.22000435 0.12273526 -0.08589667 0.003585841 0.1543966 0.14534535 -0.049073163 0.06551516 0.0 0.7505072 0.04484545 0.6859047 0.22086467 -0.2528645 -0.12368205 -0.188262 -0.29970127 0.013172807 -0.028939875 0.20483428 0.07463335 0.03327539 -0.2315181 0.15686414 0.11631039 0.6314362 0.06331924 0.16636884 0.114267 0.48766738 -0.042302366 0.022414224 -0.0674994 0.41356504 -0.0015726343 -0.050431788 -0.013681501 -0.25120115 0.0 -0.13846478506554186
-0.22343545 0.12145232 -0.08141012 -0.10447199 0.14589225 0.15668225 -0.05198488 0.16538809 0.0 0.75041485 0.08092234 0.6779937 0.25387156 -0.24440208 -0.13237445 -0.17198095 -0.30532366 0.021064786 -0.023029407 0.2113492 0.16979195 0.046392906 -0.22306347 0.04592162 0.23179857 0.63289946 0.098282896 0.14375392 0.23161344 0.48789066 -0.0201003 -0.04951182 0.051773038 0.41144362 0.020696836 -0.042624336 0.17048974 -0.08228691 0.0 -0.1370279491671846
-0.22793771 0.119823106 -0.112219 -0.08668088 0.14445102 0.1624545 -0.017009303 0.14511359 0.0 0.7536198 0.08697126 0.6805551 0.25964957 -0.2403959 -0.13002884 -0.16733119 -0.30270717 0.029066138 -0.017794896 0.24382266 0.13821457 0.048974194 -0.21615362 0.04782655 0.17573576 0.6358714 0.10838765 0.06872474 0.21976492 0.48781183 -0.013831537 0.012891778 0.17948042 0.41058 0.025057416 -0.012814699 0.027285177 0.054853495 0.0 -0.13554091572789076
-0.23265022 0.11886112 -0.120109275 -0.07520993 0.1461346 0.1653903 -0.0042017484 0.13317865 0.0 0.7585815 0.0808327 0.6875401 0.2543532 -0.2379026 -0.12453442 -0.16686118 -0.29805493 0.03392503 -0.01290132 0.0900652 0.17236108 0.051004328 -0.21033755 0.1925147 0.19345893 0.6399516 0.108320735 0.0914611 0.21474071 0.48743454 -0.014502556 -0.0127421515 0.12830572 0.41165662 0.02171896 0.041166987 0.051612012 0.029434236 0.0 -0.135702261500631
-0.23744404 0.11838699 -0.13148358 -0.053547338 0.15645477 0.16024233 0.014925702 0.11688174 0.0 0.7664991 0.03612346 0.7062388 0.2136761 -0.24070865 -0.1077124 -0.18044831 -0.28526506 0.037117206 -0.008326779 0.13225578 0.19547717 0.04453558 -0.2067985 0.18470836 0.18485616 0.6497482 0.075371064 0.14158128 0.18724628 0.48602933 -0.039664153 0.021030461 0.14434081 0.41351265 -0.0044359397 0.047439154 -0.061036754 0.4290818 0.0 -0.13539273007007863
-0.23934805 0.11637559 0.01386992 -0.09536357 0.17208102 0.14564197 -0.11862925 0.16942117 0.0 0.76688606 -0.051711526 0.7278779 0.1316859 -0.25024167 -0.07635743 -0.21123356 -0.25975487 0.040267225 -0.0071896203 0.11241397 0.15330288 0.023743456 -0.20402528 0.05535269 0.21907791 0.65800524 0.0049126484 0.083171755 0.19768949 0.476599 -0.09017659 -0.08996532 0.21595134 0.40841556 -0.050876558 -0.11206462 0.14559375 0.43945003 0.0 -0.13473367434301783
-0.23939863 0.11226619 0.017582526 -0.12940963 0.18076238 0.13649599 -0.11209718 0.20979415 0.0 0.75876176 -0.115903206 0.7362872 0.07024497 -0.25650308 -0.049619555 -0.23402846 -0.23576772 0.043358307 -0.0046492657 0.10705053 0.19564545 0.005665398 -0.19690439 -0.032934774 0.26453635 0.6563083 -0.045756176 -0.038297247 0.26356426 0.46509728 -0.12474369 -0.0317871 0.22845931 0.39787042 -0.08332989 -0.14212824 0.07532807 0.21751575 0.0 -0.1343136715334854
-0.24183406 0.109097175 -0.11586743 -0.07101144 0.189947 0.12860774 0.030580984 0.15542343 0.0 0.7501558 -0.16950218 0.741779 0.017810596 -0.2572225 -0.026865771 -0.24884568 -0.21417855 0.048636083 -0.0014698965 0.201404 0.18345311 -0.008129007 -0.18889032 0.063148566 0.2026692 0.6552181 -0.08784903 0.21171084 0.17226844 0.4557124 -0.15384227 0.073153354 0.116952404 0.3890012 -0.10846531 0.017244987 0.16482231 0.3439248 0.0 -0.13312322837540913
-0.24625908 0.10923498 -0.13032284 0.050095834 0.20058833 0.11722844 0.053959727 0.037292317 0.0 0.74035347 -0.22356707 0.7455443 -0.036138944 -0.25407237 -0.00845432 -0.25926325 -0.19588245 0.05554986 -0.001299683 0.20326062 0.07128477 -0.016462918 -0.18610318 0.20231533 -0.03661652 0.6558567 -0.13337916 0.26764077 -0.017436441 0.44460583 -0.1840166 0.01465852 0.033934895 0.3806338 -0.13586116 -0.0013534031 -0.0803142 0.19294709 0.0 -0.13149951821637482
-0.25097045 0.109541945 -0.1412744 -0.0031947999 0.20688935 0.112416364 0.07045038 0.09026396 0.0 0.73668474 -0.25015965 0.7484872 -0.06303147 -0.24952975 -8.512838e-05 -0.26133218 -0.1872133 0.06317293 -0.00076526083 0.24247034 0.082891464 -0.014879451 -0.18370228 0.24685691 0.098705016 0.6574236 -0.15698847 0.15402809 -0.011627546 0.43943173 -0.1968906 0.059611388 0.109431304 0.3765121 -0.14802285 0.04843707 0.103962064 0.06513895 0.0 -0.13014644456436802
-0.25310963 0.107172236 -0.029001527 -0.10961641 0.21065728 0.110537015 -0.036651097 0.1960583 0.0 0.73029965 -0.27240834 0.74832916 -0.08577718 -0.24703695 0.010380326 -0.26506647 -0.17625083 0.06972252 0.0014810414 0.15997657 0.16368313 -0.017241346 -0.17676483 0.029811833 0.24921422 0.6530875 -0.17732756 -0.035272308 0.08631517 0.43346912 -0.20481342 0.0055961246 0.2488478 0.36999798 -0.15530102 -0.08953153 0.188476 0.17939512 0.0 -0.12949008111649835
-0.2552198 0.103220515 -0.09843275 -0.09529637 0.21473353 0.11008061 0.0377263 0.18094248 0.0 0.7235332 -0.29266706 0.74769986 -0.106731 -0.24395914 0.022157935 -0.26812583 -0.16377814 0.07591587 0.005838668 0.18773013 0.20472793 -0.018245358 -0.1684845 0.19637905 0.19619058 0.6497899 -0.19448905 0.16011918 0.14110231 0.42692593 -0.2115818 0.005975599 0.19070093 0.3636678 -0.1606621 -0.0035945335 0.19164509 0.061710414 0.0 -0.12802857136176454
-0.25925586 0.10096843 -0.13958782 -0.018296164 0.22063825 0.107505925 0.08358977 0.102984324 0.0 0.7180235 -0.31436762 0.7481979 -0.12931152 -0.23876789 0.03161865 -0.2689423 -0.15343744 0.08351591 0.008630909 0.23007876 0.12745428 -0.015038879 -0.164678 0.27910095 0.03364051 0.65136313 -0.21410643 0.27513057 -0.023122111 0.42296705 -0.21937032 0.13773856 0.15816988 0.3614883 -0.16646063 0.14554986 0.15840144 0.18068 0.0 -0.12623354634058687
-0.26348245 0.098767586 -0.13014084 -0.05525275 0.22550748 0.10731206 0.07761984 0.13821559 0.0 0.7161974 -0.32715407 0.75003856 -0.14273329 -0.23353894 0.037752993 -0.26738012 -0.1466678 0.0915929 0.011800565 0.23288591 0.15269236 -0.009942674 -0.16050002 0.22373913 0.1601448 0.6560736 -0.22505406 0.26137316 0.10492291 0.4229296 -0.22151005 0.122598454 0.19678916 0.36051956 -0.16848393 0.024521595 0.14382145 -0.03910271 0.0 -0.1246353918818076
-0.26746625 0.09636641 -0.1290857 -0.04593512 0.22762606 0.11271544 0.077922635 0.1259361 0.0 0.72203916 -0.32219264 0.75503147 -0.13761811 -0.22936603 0.0383408 -0.26235834 -0.14623374 0.09958994 0.016294083 0.24706692 0.10392381 -0.0015971989 -0.15850464 0.2341857 -0.0024283982 0.6661181 -0.22021407 0.2685266 0.024750065 0.4302397 -0.21430843 0.2291212 0.13287264 0.36188146 -0.16258907 0.0142117925 0.11549326 0.0049023055 0.0 -0.12283938238245015
-0.27036712 0.09343663 -0.0818796 -0.09303809 0.22445017 0.1267526 0.029353473 0.16837512 0.0 0.7375829 -0.29064712 0.76319116 -0.1049041 -0.22743829 0.031673037 -0.2530465 -0.15406998 0.10640259 0.024991406 0.20806107 0.15784414 0.011866846 -0.15516841 0.19644491 0.16193795 0.6816845 -0.18913199 0.18580402 0.18709351 0.44289163 -0.19024874 0.07561709 0.23189281 0.36768687 -0.14246795 -0.016760547 0.19471191 -0.30579063 0.0 -0.12172534679293931
-0.2736324 0.09268353 -0.11461142 0.03906722 0.20993456 0.15430377 0.055881374 0.027566114 0.0 0.76905406 -0.20450032 0.7734452 -0.017051743 -0.22628054 0.006367539 -0.23067166 -0.18108104 0.11030114 0.040000252 0.23857723 0.028887626 0.03440517 -0.14804871 0.12974407 0.09971185 0.7020917 -0.107285894 0.05930389 0.029093847 0.4662281 -0.13382639 0.18929756 0.07934711 0.38210878 -0.09530156 0.05503487 0.088891715 -0.5330516 0.0 -0.12077587424736809
-0.27698645 0.092851475 -0.08226516 -0.030800233 0.18022378 0.19132075 0.014914645 0.08411961 0.0 0.7964981 -0.064177826 0.7674971 0.12106578 -0.22046876 -0.033606242 -0.19146775 -0.21884984 0.10849852 0.062105987 0.19381489 0.11025628 0.0653306 -0.13710906 0.18014766 0.047653694 0.71003336 0.020930355 -0.035757475 0.05752208 0.4857089 -0.043900628 0.04181735 0.16516972 0.3928841 -0.022225913 -0.028997637 0.11679703 -0.7944659 0.0 -0.11869688144150992
-0.2803078 0.09474196 -0.12425856 0.06527917 0.1476073 0.21895608 0.05153073 -0.025122853 0.0 0.7999592 0.06689371 0.74089825 0.24484892 -0.2081962 -0.070142664 -0.14913528 -0.24809788 0.10452858 0.08098945 0.24984108 -3.9418228e-05 0.093187496 -0.12185713 0.1723189 0.06684602 0.69808275 0.13719742 0.08017205 -0.041590046 0.48726305 0.03967322 0.031052971 0.041336603 0.39053205 0.04383977 -0.008111646 -0.014500508 -0.4182516 0.0 -0.11653998758822097
-0.2825819 0.09850345 -0.096448116 0.08891693 0.12504756 0.23174633 0.022438915 -0.05764099 0.0 0.7922171 0.14760718 0.7148891 0.31841886 -0.19610655 -0.09399706 -0.11877857 -0.26480874 0.09962496 0.09142514 0.04696035 -0.014865413 0.11051613 -0.10938142 0.14539182 0.043795243 0.68433046 0.20601521 0.16898307 -0.1463813 0.48313117 0.092056066 0.11488808 0.04825534 0.38288257 0.08167202 -0.037284527 -0.12088585 -0.35302225 0.0 -0.11538426147866954
-0.28598666 0.101559445 -0.14071056 0.00074569165 0.11392521 0.23809327 0.06756291 0.025474641 0.0 0.78721404 0.1903019 0.70050627 0.35654873 -0.18614346 -0.10589293 -0.09943565 -0.27213976 0.09758728 0.09593017 0.11709027 -0.039858054 0.12343469 -0.10024544 0.23500746 0.10454219 0.6782443 0.24359564 0.18713474 0.08690006 0.4843029 0.12057117 0.26279807 0.055491682 0.37749234 0.10183275 0.0024499104 0.027670735 -0.056334667 0.0 -0.11466337161480107
-0.29030785 0.10274533 -0.12536313 -0.04608527 0.114788346 0.24043779 0.054502062 0.07111188 0.0 0.790689 0.19495586 0.70320314 0.36079454 -0.18126993 -0.10579664 -0.09378407 -0.27163535 0.09896879 0.0945779 0.024373533 -0.054790955 0.13155434 -0.09829651 0.23098937 -0.00090549834 0.68445057 0.24823393 0.24266669 0.007873781 0.48918873 0.12567528 0.09851906 0.10209625 0.37710643 0.10535906 -0.0008996749 0.06810751 0.020935904 0.0 -0.11374858664931942
-0.29426622 0.10088072 -0.047639053 -0.13111944 0.12357387 0.24058627 -0.020006156 0.15770014 0.0 0.79976225 0.17064668 0.71811694 0.33943737 -0.18210003 -0.09600424 -0.100454725 -0.26479492 0.10103912 0.094046876 -0.080685325 0.17117473 0.13274758 -0.09914027 0.071505696 0.18209842 0.69960576 0.22643203 0.17214103 0.10291654 0.49457026 0.11332927 -0.008034153 0.16086079 0.37877965 0.09711702 -0.082466654 0.18701679 0.23614816 0.0 -0.11325840739055554
-0.29822996 0.09895052 -0.10579205 -0.08113819 0.1363355 0.23831959 0.04175655 0.11012553 0.0 0.81027836 0.1332426 0.7372867 0.3059518 -0.18382904 -0.08333712 -0.11083737 -0.25604632 0.10615007 0.095646076 0.07309123 0.21573432 0.13223682 -0.0987691 0.16741213 0.2102833 0.7176916 0.19413997 0.24193923 0.10790563 0.4990839 0.093894325 -0.010888933 0.16627051 0.38251755 0.08134613 0.0051078536 0.052453205 0.1372991 0.0 -0.11222530508083839
-0.30073023 0.096888065 -0.008684953 -0.08993126 0.1473042 0.2352857 -0.051815823 0.12093061 0.0 0.8174157 0.096661076 0.7528698 0.27270105 -0.1860101 -0.071543865 -0.12146418 -0.24758385 0.11137781 0.097919114 -0.018353784 0.22908339 0.13005997 -0.09767328 0.022736462 0.23014297 0.7305788 0.16487144 0.052957695 0.2183073 0.50117296 0.074820906 -0.098594956 0.15476078 0.38325912 0.06596981 -0.12360434 0.12633383 0.2215969 0.0 -0.11184430843918758
-0.30419603 0.09466083 -0.11291841 -0.08215082 0.16213877 0.23013046 0.056342226 0.11564102 0.0 0.8244697 0.049795732 0.7707714 0.22944188 -0.18734144 -0.05694919 -0.13364312 -0.23659535 0.11886487 0.098213196 0.076591335 0.2020973 0.12765725 -0.09763452 0.15108114 0.21799867 0.7414153 0.12507375 0.051428687 0.09507269 0.50387144 0.0504597 0.012483609 0.18294248 0.38457713 0.046737663 -0.026433958 0.108060576 0.22910191 0.0 -0.111544363555742
-0.3052591 0.093649216 0.034635663 -0.015085229 0.18457748 0.21427496 -0.08564207 0.053049482 0.0 0.82599306 -0.036001664 0.7914863 0.14829575 -0.19143318 -0.03574028 -0.15692642 -0.22003768 0.13091344 0.090484515 0.051393077 0.12430905 0.11803438 -0.10465269 -0.041082695 0.15570024 0.7475752 0.049429737 -0.16022657 0.08341171 0.50699997 0.0025666235 0.008212932 0.14513688 0.38383853 0.009175161 -0.15966123 0.08183672 0.5567916 0.0 -0.11123147636118415
-0.30647546 0.09148591 -0.08042942 -0.09685611 0.21405287 0.18813697 0.03710584 0.1404974 0.0 0.81260204 -0.1561825 0.805875 0.03119679 -0.19348118 -0.004680505 -0.18675418 -0.1920598 0.14824976 0.0742758 0.21514086 0.13663115 0.10335965 -0.114176676 0.12074439 0.23197612 0.7445315 -0.05652325 -0.00434523 0.2101899 0.5036633 -0.06816023 0.07907838 0.14091031 0.37928104 -0.042593453 0.011727435 0.20309082 0.544175 0.0 -0.10978525418065355
-0.3091463 0.087696575 -0.08388815 -0.108206764 0.24145143 0.15943876 0.048703168 0.15615438 0.0 0.7835819 -0.27136683 0.80468595 -0.085058294 -0.18895957 0.027496448 -0.21006359 -0.15881209 0.16463892 0.0572906 0.18531495 0.20441993 0.091675326 -0.12179613 0.20347075 0.17253238 0.7311335 -0.16107771 0.13197413 0.112047315 0.4903801 -0.13529153 0.044316072 0.24124561 0.36989492 -0.0904282 0.026193485 0.23831709 0.55325925 0.0 -0.10779541637845683
-0.30991343 0.083154164 -0.0212934 -0.13850209 0.2548145 0.14420864 -0.008652428 0.18760893 0.0 0.7592047 -0.33296108 0.79613507 -0.14913401 -0.184276 0.047828134 -0.22120641 -0.13599895 0.17295289 0.051327985 0.06780995 0.2716298 0.08626337 -0.12188994 0.11658475 0.24322331 0.7198935 -0.21718864 0.14975247 0.20288882 0.4761012 -0.16916166 -0.088066876 0.20879585 0.36034465 -0.11307468 -0.050281066 0.26073527 0.06855262 0.0 -0.10628104246816883
-0.3115968 0.07890361 -0.09833451 -0.099928096 0.25076893 0.15878141 0.06768197 0.14634708 0.0 0.77304834 -0.3014879 0.80333626 -0.11645035 -0.18353064 0.04508523 -0.21381857 -0.13995232 0.17488748 0.06600045 0.14585817 0.23344757 0.09428387 -0.11037375 0.10791892 0.24040583 0.7336806 -0.1865702 0.22432534 0.08879004 0.48295808 -0.14704247 0.111517824 0.101643376 0.36487594 -0.09164577 0.06472022 0.2372564 -0.34182334 0.0 -0.10482904722193943
-0.31555402 0.07658978 -0.13677399 -0.032679833 0.23542093 0.18799433 0.10253134 0.07417251 0.0 0.8047632 -0.21563898 0.8152389 -0.028431844 -0.18319912 0.027438477 -0.1936748 -0.15976866 0.17238663 0.0908769 0.18298733 0.16667348 0.11195251 -0.09423759 0.25301054 0.10676556 0.7552063 -0.10386375 0.13700505 0.116102844 0.49935973 -0.09024487 0.099204436 0.16242947 0.3735527 -0.046839807 0.023487179 0.116306685 -0.44523102 0.0 -0.10400280988885213
-0.3202936 0.07591321 -0.1405891 -0.017143609 0.2154188 0.21623906 0.10303638 0.05315521 0.0 0.82904935 -0.119768165 0.8177154 0.06738897 -0.18045595 0.0069413506 -0.16912203 -0.18021578 0.16755535 0.115438215 0.22379823 0.13171014 0.13027236 -0.0763023 0.23745376 0.120135 0.76888466 -0.013164133 0.25017017 0.025100674 0.5117869 -0.027055904 0.20759144 0.11741301 0.3803554 -0.00081088464 0.17832664 0.041773397 -0.4150395 0.0 -0.10290337017225312
-0.32509616 0.075644724 -0.13728553 -0.03470061 0.18791693 0.24524976 0.09664385 0.06436945 0.0 0.8422774 -0.0068539707 0.8060654 0.17711596 -0.17510761 -0.016014924 -0.13889557 -0.19998486 0.15633449 0.142245 0.14659682 0.16647327 0.14678545 -0.053153165 0.2213007 0.14878722 0.7698837 0.08957896 0.13362022 -0.04141531 0.5157079 0.047299705 0.113674454 0.17424878 0.3817748 0.054529916 0.11613934 0.17748164 -0.57829887 0.0 -0.1014744301755752
-0.32861853 0.077939145 -0.1123337 0.07925375 0.15236571 0.2700429 0.06922967 -0.056664094 0.0 0.8381843 0.116330944 0.77526385 0.2929584 -0.16674936 -0.042617455 -0.103828885 -0.21924493 0.13609573 0.16715579 0.042540323 0.04354152 0.16015106 -0.030494811 0.2240864 -0.08645556 0.75095683 0.20077176 0.035375535 -0.03853401 0.5045311 0.12510584 0.009210723 0.0002812485 0.37071097 0.11272266 0.0003932555 0.0053326124 -0.5102242 0.0 -0.09925327972761794
-0.3315874 0.07853448 -0.069522955 -0.081628695 0.12444954 0.28595886 0.025761815 0.098951094 0.0 0.8241454 0.2049488 0.7429235 0.37394363 -0.15838236 -0.05923968 -0.077160485 -0.22823453 0.11856561 0.18544385 0.020568106 0.20833884 0.16763894 -0.011893628 0.10150788 0.11720849 0.7269143 0.27826545 0.048267547 -0.014337407 0.4869582 0.17861307 -0.06620693 0.046745025 0.35678566 0.15562902 0.0058409977 0.2070596 -0.27392435 0.0 -0.09799474482007368
-0.33606207 0.07698258 -0.10338939 -0.09815018 0.12104719 0.29212928 0.060766976 0.11412481 0.0 0.82355064 0.22341378 0.73924583 0.39089197 -0.15397121 -0.05873376 -0.06966638 -0.22621197 0.11731508 0.19563334 0.081152305 0.2380115 0.1741557 -0.0058486294 0.23367941 0.050698437 0.724682 0.29458156 0.10174759 0.14957048 0.48235637 0.18916553 -0.028007288 0.040272612 0.35372862 0.16687857 -0.02825825 0.08633691 0.14166147 0.0 -0.09675667342061128
-0.34076107 0.075916275 -0.11885043 -0.077714145 0.14451219 0.28598106 0.078859404 0.09611513 0.0 0.8415261 0.16583015 0.7696009 0.33898622 -0.15389802 -0.044614784 -0.08197282 -0.21777083 0.13694097 0.19351241 0.20857091 0.18566352 0.18126059 -0.0147535 0.2311637 0.15751566 0.74893194 0.2430461 0.16011691 -0.0067634704 0.4943201 0.15716214 -0.007363069 0.13829222 0.3641523 0.14448135 -0.016370751 0.121356204 0.39742872 0.0 -0.09516468713013658
-0.34494925 0.073751464 -0.0845606 -0.11332702 0.17478503 0.27394575 0.047877956 0.13493595 0.0 0.85735214 0.08332606 0.80327153 0.26285747 -0.15422943 -0.025572702 -0.10014877 -0.20510413 0.15930833 0.18377343 0.027897017 0.14059103 0.18677081 -0.028298993 0.22364916 0.13838254 0.77350056 0.16907862 0.08518331 0.15587345 0.5077446 0.11238409 -0.0057779467 0.19967052 0.37609324 0.112411134 -0.035966285 0.18070167 0.34606662 0.0 -0.09556257377887167
-0.34765598 0.073586494 -0.071961984 0.031576112 0.20106456 0.2579634 0.038588908 -0.0074599986 0.0 0.8640072 0.0037015046 0.8269058 0.18749414 -0.15332164 -0.010380142 -0.116220206 -0.19417278 0.17839023 0.17199194 0.11156845 0.10572941 0.19046211 -0.044238463 0.20453319 -0.007361891 0.79118556 0.098858684 0.1997321 0.034744453 0.51494527 0.06828836 -0.044922415 0.048601843 0.3830106 0.07870268 -0.06975906 -0.023617307 0.3490119 0.0 -0.09384347413800939
