121
-0.06050143 -0.13120377 -0.006292539 0.0006524255 -0.24726054 -0.09515946 -0.0021417716 0.08232025 0.0 0.53466964 -0.17231669 0.6039556 0.0019121811 -0.32526502 0.37143755 -0.39455104 0.19720869 0.36509204 -0.13031755 0.006292539 -0.0006524255 -0.0115831625 0.0 9.099955578081339
-0.06069849 -0.13116826 -0.004073615 0.004850802 -0.24692753 -0.09371707 -0.004461356 0.075354934 0.0 0.5356459 -0.16990106 0.6041104 0.004652274 -0.3268407 0.3697962 -0.39530516 0.19524284 0.36587238 -0.12870122 0.004073615 -0.004850802 -0.020419322 0.0 9.166970572887603
-0.060858566 -0.13098677 -0.0012775345 0.007980703 -0.24674538 -0.09234006 -0.007296441 0.069553696 0.0 0.5364252 -0.16791937 0.6041698 0.0069146077 -0.3282781 0.36821908 -0.3960227 0.19338511 0.3664833 -0.1274195 0.0012775345 -0.007980703 -0.01106363 0.0 9.237743483061188
-0.0609894 -0.130665 0.000576905 0.011785288 -0.24661335 -0.09125896 -0.009205042 0.06316234 0.0 0.53717977 -0.16586055 0.60414004 0.009275321 -0.32991797 0.3663967 -0.3968782 0.19126083 0.36705807 -0.12612282 -0.000576905 -0.011785288 -0.019406136 0.0 9.311097790015694
-0.061087623 -0.13021486 0.0030114925 0.014519246 -0.24661787 -0.090217434 -0.011635844 0.057931803 0.0 0.53774905 -0.16424066 0.60403246 0.011152494 -0.33139768 0.3646641 -0.39768112 0.18927094 0.36747512 -0.12516019 -0.0030114925 -0.014519246 -0.010194491 0.0 9.388736314470062
-0.063799314 -0.1298538 -0.12412885 0.054087773 -0.24384958 -0.09088478 0.11528905 0.01592034 0.0 0.54132354 -0.1616847 0.6063558 0.014176206 -0.33156902 0.36101478 -0.39660126 0.18515389 0.37077558 -0.12381826 0.12412885 -0.054087773 -0.03484318 0.0 9.449485863931523
-0.06832894 -0.12939957 -0.11875726 0.0622953 -0.24028848 -0.08995254 0.11038871 0.005433946 0.0 0.5449759 -0.16513619 0.61047703 0.010550602 -0.32651922 0.35989 -0.39202037 0.18420322 0.3745295 -0.12681493 0.11875726 -0.0622953 0.04005234 0.0 9.513167690223343
-0.07281672 -0.12861063 -0.11371073 0.07135278 -0.23667845 -0.089924835 0.10565065 -0.005845939 0.0 0.54881996 -0.16772276 0.6144106 0.007930655 -0.3224076 0.35774732 -0.38799822 0.18209389 0.37839314 -0.12931468 0.11371073 -0.07135278 -0.022321336 0.0 9.57211849040802
-0.07723753 -0.12762243 -0.11079302 0.07428276 -0.2334133 -0.08956242 0.10318618 -0.010906492 0.0 0.55210763 -0.17183627 0.61821985 0.0036214655 -0.31755474 0.35622022 -0.38366702 0.18076247 0.38179564 -0.13292196 0.11079302 -0.07428276 0.033586442 0.0 9.631923251412717
-0.08161955 -0.1264623 -0.10720218 0.07955954 -0.23013382 -0.0897033 0.09995678 -0.018253425 0.0 0.5554812 -0.17547654 0.6219122 -0.00013920199 -0.31322026 0.35415918 -0.37965122 0.17882185 0.38524026 -0.13625284 0.10720218 -0.07955954 -0.01023395 0.0 9.688275131970753
-0.08594029 -0.12516986 -0.10448746 0.081961535 -0.22710082 -0.08965048 0.09768618 -0.022646813 0.0 0.5584415 -0.18015629 0.62548095 -0.0050507043 -0.3084155 0.35249287 -0.37545493 0.17738728 0.3883378 -0.14034165 0.10448746 -0.081961535 0.028616726 0.0 9.743887042857612
-0.09022417 -0.1237484 -0.101515524 0.085794374 -0.22408026 -0.08995136 0.09509647 -0.028411584 0.0 0.5614258 -0.18456848 0.62894917 -0.009648917 -0.30395517 0.35047546 -0.37147847 0.1755559 0.39143282 -0.14428367 0.101515524 -0.085794374 -0.0012704356 0.0 9.79626101791877
-0.094451144 -0.122220054 -0.09881594 0.08804866 -0.22125863 -0.090141214 0.09282943 -0.032527924 0.0 0.56406593 -0.18976906 0.6322868 -0.015120366 -0.2991729 0.34872413 -0.36739376 0.17407542 0.39423507 -0.14880617 0.09881594 -0.08804866 0.025809165 0.0 9.847322555470916
-0.09864053 -0.12058322 -0.096093945 0.09114552 -0.21846938 -0.090603165 0.09049413 -0.03742983 0.0 0.5666873 -0.19482301 0.6355253 -0.020416642 -0.29464206 0.3467192 -0.36348003 0.17231284 0.39700234 -0.15325986 0.096093945 -0.09114552 0.0052084527 0.0 9.8954904079182
-0.10277825 -0.118854515 -0.09350018 0.09323643 -0.21583895 -0.09103012 0.08831195 -0.041263357 0.0 0.5690293 -0.20044334 0.63863015 -0.026340017 -0.28992087 0.34486476 -0.35952175 0.17076144 0.3995279 -0.15813768 0.09350018 -0.09323643 0.023861427 0.0 9.942268936464036
-0.1068817 -0.11703664 -0.09114886 0.09569077 -0.2132464 -0.0916788 0.08633494 -0.04540633 0.0 0.57133466 -0.20597169 0.6416406 -0.03215187 -0.28539842 0.342813 -0.35570434 0.16899318 0.40200615 -0.16297944 0.09114886 -0.09569077 0.009601015 0.0 9.986544476161148
-0.11094095 -0.11514331 -0.08877787 0.09753301 -0.21078126 -0.09233534 0.08434786 -0.04888053 0.0 0.5734109 -0.21191142 0.6445224 -0.03841964 -0.28076705 0.34084192 -0.35187858 0.16735016 0.40428364 -0.16813408 0.08877787 -0.09753301 0.022540664 0.0 10.029548973583669
-0.11497006 -0.11317878 -0.086763844 0.09946272 -0.20835459 -0.09317582 0.08268631 -0.052391257 0.0 0.57544225 -0.21778853 0.6473156 -0.044610977 -0.276298 0.33871374 -0.34817138 0.16553618 0.40650904 -0.17326827 0.086763844 -0.09946272 0.012540359 0.0 10.070212397397222
-0.1189612 -0.111152984 -0.084580645 0.101067804 -0.20604071 -0.094030954 0.080859944 -0.055525005 0.0 0.5772628 -0.22401665 0.6499827 -0.051192842 -0.27174434 0.33664644 -0.34446418 0.16382262 0.40854946 -0.17867035 0.084580645 -0.101067804 0.022135677 0.0 10.109418925741846
-0.12292549 -0.10906922 -0.08278996 0.10264266 -0.20376341 -0.09504806 0.07939767 -0.058580674 0.0 0.57903814 -0.23018624 0.6525657 -0.057704516 -0.26733682 0.3344426 -0.3408644 0.16196087 0.41053876 -0.18405114 0.08278996 -0.10264266 0.014518802 0.0 10.146547235334538
-0.12685733 -0.10693631 -0.080830656 0.10398762 -0.2015829 -0.09609222 0.07776567 -0.061358053 0.0 0.58062804 -0.23663276 0.6550279 -0.0645255 -0.2628775 0.3322738 -0.33727735 0.16016655 0.4123644 -0.18964519 0.080830656 -0.10398762 0.021859616 0.0 10.182162139320413
-0.13076507 -0.10475697 -0.07920624 0.10527637 -0.19943409 -0.09728553 0.07644159 -0.064034335 0.0 0.5821809 -0.2430043 0.6574129 -0.07125915 -0.25856128 0.32997805 -0.33379325 0.1582329 0.41414666 -0.19520292 0.07920624 -0.10527637 0.015678912 0.0 10.215806010699746
-0.1346451 -0.10253824 -0.07745398 0.106398284 -0.19737065 -0.09851126 0.07498565 -0.06649879 0.0 0.583567 -0.24960205 0.65968245 -0.0782466 -0.25421324 0.32770246 -0.3303287 0.15634702 0.41578117 -0.20093593 0.07745398 -0.106398284 0.021622872 0.0 10.248230002819252
-0.13850382 -0.100281425 -0.07594829 0.10750019 -0.19533828 -0.099869154 0.07375234 -0.06890099 0.0 0.58491534 -0.2561324 0.66187894 -0.085156225 -0.24999405 0.32531625 -0.32695764 0.15434006 0.4173727 -0.2066355 0.07594829 -0.10750019 0.016531577 0.0 10.278803214309775
-0.14233892 -0.09799242 -0.07437918 0.10844987 -0.19338404 -0.10126012 0.07245043 -0.07110899 0.0 0.58610797 -0.26285872 0.66396356 -0.09228685 -0.24575312 0.32294273 -0.32360867 0.15237087 0.41882613 -0.21248741 0.07437918 -0.10844987 0.021502474 0.0 10.308220211103176
-0.14615643 -0.09567278 -0.073034756 0.10938572 -0.19145845 -0.10276994 0.07135166 -0.07326343 0.0 0.5872651 -0.26952094 0.6659804 -0.09934413 -0.24162938 0.32047075 -0.32034466 0.15029393 0.42023957 -0.21830615 0.073034756 -0.10938572 0.017162457 0.0 10.336017796762512
-0.1499549 -0.0933277 -0.07165456 0.11019065 -0.18960047 -0.104318626 0.070210144 -0.07524777 0.0 0.5882861 -0.2763349 0.66789335 -0.106573485 -0.23750089 0.31799838 -0.31710812 0.14823696 0.42153165 -0.22424433 0.07165456 -0.11019065 0.021239305 0.0 10.362765463943415
-0.15373905 -0.09095838 -0.07044456 0.11099036 -0.1877699 -0.10597273 0.06921984 -0.077189505 0.0 0.5892715 -0.283093 0.6697427 -0.11373941 -0.23347642 0.3154403 -0.31394762 0.14608672 0.42278463 -0.23015341 0.07044456 -0.11099036 0.01763793 0.0 10.388012703964622
-0.15750755 -0.08856879 -0.06920117 0.11168518 -0.18600023 -0.107667215 0.06818856 -0.07898971 0.0 0.59013367 -0.2899747 0.67149395 -0.12104643 -0.22945675 0.31287506 -0.31081703 0.14394683 0.42392734 -0.2361607 0.06920117 -0.11168518 0.020984577 0.0 10.412177757138913
-0.16126502 -0.08616103 -0.06815688 0.11234106 -0.18425706 -0.10945375 0.06733988 -0.080715805 0.0 0.5909584 -0.29681164 0.67318475 -0.12830321 -0.22552681 0.31023705 -0.30775312 0.14172864 0.42503053 -0.24214524 0.06815688 -0.11234106 0.018035306 0.0 10.434884313837006
-0.16501068 -0.08373905 -0.06707572 0.11291338 -0.1825689 -0.1112781 0.066446856 -0.08232403 0.0 0.5916692 -0.30375475 0.6747829 -0.13568223 -0.22160396 0.30759045 -0.3047176 0.13951793 0.42603186 -0.24821426 0.06707572 -0.11291338 0.020822017 0.0 10.456522035150774
-0.1687471 -0.08130284 -0.06607462 0.11350209 -0.18090853 -0.11318299 0.0656196 -0.08391557 0.0 0.592338 -0.31066585 0.67632073 -0.1430259 -0.21775895 0.304882 -0.3017417 0.13724203 0.42699045 -0.2542685 0.06607462 -0.11350209 0.018413596 0.0 10.476840435218387
-0.1724732 -0.07885459 -0.06505307 0.11402167 -0.17929922 -0.11512812 0.06476417 -0.08540584 0.0 0.59290314 -0.31766015 0.67777026 -0.15046617 -0.21393095 0.3021584 -0.29879805 0.13496442 0.42785576 -0.26039013 0.06505307 -0.11402167 0.02063375 0.0 10.496103372883868
-0.1761941 -0.07639811 -0.064307526 0.11444961 -0.17770918 -0.11715228 0.06417086 -0.086773425 0.0 0.593443 -0.32459977 0.67917126 -0.15784572 -0.21018367 0.29937178 -0.29591194 0.13261773 0.42869318 -0.26647928 0.064307526 -0.11444961 0.01841785 0.0 10.514048759912898
-0.17990957 -0.07393783 -0.06351768 0.11480767 -0.17615737 -0.119218625 0.0635249 -0.08804098 0.0 0.5939038 -0.33158386 0.68049926 -0.1652785 -0.20646262 0.29656413 -0.2930581 0.13025877 0.4294589 -0.27260622 0.06351768 -0.11480767 0.020178897 0.0 10.53090572387202
-0.18332274 -0.073093 -0.08883255 0.04024398 -0.17564495 -0.11755469 0.08930132 -0.014361457 0.0 0.5904895 -0.34449798 0.68003786 -0.17976385 -0.19854416 0.2978276 -0.28809255 0.13309348 0.42712283 -0.28259623 0.08883255 -0.04024398 0.091578625 0.0 10.551946077150703
-0.18668337 -0.07459423 -0.12147269 -0.012730704 -0.17367145 -0.11443876 0.122296184 0.03775293 0.0 0.58899516 -0.35353315 0.68096995 -0.19014134 -0.19045304 0.30039096 -0.28242785 0.13699915 0.42656183 -0.2892222 0.12147269 0.012730704 0.026450234 0.0 10.567708547943768
-0.1895469 -0.07780152 -0.1155894 -0.057030585 -0.17161891 -0.1090808 0.11683244 0.08121141 0.0 0.5864618 -0.3630315 0.6814373 -0.2013655 -0.18078142 0.30517066 -0.27575696 0.14350463 0.42524338 -0.29573283 0.1155894 0.057030585 0.09159917 0.0 10.582982305874507
-0.19175665 -0.08169665 -0.11238391 -0.06925694 -0.16899422 -0.10397634 0.11387421 0.09262625 0.0 0.58584875 -0.36804047 0.6828095 -0.20755723 -0.1731011 0.30956665 -0.27006182 0.1490834 0.42547202 -0.29876 0.11238391 0.06925694 0.012084102 0.0 10.591614378992242
-0.19364454 -0.0857899 -0.109010324 -0.0758206 -0.16661309 -0.098350905 0.11076946 0.09839917 0.0 0.5843807 -0.3737717 0.68358964 -0.21466845 -0.16496103 0.3144457 -0.26416993 0.15534247 0.42499453 -0.3022418 0.109010324 0.0758206 0.075135306 0.0 10.599799861818548
-0.19548951 -0.089922935 -0.111729056 -0.07266091 -0.16354609 -0.09379828 0.11360208 0.09448317 0.0 0.5851946 -0.37585583 0.685652 -0.21753794 -0.15871015 0.31823492 -0.25916758 0.15991703 0.42637601 -0.30307436 0.111729056 0.07266091 -0.0035503402 0.0 10.601751664932662
-0.19723693 -0.09406911 -0.10825635 -0.076416634 -0.16072775 -0.08884087 0.11028885 0.097501375 0.0 0.58494747 -0.37944153 0.6870583 -0.222185 -0.1516432 0.32240632 -0.25375408 0.16514978 0.4269003 -0.30499983 0.10825635 0.076416634 0.06406044 0.0 10.603757820464077
-0.19899313 -0.09822317 -0.11123964 -0.07255468 -0.15732117 -0.08489596 0.11329979 0.092936955 0.0 0.5869299 -0.37963754 0.6897684 -0.2228558 -0.14640085 0.32561576 -0.24923927 0.16883403 0.42922938 -0.3044643 0.11123964 0.07255468 -0.015509373 0.0 10.599142481215873
-0.20065461 -0.10237999 -0.10715028 -0.07682296 -0.15424758 -0.08040593 0.1093039 0.09651824 0.0 0.5874946 -0.38189197 0.6916122 -0.22595677 -0.14004211 0.32933697 -0.24415968 0.17340179 0.4304143 -0.30543113 0.10715028 0.07682296 0.05826898 0.0 10.595429679637535
-0.20233478 -0.10654168 -0.110475145 -0.072550245 -0.15065299 -0.07687429 0.11260346 0.091593035 0.0 0.5902949 -0.38077506 0.6947847 -0.22508906 -0.13554068 0.3321898 -0.24003047 0.17650379 0.4333977 -0.30393922 0.110475145 0.072550245 -0.025042333 0.0 10.584369919602276
-0.20391554 -0.110702366 -0.105730236 -0.077506304 -0.14744075 -0.07269538 0.107911475 0.09590893 0.0 0.59138834 -0.38215744 0.69691503 -0.22717237 -0.12967192 0.33563668 -0.23519862 0.18065162 0.4350075 -0.304276 0.105730236 0.077506304 0.055614974 0.0 10.575081746480734
-0.20551448 -0.11486755 -0.109267265 -0.07296871 -0.14377747 -0.069397874 0.11139573 0.09076412 0.0 0.59465003 -0.38024724 0.7003415 -0.22537453 -0.12564622 0.33831352 -0.23133773 0.18344082 0.43835214 -0.30219948 0.109267265 0.07296871 -0.031146772 0.0 10.55826544332161
-0.20701401 -0.11903099 -0.10417476 -0.078345925 -0.14048952 -0.06544004 0.1063292 0.095544584 0.0 0.59612024 -0.38098374 0.70267373 -0.22670284 -0.12015777 0.34158257 -0.22671129 0.18730165 0.44026 -0.3020656 0.10417476 0.078345925 0.053131774 0.0 10.543654652998327
-0.20853108 -0.12319722 -0.107841 -0.07362902 -0.13681898 -0.06227712 0.10992883 0.09026177 0.0 0.59964013 -0.37856984 0.7062328 -0.22431596 -0.116454594 0.34417808 -0.22304723 0.1899242 0.44379994 -0.29961216 0.107841 0.07362902 -0.034283377 0.0 10.521361940186381
-0.2099546 -0.12736246 -0.10268633 -0.07916224 -0.13348563 -0.058494773 0.10478044 0.095238626 0.0 0.60142136 -0.37875804 0.7087314 -0.22500238 -0.11129891 0.34731773 -0.21860893 0.19356205 0.44595066 -0.2990753 0.10268633 0.07916224 0.049766168 0.0 10.501465081688002
-0.2113899 -0.13152799 -0.10619397 -0.074559554 -0.12984344 -0.055404633 0.10821566 0.09010791 0.0 0.6050688 -0.37602466 0.71234345 -0.22224432 -0.10781828 0.3498874 -0.21509299 0.19610706 0.44957975 -0.29637763 0.10619397 0.074559554 -0.034885854 0.0 10.474046342603721
-0.21274002 -0.13569346 -0.101245314 -0.079903975 -0.1264906 -0.051757246 0.103259444 0.09493343 0.0 0.6070917 -0.37576216 0.7149681 -0.22240332 -0.102945775 0.35293734 -0.21082215 0.1995785 0.45191595 -0.29550657 0.101245314 0.079903975 0.045796666 0.0 10.448700704313964
-0.21409309 -0.13985598 -0.10433525 -0.07568869 -0.12290163 -0.048694234 0.106276736 0.09022493 0.0 0.6107585 -0.37286565 0.7185669 -0.21945904 -0.09960165 0.35551938 -0.2074101 0.20211278 0.45554718 -0.29267874 0.10433525 0.07568869 -0.03347426 0.0 10.4160875168812
-0.21537144 -0.14402062 -0.099855445 -0.08057654 -0.11954575 -0.045156594 0.101779 0.09462871 0.0 0.612987 -0.37219673 0.7212957 -0.21914296 -0.09499112 0.3585038 -0.20329988 0.20545001 0.45803833 -0.2915035 0.099855445 0.08057654 0.04102393 0.0 10.385284339818492
-0.21664509 -0.1481797 -0.102424555 -0.07691935 -0.11601696 -0.042103503 0.104277186 0.090510614 0.0 0.6166378 -0.36918905 0.7248601 -0.21607408 -0.09175307 0.36111128 -0.19997533 0.20799631 0.4616436 -0.2885834 0.102424555 0.07691935 -0.030993503 0.0 10.34716986372565
-0.21785092 -0.15234242 -0.0983886 -0.08131089 -0.11267398 -0.038651265 0.100215875 0.094450474 0.0 0.6190318 -0.36816117 0.72766775 -0.21533944 -0.08738148 0.36405227 -0.19601743 0.21123055 0.46425614 -0.2871366 0.0983886 0.08131089 0.036097173 0.0 10.310569799998929
-0.21904902 -0.1564991 -0.100613266 -0.0781297 -0.10920676 -0.035597466 0.102372386 0.090838455 0.0 0.6226491 -0.36507136 0.73118776 -0.21218054 -0.084229946 0.36669248 -0.19276863 0.21380168 0.46782187 -0.2841453 0.100613266 0.0781297 -0.028107956 0.0 10.266490088600984
-0.22018337 -0.16065788 -0.09683479 -0.08209804 -0.10588866 -0.03221246 0.09856338 0.0943852 0.0 0.6251753 -0.363726 0.73405325 -0.21107656 -0.08007703 0.36960572 -0.18895496 0.21695629 0.47052822 -0.28245634 0.09683479 0.08209804 0.031362202 0.0 10.223708273752102
-0.22130546 -0.16481212 -0.09875246 -0.079396345 -0.10248814 -0.029144337 0.10041679 0.091280624 0.0 0.62872666 -0.3606025 0.73750913 -0.20788504 -0.07698397 0.37228817 -0.18576644 0.21957071 0.4740288 -0.27942953 0.09875246 0.079396345 -0.024857793 0.0 10.173449819179178
-0.2223705 -0.16896655 -0.09532935 -0.08285103 -0.09919988 -0.025821881 0.09695844 0.09434188 0.0 0.63139695 -0.35890746 0.74043816 -0.20637462 -0.07307035 0.3751784 -0.18211155 0.22264557 0.4768369 -0.27747238 0.09532935 0.08285103 0.026138183 0.0 10.123795150733383
-0.22341618 -0.17311722 -0.09676754 -0.08075682 -0.0958702 -0.02272809 0.09833724 0.09187075 0.0 0.6348484 -0.35580564 0.74380946 -0.20321554 -0.07000432 0.3779102 -0.17896539 0.2253201 0.4802456 -0.27445173 0.09676754 0.08075682 -0.020753473 0.0 10.06704648759105
-0.22441317 -0.17726776 -0.09389855 -0.0835688 -0.09261868 -0.019456504 0.0954294 0.09431556 0.0 0.6376525 -0.3537639 0.7467945 -0.2013032 -0.066329286 0.38078755 -0.1754713 0.22832683 0.48314634 -0.2722267 0.09389855 0.0835688 0.020449026 0.0 10.009852585552913
-0.22538327 -0.18141386 -0.09470007 -0.08216852 -0.08936021 -0.016332645 0.09617663 0.09256256 0.0 0.6409885 -0.35071287 0.7500724 -0.19821055 -0.06327336 0.38357005 -0.17235723 0.23106772 0.48645127 -0.26923457 0.09470007 0.08216852 -0.01608076 0.0 9.94609756559558
-0.22631116 -0.18556021 -0.09243201 -0.08432128 -0.08615396 -0.01310122 0.093866915 0.09437265 0.0 0.6439169 -0.34832177 0.7531053 -0.19589424 -0.05984151 0.38644373 -0.16902988 0.23401622 0.48943552 -0.26673755 0.09243201 0.08432128 0.014432079 0.0 9.880742506285769
-0.22721067 -0.1897014 -0.09275582 -0.08346211 -0.08295972 -0.009967569 0.094139144 0.09318369 0.0 0.64721656 -0.34518513 0.7563357 -0.19270805 -0.05687548 0.38926068 -0.16599461 0.2367836 0.49269813 -0.26367107 0.09275582 0.08346211 -0.0124858515 0.0 9.809217492133085
-0.22549249 -0.19294946 0.04412776 -0.122906886 -0.08229807 -0.0075117834 -0.04296173 0.13233173 0.0 0.65383536 -0.32966524 0.7601534 -0.17522196 -0.063544124 0.39180747 -0.16986215 0.23736419 0.49785495 -0.25098497 -0.04412776 0.122906886 -0.102034286 0.0 9.738157479361492
-0.22143266 -0.19502927 0.076677375 -0.111175105 -0.08434805 -0.004806696 -0.07572466 0.12031006 0.0 0.65779495 -0.31309476 0.76113206 -0.15664129 -0.07328648 0.39448997 -0.17662358 0.23803648 0.50033456 -0.2374198 -0.076677375 0.111175105 -0.04853818 0.0 9.671123389195959
-0.2172581 -0.19663447 0.07991781 -0.10468126 -0.086876236 -0.0027544582 -0.079188414 0.11353384 0.0 0.6617595 -0.29515895 0.761676 -0.13649912 -0.08450972 0.39638898 -0.18442625 0.23772916 0.5026934 -0.2229199 -0.07991781 0.10468126 -0.09894202 0.0 9.602548061422384
-0.21303205 -0.19821063 0.08252311 -0.104051396 -0.08959372 -0.0005658247 -0.08197897 0.11262472 0.0 0.6643948 -0.27911693 0.76130724 -0.118604526 -0.09475899 0.39826167 -0.1916714 0.23774923 0.5039972 -0.20988475 -0.08252311 0.104051396 -0.048447113 0.0 9.539510466766107
-0.20883328 -0.19977574 0.083952844 -0.10178448 -0.09240542 0.0015051154 -0.083580986 0.110084325 0.0 0.6666238 -0.26324674 0.76053226 -0.10095861 -0.10500446 0.39988685 -0.19891298 0.23759872 0.50496554 -0.19701152 -0.083952844 0.10178448 -0.08048862 0.0 9.476737562588308
-0.204638 -0.20139559 0.083982274 -0.10237898 -0.09528792 0.0036914928 -0.08375652 0.110410854 0.0 0.6680422 -0.24864024 0.7592319 -0.084808975 -0.11453481 0.40153632 -0.20572455 0.23770504 0.50530213 -0.18510944 -0.083982274 0.10237898 -0.04775952 0.0 9.4188776798098
-0.20048334 -0.20307264 0.0840495 -0.101683244 -0.09820344 0.0058389944 -0.083957896 0.1094536 0.0 0.6691378 -0.23427106 0.75764316 -0.068974204 -0.123940155 0.40305427 -0.2124455 0.23775741 0.50538313 -0.17340319 -0.0840495 0.101683244 -0.06719796 0.0 9.36209166322738
-0.1963533 -0.2048311 0.08341741 -0.10252672 -0.1011445 0.008068914 -0.08344211 0.11004212 0.0 0.66973 -0.22070037 0.7557335 -0.054088082 -0.1328654 0.40459704 -0.21886887 0.23798476 0.5050764 -0.16230798 -0.08341741 0.10252672 -0.046975564 0.0 9.309540470316072
-0.1922688 -0.20666674 0.0828833 -0.10254876 -0.10409575 0.010285741 -0.08301434 0.10981596 0.0 0.670072 -0.20733981 0.75360984 -0.03947774 -0.14165454 0.4060575 -0.2251924 0.23819542 0.50457543 -0.15138115 -0.0828833 0.10254876 -0.058334135 0.0 9.258145301575373
-0.18822172 -0.20859075 0.081958175 -0.10341029 -0.10705236 0.012550394 -0.08218336 0.11043613 0.0 0.67009586 -0.19444548 0.7512739 -0.025429543 -0.15014447 0.40751964 -0.23132245 0.2385037 0.5038316 -0.14081086 -0.081958175 0.10341029 -0.046452787 0.0 9.210308324355697
-0.1842248 -0.21059962 0.0810703 -0.10381588 -0.11000707 0.014809119 -0.08138155 0.11060712 0.0 0.66992635 -0.18170336 0.748771 -0.011586428 -0.15851925 0.40891847 -0.23736392 0.23880154 0.5029398 -0.13036156 -0.0810703 0.10381588 -0.0527989 0.0 9.16435700778073
-0.18027726 -0.21270332 0.079766385 -0.10481448 -0.112951525 0.017099524 -0.08015471 0.11137787 0.0 0.6695388 -0.16924785 0.74611473 0.0019023102 -0.16668618 0.4103072 -0.24326208 0.23915702 0.5018844 -0.12013077 -0.079766385 0.10481448 -0.045833047 0.0 9.12172278980153
-0.17639229 -0.21490638 0.078231476 -0.105711274 -0.115875304 0.019391874 -0.07869034 0.112053424 0.0 0.66900986 -0.15687943 0.7433319 0.015261454 -0.17475277 0.4116457 -0.24907482 0.23950483 0.50072503 -0.10996794 -0.078231476 0.105711274 -0.049444117 0.0 9.08143790275273
-0.17256936 -0.21721423 0.07663167 -0.10685411 -0.11877259 0.021716768 -0.07715384 0.112981595 0.0 0.6683195 -0.14471355 0.7404349 0.028363377 -0.18264204 0.41297874 -0.25475743 0.23990183 0.4994487 -0.09995719 -0.07663167 0.10685411 -0.044987336 0.0 9.044584806012718
-0.16881588 -0.21962367 0.07495492 -0.10784926 -0.12164202 0.024046091 -0.07553493 0.11376844 0.0 0.6675145 -0.13260192 0.73743194 0.041374516 -0.19044234 0.41426766 -0.2603598 0.24029124 0.49809036 -0.08998801 -0.07495492 0.10784926 -0.047223087 0.0 9.010471156158252
-0.16513145 -0.22213514 0.073278606 -0.10894929 -0.12448199 0.026393527 -0.07391089 0.11466644 0.0 0.666588 -0.12059439 0.7343305 0.054240413 -0.19812183 0.4155335 -0.26586428 0.24069872 0.49664563 -0.080096595 -0.073278606 0.10894929 -0.044579893 0.0 8.979644769911335
-0.16152136 -0.22474593 0.071522444 -0.10997768 -0.1272922 0.028741334 -0.07220253 0.11549887 0.0 0.66556436 -0.108602576 0.73113143 0.06705963 -0.20573366 0.41675067 -0.27130073 0.24108845 0.4951324 -0.07021734 -0.071522444 0.10997768 -0.045980755 0.0 8.951948159328957
-0.15799035 -0.22745918 0.069560595 -0.11115574 -0.1300682 0.031092264 -0.070284314 0.116486885 0.0 0.6644508 -0.096615456 0.7278403 0.07984424 -0.21327801 0.41792154 -0.2766675 0.24146187 0.49355716 -0.06034103 -0.069560595 0.11115574 -0.044789944 0.0 8.92762368379923
-0.15454543 -0.23027611 0.06747757 -0.11232824 -0.13280477 0.033444714 -0.06824112 0.11747509 0.0 0.66325665 -0.084615186 0.7244621 0.09261388 -0.22075963 0.41904292 -0.28196508 0.24181385 0.491928 -0.05045401 -0.06747757 0.11232824 -0.045470506 0.0 8.906174735333488
-0.15119517 -0.23320127 0.06508203 -0.11365226 -0.13550171 0.035771985 -0.06588296 0.11862025 0.0 0.66200715 -0.07244533 0.7209812 0.105538696 -0.22826697 0.42006683 -0.28724098 0.24208279 0.4902629 -0.04043931 -0.06508203 0.11365226 -0.046305843 0.0 8.887826841035356
-0.14794834 -0.23623866 0.06253736 -0.11502404 -0.1381537 0.038071986 -0.063373454 0.11981839 0.0 0.66070443 -0.060081005 0.71739334 0.11864398 -0.23580658 0.42098472 -0.2924955 0.24225974 0.4885642 -0.03027796 -0.06253736 0.11502404 -0.047248434 0.0 8.87274523568995
-0.14480975 -0.23938632 0.060015675 -0.116325036 -0.1407578 0.0403506 -0.06088452 0.12095087 0.0 0.6593388 -0.047559936 0.71369827 0.13188726 -0.2433535 0.42180446 -0.29771295 0.24235725 0.48682547 -0.01999839 -0.060015675 0.116325036 -0.0477981 0.0 8.861077472698925
-0.14178309 -0.24264011 0.057482798 -0.117558256 -0.14331466 0.042604573 -0.058382086 0.122020535 0.0 0.65790343 -0.03488369 0.7098885 0.1452657 -0.2509082 0.42251953 -0.30289328 0.24237014 0.4850412 -0.009602622 -0.057482798 0.117558256 -0.048628468 0.0 8.852966891291425
-0.13887104 -0.24599613 0.054984488 -0.11872847 -0.14582455 0.0448347 -0.05591189 0.123032026 0.0 0.6563902 -0.022069266 0.7059596 0.15875971 -0.25846156 0.4231302 -0.30803102 0.24230124 0.48320508 0.0008960947 -0.054984488 0.11872847 -0.049151115 0.0 8.848247856301466
-0.13607857 -0.24945109 0.052388795 -0.119867176 -0.14828654 0.047037866 -0.053342104 0.12401672 0.0 0.6547944 -0.009114809 0.7019056 0.17237014 -0.2660141 0.4236299 -0.3131253 0.24214496 0.48131362 0.011498458 -0.052388795 0.119867176 -0.04992534 0.0 8.846770132152043
-0.13340838 -0.25300118 0.04986508 -0.12093251 -0.15069945 0.049218375 -0.050842002 0.12493262 0.0 0.65310913 0.003950254 0.6977268 0.18606427 -0.27354798 0.42402512 -0.31816563 0.24191108 0.47936195 0.022182243 -0.04986508 0.12093251 -0.050294645 0.0 8.848562216450071
-0.13085824 -0.25663793 0.047595095 -0.12182789 -0.15306827 0.051375512 -0.048593335 0.12568305 0.0 0.6513234 0.017101947 0.69341725 0.19981581 -0.2810567 0.42431647 -0.32315058 0.2416026 0.47734058 0.032928433 -0.047595095 0.12182789 -0.05076869 0.0 8.853441019258494
-0.1284283 -0.2603552 0.045301452 -0.1226763 -0.15539491 0.053509578 -0.04631873 0.1263909 0.0 0.6494306 0.030321052 0.6889747 0.21360366 -0.28853256 0.42450556 -0.32807666 0.24122296 0.47524416 0.043721966 -0.045301452 0.1226763 -0.05104415 0.0 8.861425042569579
-0.12612298 -0.26415044 0.042914454 -0.12351697 -0.15767868 0.05561584 -0.0439487 0.12709528 0.0 0.6474282 0.043623354 0.68439174 0.22744378 -0.29598388 0.42458248 -0.3329474 0.24076205 0.47307062 0.054574132 -0.042914454 0.12351697 -0.051621314 0.0 8.872671592193413
-0.12394639 -0.26802123 0.040495805 -0.12433918 -0.15991953 0.05768919 -0.041545145 0.1277853 0.0 0.64531195 0.057026707 0.6796586 0.24135403 -0.30342048 0.42453593 -0.33776706 0.24020861 0.4708163 0.06549773 -0.040495805 0.12433918 -0.052188437 0.0 8.8876305841834
-0.122524165 -0.26878685 0.034920882 0.035126988 -0.1623844 0.055495434 -0.036003884 -0.03181568 0.0 0.64272785 0.0712403 0.6732858 0.25623342 -0.3133443 0.41920915 -0.34390226 0.23421602 0.46809512 0.07612981 -0.034920882 -0.035126988 -0.084223405 0.0 8.88229078662538
-0.121041305 -0.2651911 0.06689421 0.12698318 -0.16536923 0.049376853 -0.06799816 -0.12379978 0.0 0.6393752 0.07926971 0.66665226 0.264775 -0.3227093 0.4102525 -0.34998634 0.22474723 0.46468332 0.08106581 -0.06689421 -0.12698318 -0.047178756 0.0 8.860560432043474
-0.119576134 -0.26059505 0.057593882 0.12986577 -0.1684308 0.041634575 -0.058725677 -0.12681 0.0 0.63555104 0.08824258 0.6589437 0.27427763 -0.33324313 0.39903852 -0.3566358 0.21300349 0.46085978 0.086385965 -0.057593882 -0.12986577 -0.091046534 0.0 8.83411725769046
-0.11808344 -0.25602648 0.060090337 0.12813987 -0.1710673 0.0347922 -0.06122971 -0.12520154 0.0 0.6321519 0.09351327 0.6527148 0.2798823 -0.3412534 0.38955095 -0.3618163 0.20318194 0.45750904 0.08900216 -0.060090337 -0.12813987 -0.027971156 0.0 8.815143122350452
-0.11656508 -0.2514481 0.056737192 0.13020234 -0.17354554 0.027956014 -0.057880763 -0.12737711 0.0 0.6287624 0.09838204 0.64658356 0.2850332 -0.34888932 0.38007933 -0.36671048 0.19342817 0.4542047 0.09130429 -0.056737192 -0.13020234 -0.0666206 0.0 8.792113999929452
-0.11500876 -0.24689926 0.058006354 0.12913144 -0.17579791 0.021867309 -0.059140276 -0.12641057 0.0 0.62578434 0.10042123 0.6416914 0.28724524 -0.3547034 0.3720829 -0.37061045 0.18525888 0.45130837 0.09155465 -0.058006354 -0.12913144 -0.014489691 0.0 8.774908705460689
-0.11345576 -0.24233398 0.054985628 0.13090695 -0.17793895 0.015729396 -0.056108996 -0.12828682 0.0 0.62284046 0.10234715 0.63684565 0.28932336 -0.3603608 0.36401784 -0.37436602 0.17704163 0.44846374 0.09170565 -0.054985628 -0.13090695 -0.048450164 0.0 8.75438098875119
-0.11187693 -0.23779233 0.056356363 0.12987617 -0.17995778 0.010267675 -0.05745878 -0.12734908 0.0 0.6202959 0.1018557 0.63311994 0.28891665 -0.36453837 0.35731164 -0.37736243 0.17025071 0.44598985 0.09011312 -0.056356363 -0.12987617 -0.0029467037 0.0 8.738657743960605
-0.11031506 -0.23323105 0.053426545 0.13152231 -0.18189888 0.004711498 -0.054508757 -0.12908536 0.0 0.61777234 0.10147305 0.6293671 0.2886142 -0.36871907 0.35045287 -0.3803138 0.1633117 0.44354722 0.08858548 -0.053426545 -0.13152231 -0.034497153 0.0 8.71966369523365
-0.108738236 -0.22868836 0.054915108 0.13050175 -0.18378916 -0.00023722349 -0.055969328 -0.12814829 0.0 0.6156019 0.09901959 0.62659395 0.2861971 -0.37168622 0.34482116 -0.3826782 0.15764363 0.4414192 0.085571 -0.054915108 -0.13050175 0.006360622 0.0 8.70500701330544
-0.10718479 -0.22412509 0.052250482 0.13196765 -0.18562415 -0.0052895444 -0.053278193 -0.12969522 0.0 0.613441 0.09675309 0.6237625 0.28396878 -0.3747212 0.3390168 -0.3850427 0.1518011 0.43930757 0.082680695 -0.052250482 -0.13196765 -0.022761779 0.0 8.687484020876228
-0.10562437 -0.21957633 0.05377311 0.13098723 -0.18745951 -0.00980009 -0.054768544 -0.12879018 0.0 0.611569 0.09271758 0.62176174 0.27994034 -0.37675956 0.3343019 -0.38695234 0.14707915 0.43744525 0.07852548 -0.05377311 -0.13098723 0.0137676615 0.0 8.673545063337496
-0.10409268 -0.21500646 0.051358137 0.13229516 -0.18925317 -0.014429501 -0.052323334 -0.13017148 0.0 0.6096875 0.08895096 0.6196613 0.2761855 -0.37892297 0.32937905 -0.38889673 0.1421445 0.4355805 0.074555196 -0.051358137 -0.13229516 -0.013221249 0.0 8.657548157457448
-0.10256178 -0.21044736 0.05283027 0.13137922 -0.19108158 -0.018569548 -0.053760923 -0.12932406 0.0 0.6080314 0.08364691 0.61826164 0.27086762 -0.38024876 0.32542902 -0.39047903 0.13820831 0.43390483 0.06948966 -0.05283027 -0.13137922 0.019778183 0.0 8.644649041398976
-0.10106297 -0.20586737 0.05070132 0.13252486 -0.192875 -0.022854725 -0.051599946 -0.13053663 0.0 0.60634184 0.078718446 0.616707 0.26593173 -0.3817638 0.32121292 -0.392129 0.13399963 0.4322051 0.06468672 -0.05070132 -0.13252486 -0.0058810646 0.0 8.629841601332146
-0.0995738 -0.20129712 0.051971722 0.13164079 -0.19472492 -0.026686186 -0.05283503 -0.12971532 0.0 0.60482246 0.07242203 0.61574966 0.25960335 -0.3825507 0.3178819 -0.39347792 0.13070059 0.4306444 0.05891316 -0.051971722 -0.13164079 0.024688214 0.0 8.61822075315832
-0.098127194 -0.19671264 0.04981253 0.13249339 -0.19653146 -0.03068954 -0.050643418 -0.13062942 0.0 0.603257 0.06662177 0.61459005 0.25377896 -0.3835816 0.31422198 -0.39491466 0.12706481 0.42905006 0.05349061 -0.04981253 -0.13249339 -0.00051188126 0.0 8.604789397555766
-0.096697345 -0.19213519 0.05099596 0.1316688 -0.19840962 -0.034270372 -0.051791884 -0.12986271 0.0 0.6018111 0.059588127 0.61393756 0.24669558 -0.38396883 0.31137004 -0.3960953 0.1242626 0.42755008 0.047195673 -0.05099596 -0.1316688 0.028500604 0.0 8.594322446857486
-0.0953151 -0.18754266 0.04890439 0.13247833 -0.20023978 -0.038038284 -0.049668327 -0.13072905 0.0 0.60031486 0.053095948 0.6130643 0.24016199 -0.3846212 0.308159 -0.39737064 0.121092945 0.42601353 0.041283827 -0.04890439 -0.13247833 0.0038742141 0.0 8.582024318967372
-0.09395278 -0.18295568 0.05011625 0.1316731 -0.20215292 -0.041418962 -0.050846305 -0.12997752 0.0 0.59888744 0.045512743 0.61260504 0.23251028 -0.38471517 0.30567077 -0.39843276 0.11867324 0.4245273 0.034603033 -0.05011625 -0.1316731 0.031163583 0.0 8.572380100134747
-0.09264428 -0.17835279 0.047923416 0.13250016 -0.20401056 -0.044996418 -0.048622537 -0.13085735 0.0 0.5974137 0.038493033 0.6119216 0.22543092 -0.3850804 0.30280638 -0.3995883 0.115868494 0.423009 0.028320432 -0.047923416 -0.13250016 0.0074414033 0.0 8.561069368483029
-0.091362245 -0.17375332 0.049048536 0.13175395 -0.20595121 -0.048233382 -0.04971543 -0.13016126 0.0 0.5959672 0.030544315 0.611561 0.21739474 -0.38497463 0.30056176 -0.40056843 0.113711335 0.42150632 0.021385225 -0.049048536 -0.13175395 0.03255936 0.0 8.551867214316445
-0.09013192 -0.16913924 0.047146417 0.13246629 -0.2078421 -0.05164462 -0.047783725 -0.13092275 0.0 0.5944795 0.02309389 0.6110019 0.2098645 -0.38510802 0.2979839 -0.4016304 0.1112133 0.41997528 0.014802094 -0.047146417 -0.13246629 0.010928854 0.0 8.540566726959602
-0.088936806 -0.16452678 0.04782897 0.1318871 -0.2098028 -0.054786466 -0.04843608 -0.13039052 0.0 0.59298635 0.014936455 0.6106639 0.20160128 -0.38488182 0.29588145 -0.40255937 0.109216616 0.41843414 0.00772439 -0.04782897 -0.1318871 0.032468382 0.0 8.530858653823405
-0.08779076 -0.15990129 0.046377823 0.1324253 -0.2117175 -0.058088146 -0.046957124 -0.13097475 0.0 0.5914572 0.0072352597 0.6101458 0.19380157 -0.3848745 0.29347414 -0.40356308 0.106907845 0.41686848 0.0009690135 -0.046377823 -0.1324253 0.013625061 0.0 8.519314124648824
-0.08668423 -0.15527639 0.046685126 0.13200459 -0.21369644 -0.06115837 -0.047236342 -0.13059816 0.0 0.5899007 -0.0010525339 0.6097895 0.18538964 -0.38456878 0.2914634 -0.40445763 0.105021246 0.41527522 -0.0061951187 -0.046685126 -0.13200459 0.032140225 0.0 8.509190555558533
