120
0.47346476 0.22828926 0.13691373 -0.034928642 0.32989365 -0.22262307 -0.13684583 0.034940798 0.0 0.32189038 -0.028283885 0.13708864 0.00341097 -0.031950578 -0.98219836 0.15285116 -1.0138932 0.07035656 -0.13395238 -0.13691373 0.034928642 0.0 0.0 1.4834764332320791
0.4746836 0.22378144 0.13537008 0.0398977 0.32575843 -0.22231422 -0.13530487 -0.03988587 0.0 0.31730655 -0.027994346 0.13243249 0.0032758915 -0.034342114 -0.9827192 0.15053196 -1.0139894 0.06601613 -0.13424039 -0.13537008 -0.0398977 -0.01176905 0.0 1.472317461631613
0.4781198 0.22067997 0.08947585 0.10872881 0.3222409 -0.22502518 -0.08941321 -0.10871742 0.0 0.3136907 -0.030709887 0.12880117 0.0004688377 -0.037485357 -0.98560864 0.14740416 -1.0167874 0.062452894 -0.13708031 -0.08947585 -0.10872881 0.0079644285 0.0 1.4371725186638966
0.48082095 0.21697061 0.13695842 0.03180147 0.31833863 -0.22678746 -0.13689826 -0.03179047 0.0 0.30961293 -0.032480255 0.124695644 -0.0014665878 -0.040710583 -0.9876921 0.1442067 -1.0187057 0.058470182 -0.1390749 -0.13695842 -0.03180147 -0.011414056 0.0 1.4245322020066467
0.48123902 0.21228543 0.13702856 -0.034659557 0.31303605 -0.2272736 -0.13697074 0.03466997 0.0 0.304835 -0.032943808 0.12000242 -0.0014291471 -0.048075777 -0.9872028 0.1367568 -1.0187175 0.053404294 -0.1388575 -0.13702856 0.034659557 0.02203603 0.0 1.4303725458053742
0.4789925 0.20827985 0.0835697 -0.11358299 0.30585402 -0.22928563 -0.083514 0.1135921 0.0 0.3007471 -0.034850188 0.11643988 -0.00039582205 -0.06731674 -0.9833676 0.11699047 -1.0178219 0.04766147 -0.13674608 -0.0835697 0.11358299 0.07744609 0.0 1.4545674534338753
0.47628078 0.20434369 0.10681998 -0.092652075 0.3007601 -0.22818802 -0.1067664 0.09266042 0.0 0.29712865 -0.03371968 0.11308851 0.002133909 -0.07813064 -0.97941345 0.1059095 -1.015267 0.04327621 -0.13368988 -0.10681998 0.092652075 -0.007410241 0.0 1.4761247084012767
0.47483885 0.20009355 0.123582765 -0.050360985 0.29954815 -0.22239165 -0.12353139 0.05036962 0.0 0.29358846 -0.02798097 0.10913252 0.0056680697 -0.070329025 -0.9780969 0.114126906 -1.0117459 0.040950306 -0.13098128 -0.123582765 0.050360985 -0.06663995 0.0 1.4889279964094089
0.47269046 0.19587998 0.1005718 -0.09938462 0.29964402 -0.21423137 -0.10052261 0.099393785 0.0 0.2902293 -0.01995759 0.105204575 0.010408688 -0.056748908 -0.9763897 0.1282758 -1.006756 0.03946114 -0.12743057 -0.1005718 0.09938462 -0.065022305 0.0 1.5142532905021904
0.4701647 0.19221257 0.097183324 -0.08802852 0.30079547 -0.204886 -0.09713626 0.08803832 0.0 0.28730986 -0.010852515 0.10168942 0.01562959 -0.039548464 -0.9743461 0.14607197 -1.0008281 0.038849078 -0.123557165 -0.097183324 0.08802852 -0.08328396 0.0 1.5386904041691407
0.46942556 0.1886012 0.10851614 -0.00024681413 0.30108085 -0.1980506 -0.10847111 0.0002570707 0.0 0.28396913 -0.0043034474 0.09788612 0.01870435 -0.02482213 -0.97373843 0.16126089 -0.99674624 0.037658483 -0.12163272 -0.10851614 0.00024681413 -0.0545975 0.0 1.5402375330969513
0.46823195 0.18418469 0.11890749 -0.07667157 0.29830155 -0.19410445 -0.11886431 0.07668174 0.0 0.2797439 -0.0004906414 0.09349448 0.02112874 -0.021808885 -0.9722016 0.16444056 -0.99382097 0.034315128 -0.11965359 -0.11890749 0.07667157 -0.011184768 0.0 1.5640880023926496
0.4680897 0.17959507 0.14002332 0.0152400825 0.29704157 -0.18835609 -0.139982 -0.015229596 0.0 0.27515757 0.0049098204 0.08856406 0.023324875 -0.009649565 -0.9718405 0.17694394 -0.99025553 0.031813122 -0.11845379 -0.14002332 -0.0152400825 -0.093702324 0.0 1.5630719438936564
0.46625614 0.17607279 0.07572885 -0.11329989 0.2964708 -0.18176933 -0.07568932 0.11331056 0.0 0.27169603 0.011147122 0.08484786 0.026768088 0.0015360417 -0.9697554 0.1883842 -0.9853764 0.030224727 -0.115843885 -0.07572885 0.11329989 -0.03108615 0.0 1.595587319647672
0.46242917 0.1737011 0.054943815 -0.121166855 0.2991558 -0.1696795 -0.054906134 0.121178135 0.0 0.26913902 0.022490926 0.08193496 0.033021323 0.025772836 -0.96540034 0.2129769 -0.97593075 0.03121302 -0.11102431 -0.054943815 0.121166855 -0.14408219 0.0 1.6310246940469164
0.45814145 0.17153305 0.061505638 -0.12740593 0.30439323 -0.15168601 -0.061469965 0.12741838 0.0 0.26572824 0.03893252 0.07823962 0.040998824 0.06721934 -0.95894045 0.25470796 -0.96100676 0.034073923 -0.10519028 -0.061505638 0.12740593 -0.17777035 0.0 1.670055528300554
0.45629233 0.16903329 0.086656764 -0.008964914 0.30965468 -0.13307706 -0.0866232 0.008978736 0.0 0.26062387 0.055141762 0.07330275 0.046953607 0.11697292 -0.9520924 0.30429405 -0.9439042 0.037196346 -0.10143167 -0.086656764 0.008964914 -0.2071335 0.0 1.6763547131539527
0.4546942 0.16484538 0.13378845 -0.04778179 0.31350502 -0.11099606 -0.13375717 0.047797192 0.0 0.25202623 0.07353208 0.06566862 0.052865874 0.17588842 -0.94104135 0.36224604 -0.92037517 0.03954151 -0.097597525 -0.13378845 0.04778179 -0.2641628 0.0 1.692607346394115
0.45348608 0.1602628 0.14067921 0.0030969768 0.3149788 -0.09123111 -0.14065012 -0.0030803748 0.0 0.2423427 0.089196764 0.057595357 0.057186294 0.22831786 -0.92813283 0.4130652 -0.8961224 0.04070743 -0.09459203 -0.14067921 -0.0030969768 -0.19027868 0.0 1.6909863684040414
0.4540706 0.1555709 0.1244199 0.067380376 0.31477723 -0.076646574 -0.1243928 -0.067363024 0.0 0.2330289 0.09983961 0.050155457 0.058444533 0.27092922 -0.9168805 0.45380265 -0.8754854 0.041033663 -0.09399776 -0.1244199 -0.067380376 -0.17735355 0.0 1.6600727352560287
0.4541048 0.15084322 0.14026071 0.017649414 0.3131365 -0.06476688 -0.1402354 -0.017631676 0.0 0.22412412 0.10816926 0.04312878 0.059210736 0.3042409 -0.90609777 0.48523626 -0.8571392 0.040349517 -0.09347894 -0.14026071 -0.017649414 -0.13195655 0.0 1.6451826770922073
0.45239344 0.14642133 0.13888502 -0.025672464 0.31118643 -0.049169 -0.13886155 0.02569067 0.0 0.21385503 0.11922533 0.035459373 0.061508425 0.34328288 -0.8899351 0.5216785 -0.83221817 0.04012111 -0.091135375 -0.13888502 0.025672464 -0.20571965 0.0 1.6396371416276392
0.44924024 0.14287813 0.12509136 -0.065691635 0.30906048 -0.029481268 -0.12506986 0.065710396 0.0 0.2021773 0.13301793 0.027407803 0.065107144 0.38959864 -0.8669968 0.5643681 -0.79908603 0.040866364 -0.087013625 -0.12509136 0.065691635 -0.2114106 0.0 1.6435038852163162
0.4466256 0.13893996 0.141359 -0.0021614744 0.30552474 -0.012286138 -0.14133933 0.0021805663 0.0 0.19017442 0.14431609 0.019251918 0.067233354 0.43035987 -0.8443533 0.60128236 -0.76727057 0.040758055 -0.08395973 -0.141359 0.0021614744 -0.17679058 0.0 1.620149302792539
0.44611093 0.13781717 -0.027627204 -0.00019626091 0.30453685 0.00080084294 0.027645288 0.00021539598 0.0 0.18256718 0.15230435 0.015112609 0.0679526 0.46498856 -0.82513845 0.63244313 -0.74078673 0.04309175 -0.08217743 0.027627204 0.00019626091 -0.14011037 0.0 1.5812589868264777
0.44773978 0.1370332 0.015212706 0.09190333 0.30443758 0.009038007 -0.015195949 -0.09188438 0.0 0.17753775 0.15643644 0.012955809 0.06660865 0.49203736 -0.81116176 0.6566193 -0.721334 0.045870375 -0.08251711 -0.015212706 -0.09190333 -0.10221877 0.0 1.496117148026138
0.4481231 0.1334613 0.13387516 0.040307812 0.30111185 0.01657138 -0.13385965 -0.04028911 0.0 0.16958997 0.15986066 0.007946735 0.06484636 0.5146896 -0.79725087 0.6763329 -0.70223653 0.04558523 -0.0831577 -0.13387516 -0.040307812 -0.12401508 0.0 1.431359994007867
0.4451855 0.12999989 0.12885346 -0.05589247 0.2961212 0.024664959 -0.128839 0.0559108 0.0 0.16110311 0.16466457 0.0018536701 0.065690525 0.52971524 -0.7836399 0.6889647 -0.68466586 0.04313283 -0.08133972 -0.12885346 0.05589247 -0.06832104 0.0 1.4077723706528391
0.4419216 0.1304707 -0.015733127 -0.11664247 0.29479417 0.027733989 0.015747009 0.11666008 0.0 0.15975292 0.16771114 0.000519506 0.068711296 0.5285187 -0.7805336 0.68775207 -0.68153375 0.041822482 -0.078312255 0.015733127 0.11664247 0.042506143 0.0 1.4036351445919593
0.43799517 0.13319948 -0.0034577977 -0.14213876 0.29553133 0.027677773 0.0034714087 0.14215545 0.0 0.16279817 0.1698453 0.0019661295 0.07346425 0.51599836 -0.7843066 0.6768304 -0.6879256 0.04085782 -0.07421546 0.0034577977 0.14213876 0.06666808 0.0 1.4116632958660267
0.43348408 0.13467713 0.04683565 -0.1336523 0.29510972 0.025937282 -0.04682223 0.13366805 0.0 0.16547872 0.17093891 0.0026018328 0.078055285 0.49798116 -0.79062146 0.66085804 -0.6977379 0.038293693 -0.07043024 -0.04683565 0.1336523 0.08260613 0.0 1.421967515523182
0.42901537 0.13450845 0.08353249 -0.10389517 0.293152 0.025468703 -0.08351938 0.10391011 0.0 0.16564643 0.17234266 0.0014338634 0.08184138 0.48410735 -0.793959 0.6483199 -0.7034577 0.034959074 -0.06714828 -0.08353249 0.10389517 0.031734522 0.0 1.424344648441969
0.424506 0.13457741 0.046042647 -0.12583424 0.29161757 0.02299365 -0.04602974 0.12584832 0.0 0.1673984 0.17265724 0.0012201826 0.085818015 0.46436274 -0.80046576 0.63054097 -0.71362656 0.031434763 -0.06387815 -0.046042647 0.12583424 0.109700255 0.0 1.4367573624651988
0.41984227 0.13388507 0.09773859 -0.101878114 0.28926688 0.021780236 -0.09772595 0.10189141 0.0 0.16766848 0.17358072 5.390904e-06 0.08964421 0.44766682 -0.80455893 0.6153299 -0.7206224 0.027612418 -0.0605547 -0.09773859 0.101878114 0.029960118 0.0 1.44368021453496
0.4152267 0.13247669 0.09562379 -0.10510192 0.28638703 0.019597659 -0.0956114 0.10511446 0.0 0.1678248 0.17378108 -0.0014710799 0.093188554 0.42835572 -0.8097228 0.5976516 -0.72913027 0.023149647 -0.057528663 -0.09562379 0.10510192 0.09667936 0.0 1.4554128822588788
0.41078088 0.13122764 0.085746564 -0.10554273 0.28382283 0.01623473 -0.085734375 0.10555448 0.0 0.16901337 0.17323244 -0.0021770368 0.09674651 0.40574795 -0.8162689 0.57693833 -0.739783 0.018801464 -0.054520685 -0.085746564 0.10554273 0.07867434 0.0 1.4690526244367796
0.40721 0.12833777 0.1365738 -0.03382732 0.2798387 0.016540892 -0.13656203 0.033838533 0.0 0.1660275 0.17426369 -0.0056448625 0.09886574 0.39647755 -0.8167202 0.5681499 -0.7413222 0.014373213 -0.052531544 -0.1365738 0.03382732 -0.013381025 0.0 1.4595744590982331
0.4043541 0.124461606 0.1385864 -0.029933415 0.27519897 0.016677665 -0.13857505 0.029944152 0.0 0.1619152 0.17477961 -0.010008215 0.09995587 0.38905174 -0.816969 0.56097513 -0.74214524 0.009503728 -0.051507473 -0.1385864 0.029933415 0.028301185 0.0 1.449992990490875
0.402589 0.12057457 0.12640023 0.014000832 0.27106285 0.014452103 -0.12638925 -0.013990611 0.0 0.1591206 0.17350665 -0.013429802 0.10014041 0.37785682 -0.82012844 0.55040723 -0.7467622 0.0047997576 -0.051482625 -0.12640023 -0.014000832 0.03297613 0.0 1.4229756044421116
0.3993161 0.11754066 0.10289614 -0.09549437 0.26731834 0.009477059 -0.102885336 0.09550392 0.0 0.15945992 0.1713287 -0.014901777 0.10237763 0.35283726 -0.8275514 0.527199 -0.75860035 -0.0005369325 -0.049660232 -0.10289614 0.09549437 0.12713154 0.0 1.4362010749599787
0.3953222 0.1148762 0.118760146 -0.07782688 0.2636517 -0.0013524459 -0.118749306 0.07783551 0.0 0.16426137 0.16583286 -0.013416332 0.10594224 0.3060003 -0.8416721 0.48367798 -0.7817815 -0.006891334 -0.046633262 -0.118760146 0.07782688 0.22265387 0.0 1.4501378107718905
0.39099988 0.11449307 0.00284034 -0.13870415 0.26165757 -0.011755349 -0.002829487 0.13871185 0.0 0.17159125 0.16063201 -0.009105322 0.11058205 0.25782776 -0.853133 0.43852434 -0.80308306 -0.010963039 -0.04212161 -0.00284034 0.13870415 0.17845376 0.0 1.4816781559801786
0.38639748 0.115873225 -0.011307705 -0.14107214 0.26133743 -0.016403465 0.011318391 0.14107916 0.0 0.1775575 0.159125 -0.004829298 0.11563585 0.22711284 -0.85709375 0.40949965 -0.8136046 -0.012202615 -0.03690102 0.011307705 0.14107214 0.09512076 0.0 1.5150123980939547
0.38420302 0.11483359 0.08385677 -0.0065809293 0.2596884 -0.016661413 -0.08384645 0.0065875854 0.0 0.17736496 0.15955478 -0.0053758095 0.117577896 0.21850091 -0.8570396 0.4012417 -0.8150627 -0.01401239 -0.034892663 -0.08385677 0.0065809293 -0.010301416 0.0 1.5110476336230672
0.38172567 0.111186035 0.12649202 -0.06472334 0.25575238 -0.01176131 -0.12648219 0.06472986 0.0 0.17115965 0.16337676 -0.0110237505 0.11904331 0.22542135 -0.8526015 0.40760475 -0.8082681 -0.017690474 -0.03352607 -0.12649202 0.06472334 -0.07260688 0.0 1.5260206118963757
0.37992334 0.10712714 0.13370618 0.0021538115 0.2515085 -0.0075557935 -0.13369681 -0.0021474184 0.0 0.16454557 0.1664175 -0.017019175 0.119614795 0.23259522 -0.8487305 0.41415998 -0.8019278 -0.021613998 -0.03303103 -0.13370618 -0.0021538115 -0.03193347 0.0 1.5194973425025882
0.37887597 0.102427736 0.14162676 0.006546276 0.24672581 -0.0067197876 -0.14161779 -0.006540098 0.0 0.15906192 0.16690129 -0.022312667 0.11936698 0.23120362 -0.84796417 0.4125782 -0.8004298 -0.026292056 -0.03329613 -0.14162676 -0.006546276 -0.0027907533 0.0 1.5118611193654745
0.37583086 0.09930276 0.092582405 -0.103463404 0.24294603 -0.0036965362 -0.092573814 0.103469364 0.0 0.1546609 0.16960941 -0.026542373 0.12142615 0.23043501 -0.84499127 0.4116383 -0.796808 -0.029975252 -0.031250224 -0.092582405 0.103463404 -0.023045316 0.0 1.5376279469535352
0.37120685 0.09829006 0.047733996 -0.13303557 0.24076615 0.00257263 -0.047725793 0.13304137 0.0 0.15100089 0.17511652 -0.029783417 0.12538436 0.2354548 -0.8387986 0.41623908 -0.7890664 -0.031909622 -0.027315805 -0.047733996 0.13303557 -0.039103482 0.0 1.5707365312933166
0.36830363 0.09554966 0.13545237 -0.015114741 0.23721229 0.009428145 -0.13544461 0.015120472 0.0 0.14398734 0.18012756 -0.035757877 0.12676176 0.2488597 -0.8318794 0.42860493 -0.77851355 -0.034805957 -0.025950233 -0.13545237 0.015114741 -0.092198975 0.0 1.5694714442630564
0.36513406 0.092238575 0.11117352 -0.08369681 0.23254925 0.0201541 -0.11116627 0.083702594 0.0 0.13306373 0.18728219 -0.0445809 0.12729356 0.27535847 -0.8201445 0.45300308 -0.76015586 -0.037971728 -0.025278328 -0.11117352 0.08369681 -0.16349594 0.0 1.5861556777676242
0.36212605 0.08860255 0.13923332 -0.024267543 0.22711204 0.030757198 -0.13922657 0.024273362 0.0 0.12115857 0.1938615 -0.05400093 0.12696306 0.3027907 -0.80722094 0.4779502 -0.74032253 -0.041422766 -0.02523303 -0.13923332 0.024267543 -0.12581879 0.0 1.5835967281420689
0.35824707 0.0866067 0.07259918 -0.11815725 0.22244571 0.042029705 -0.072592914 0.11816308 0.0 0.11045763 0.2010511 -0.062073432 0.12763937 0.3294558 -0.7925263 0.50198686 -0.7191146 -0.043803904 -0.02397885 -0.07259918 0.11815725 -0.14434524 0.0 1.60727119147402
0.35355583 0.086218596 0.062851936 -0.12368028 0.219137 0.051223863 -0.06284604 0.123686016 0.0 0.10353823 0.20764013 -0.06726732 0.13029858 0.34522086 -0.7806644 0.51602644 -0.7033228 -0.045532208 -0.020861747 -0.062851936 0.12368028 -0.043859728 0.0 1.6361493367238618
0.34939486 0.086845905 0.01825042 -0.12404464 0.21757832 0.056880984 -0.018244803 0.12405019 0.0 0.10082789 0.21243946 -0.06940209 0.13383918 0.34979945 -0.77405405 0.5200294 -0.69545376 -0.046551727 -0.017156597 -0.01825042 0.12404464 -0.015743058 0.0 1.6659553535424882
0.34482488 0.08630743 0.10010405 -0.098677 0.21412624 0.064396724 -0.100098744 0.098682426 0.0 0.09478886 0.21797952 -0.074101985 0.1365416 0.3602336 -0.7642095 0.52912444 -0.6827716 -0.04872805 -0.014050642 -0.10010405 0.098677 -0.09081693 0.0 1.6903953021319196
0.3405399 0.08414288 0.11917827 -0.076866865 0.20940447 0.07009933 -0.11917324 0.07687214 0.0 0.08804087 0.22208603 -0.07975524 0.13841575 0.3664862 -0.75649685 0.5342823 -0.6728266 -0.052386668 -0.01182679 -0.11917827 0.076866865 -0.02057272 0.0 1.7111263595586288
0.33635184 0.08175364 0.1167381 -0.08081527 0.20587403 0.07142249 -0.11673324 0.08082031 0.0 0.0855172 0.22420762 -0.08282813 0.14164793 0.35749024 -0.75619376 0.5258356 -0.67363405 -0.05645291 -0.008772172 -0.1167381 0.08081527 0.051382642 0.0 1.7366491946198228
0.33222264 0.07929467 0.11958256 -0.0757054 0.2019852 0.0736729 -0.11957788 0.07571023 0.0 0.081911705 0.22668077 -0.08658641 0.14443336 0.35206646 -0.7542232 0.52056456 -0.6719758 -0.060490143 -0.0060353926 -0.11958256 0.0757054 -0.024479872 0.0 1.7608506481784822
0.32919198 0.075709715 0.14109814 -0.007392797 0.19582292 0.07894506 -0.14109375 0.007397531 0.0 0.07256918 0.22940288 -0.09416833 0.14364244 0.3632207 -0.74562424 0.5299582 -0.6598638 -0.06492453 -0.0062463824 -0.14109814 0.007392797 -0.10836507 0.0 1.7598569518221026
0.32866338 0.07114494 0.114978634 0.080903836 0.18970585 0.08168161 -0.11497451 -0.080899194 0.0 0.06304767 0.22928491 -0.10168757 0.13973857 0.37589294 -0.7388494 0.5406282 -0.6493031 -0.06902795 -0.009443233 -0.114978634 -0.080903836 -0.06211191 0.0 1.718246640376203
0.32806277 0.066440515 0.13711002 0.034663882 0.18452276 0.08170834 -0.1371061 -0.034659386 0.0 0.05647662 0.2281092 -0.107405916 0.13701163 0.37844774 -0.73702854 0.54233027 -0.645931 -0.07333938 -0.011855193 -0.13711002 -0.034663882 -0.0154424 0.0 1.6975377195289671
0.32775125 0.063125476 0.0662327 0.046109904 0.180716 0.08206048 -0.066228986 -0.04610555 0.0 0.05130884 0.22725965 -0.11171628 0.13463643 0.38227427 -0.73483086 0.54529935 -0.6422076 -0.076261744 -0.013905946 -0.0662327 -0.046109904 -0.04526705 0.0 1.6647982020561791
0.32558063 0.061805196 0.06472332 -0.095280774 0.17819937 0.08392824 -0.06471976 0.095284976 0.0 0.04827793 0.2286674 -0.11441766 0.13546655 0.3826535 -0.73224324 0.5453491 -0.6390424 -0.07843651 -0.012949149 -0.06472332 0.095280774 0.005016701 0.0 1.6863689629342362
0.32093585 0.06251402 0.03615834 -0.13670766 0.17576641 0.08977351 -0.036154952 0.13671173 0.0 0.044647586 0.2334288 -0.11726855 0.13888033 0.38699 -0.7246724 0.54890615 -0.6301239 -0.08005636 -0.0092314975 -0.03615834 0.13670766 -0.056144115 0.0 1.7206722164728556
0.31955737 0.06353911 -0.032588147 -0.00015597 0.1731781 0.0966377 0.032591283 0.00015996463 0.0 0.037873667 0.23635775 -0.121179454 0.13706851 0.4083632 -0.71121484 0.5674163 -0.61192554 -0.079609185 -0.009879692 0.032588147 0.00015597 -0.13647142 0.0 1.6964274289383305
0.31748703 0.06404732 0.06071719 -0.09994406 0.1687947 0.10489756 -0.06071432 0.099948004 0.0 0.028477857 0.23958294 -0.12684311 0.1345513 0.43332562 -0.6938272 0.5886466 -0.5887956 -0.07993402 -0.010780723 -0.06071719 0.09994406 -0.13093111 0.0 1.7145049855019376
0.3134893 0.062233478 0.13347432 -0.03341276 0.16100602 0.11318084 -0.13347171 0.033416647 0.0 0.015838765 0.24262363 -0.13552131 0.13196027 0.45468327 -0.67529345 0.60604334 -0.5646301 -0.08330805 -0.011551528 -0.13347432 0.03341276 -0.13202883 0.0 1.7079955660996653
0.3107132 0.058397286 0.13939123 0.023326425 0.15355112 0.1168218 -0.13938881 -0.02332263 0.0 0.005363219 0.24279524 -0.14333747 0.12858336 0.46579257 -0.664487 0.61449325 -0.55027515 -0.087744944 -0.013653526 -0.13939123 -0.023326425 -0.05283495 0.0 1.6761180422153625
0.308003 0.057443168 0.03450696 -0.0933666 0.1489427 0.12114741 -0.0345047 0.09337029 0.0 -0.0015350357 0.24437647 -0.14811195 0.12745146 0.47548807 -0.6542921 0.622065 -0.5373671 -0.08991518 -0.013739885 -0.03450696 0.0933666 -0.07806357 0.0 1.6866882324740984
0.30404428 0.056206156 0.13436782 -0.03990707 0.14294711 0.1264258 -0.13436572 0.03991066 0.0 -0.0100235995 0.2465462 -0.15417443 0.12664294 0.48530957 -0.6421615 0.6294604 -0.5222582 -0.09309741 -0.013326553 -0.13436782 0.03990707 -0.06994644 0.0 1.6793711652264196
0.30198646 0.055733167 -0.0010240177 -0.038977504 0.13980393 0.1293062 0.0010259965 0.038980972 0.0 -0.014525023 0.2476764 -0.15730086 0.12613913 0.49089795 -0.635332 0.6336738 -0.5137947 -0.094633624 -0.013125646 0.0010240177 0.038977504 -0.021975279 0.0 1.6651159535282016
0.29916453 0.054742076 0.13161287 -0.04665379 0.13590433 0.13217922 -0.131611 0.04665714 0.0 -0.019601421 0.24899912 -0.16115397 0.12603927 0.49463192 -0.6289077 0.63618445 -0.5059478 -0.09709635 -0.012591468 -0.13161287 0.04665379 -0.04557082 0.0 1.6590548728113823
0.29538015 0.051807225 0.140739 -0.015987514 0.1306742 0.13363476 -0.14073722 0.015990738 0.0 -0.025297016 0.24983245 -0.16635726 0.12630813 0.49243912 -0.62601316 0.6334994 -0.50248885 -0.101746365 -0.012065621 -0.140739 0.015987514 0.0064014643 0.0 1.641272064915221
0.29206046 0.048330493 0.14167674 -0.0021982966 0.12727237 0.13251062 -0.141675 0.0022013767 0.0 -0.027468178 0.2503422 -0.16981979 0.1283083 0.48102766 -0.63090026 0.62337923 -0.50886637 -0.1066678 -0.010737341 -0.14167674 0.0021982966 0.058930546 0.0 1.6199892648194227
0.28918323 0.044714265 0.13584518 0.009285968 0.12254156 0.13244593 -0.13584352 -0.009283007 0.0 -0.032299332 0.25014558 -0.17454696 0.1279905 0.4769468 -0.6306635 0.61919445 -0.50850844 -0.11127659 -0.011001302 -0.13584518 -0.009285968 -0.043787893 0.0 1.5881795920540607
0.28706247 0.041615337 0.0984317 0.015887732 0.11701272 0.13363045 -0.098430134 -0.015884867 0.0 -0.039405577 0.24922553 -0.17998846 0.12515819 0.48170406 -0.62461716 0.6222869 -0.5005498 -0.11484446 -0.01296538 -0.0984317 -0.015887732 -0.051798817 0.0 1.5479706921777645
0.28684098 0.0372874 0.08592868 0.11123865 0.113213144 0.13128588 -0.08592718 -0.111235894 0.0 -0.043564234 0.24639344 -0.18376026 0.12188912 0.48026273 -0.625823 0.6204588 -0.5013187 -0.11818667 -0.016031016 -0.08592868 -0.11123865 0.018950209 0.0 1.457715305378482
0.28525075 0.033200517 0.13922998 0.0026058084 0.110775396 0.12833513 -0.13922852 -0.0026031784 0.0 -0.04449577 0.2454665 -0.18629496 0.12279116 0.4679735 -0.6334712 0.6097727 -0.5107959 -0.122515865 -0.015967935 -0.13922998 -0.0026058084 0.06304194 0.0 1.4251322158622841
0.28109238 0.031453513 0.10305291 -0.094844386 0.108375736 0.12897478 -0.10305146 0.0948469 0.0 -0.045399535 0.2480632 -0.18874106 0.12719361 0.45589674 -0.63729453 0.5992383 -0.51642495 -0.12672448 -0.012362122 -0.10305291 0.094844386 0.030854482 0.0 1.429365462811431
0.27667326 0.029754957 0.13093024 -0.05276872 0.10582322 0.12997602 -0.13092883 0.05277111 0.0 -0.046486754 0.25093284 -0.19129322 0.13182224 0.44396332 -0.64047897 0.5887698 -0.5213683 -0.13098504 -0.008480218 -0.13093024 0.05276872 0.052317083 0.0 1.4214287096464813
0.27365464 0.02621482 0.13884412 0.02508556 0.10192852 0.12946615 -0.13884275 -0.025083268 0.0 -0.04967339 0.25130925 -0.19517216 0.1330453 0.43556887 -0.6429481 0.5810676 -0.5246842 -0.13568334 -0.007606554 -0.13884412 -0.02508556 0.0020531625 0.0 1.3797190414576146
0.27020687 0.023035211 0.13385531 -0.045159124 0.09789078 0.12968226 -0.13385397 0.045161318 0.0 -0.05314284 0.25222906 -0.19919008 0.13464312 0.42793494 -0.6442755 0.5739822 -0.5266895 -0.1403561 -0.0062838895 -0.13385531 0.045159124 0.024480624 0.0 1.3674098306701707
0.26624736 0.022001186 0.079157315 -0.09549232 0.09679192 0.13052236 -0.079156004 0.095494404 0.0 -0.052177534 0.25557023 -0.20016497 0.14043567 0.41388604 -0.64883065 0.5618735 -0.5336961 -0.14368883 -0.0014526891 -0.079157315 0.09549232 0.08218748 0.0 1.3731718218496924
0.26188996 0.020312266 0.13071142 -0.05355135 0.09738087 0.12959409 -0.1307101 0.05355331 0.0 -0.047118615 0.2597815 -0.19904684 0.14989945 0.38699073 -0.6603844 0.538919 -0.55050236 -0.14757368 0.0061205467 -0.13071142 0.05355135 0.15522867 0.0 1.3704470737556864
0.2573312 0.019330163 0.081303105 -0.115120895 0.09824789 0.12953651 -0.08130176 0.115122736 0.0 -0.041870482 0.26442793 -0.19734694 0.1596266 0.36159357 -0.6695812 0.51707006 -0.5647798 -0.15065327 0.014225217 -0.081303105 0.115120895 0.09196486 0.0 1.3874945473074376
0.2525903 0.02001496 0.046213504 -0.13411887 0.099897414 0.13108908 -0.046212167 0.1341206 0.0 -0.03636646 0.2698731 -0.19473279 0.16949205 0.34063292 -0.67512834 0.49899924 -0.57474726 -0.1521526 0.022833308 -0.046213504 0.13411887 0.104620814 0.0 1.4127324979647788
0.24819545 0.018950589 0.12166646 -0.06954213 0.09898258 0.1325174 -0.12166514 0.06954377 0.0 -0.034828853 0.2736675 -0.19492958 0.17607652 0.32555574 -0.6777941 0.48565647 -0.5802031 -0.15492548 0.028694246 -0.12166646 0.06954213 0.035688158 0.0 1.421522902750707
0.24509776 0.015453877 0.1411274 0.0009785342 0.0949646 0.13293004 -0.14112613 -0.000976966 0.0 -0.03823067 0.27466172 -0.19875506 0.17776912 0.31800538 -0.67836094 0.47852975 -0.58146834 -0.1593934 0.030213984 -0.1411274 -0.0009785342 0.0036492615 0.0 1.4067890347945056
0.2419646 0.011854436 0.13650407 -0.037244957 0.089568496 0.13421915 -0.13650286 0.03724647 0.0 -0.044360686 0.2752575 -0.20437999 0.17753303 0.31681725 -0.6759032 0.47683656 -0.57817876 -0.16425298 0.030184178 -0.13650407 0.037244957 -0.03488341 0.0 1.4036826405007783
0.23840997 0.008609222 0.13610075 -0.03955502 0.08378133 0.13628452 -0.1360996 0.039556485 0.0 -0.05135175 0.2761698 -0.21052761 0.17707744 0.3179649 -0.6718605 0.47714078 -0.57276815 -0.16913922 0.030077916 -0.13610075 0.03955502 -0.029124677 0.0 1.4012007910160802
0.2340657 0.0075599896 0.0703916 -0.120342344 0.07793483 0.1409222 -0.07039052 0.12034377 0.0 -0.059828203 0.27821818 -0.2170952 0.1761234 0.3274103 -0.6626339 0.4846773 -0.56053907 -0.17292501 0.029935652 -0.0703916 0.120342344 -0.09762603 0.0 1.4210393903506322
0.22933558 0.008396632 0.04844535 -0.13340338 0.07354067 0.14663658 -0.04844434 0.13340476 0.0 -0.06657194 0.2815339 -0.22205308 0.17673951 0.33685035 -0.65249324 0.4923315 -0.54769886 -0.17536592 0.031336047 -0.04844535 0.13340338 -0.041757595 0.0 1.4468859362423017
0.22514942 0.0070706764 0.13144846 -0.04576144 0.0676748 0.15048188 -0.13144751 0.04576279 0.0 -0.07460284 0.28309375 -0.2283675 0.17579657 0.34388408 -0.64428157 0.49764872 -0.5369844 -0.17933305 0.031167788 -0.13144846 0.04576144 -0.06817897 0.0 1.446386006122446
0.22065601 0.0060251653 0.08340953 -0.11336636 0.06142484 0.15471864 -0.08340864 0.11336767 0.0 -0.08325595 0.2847044 -0.23503119 0.17461115 0.35213286 -0.6348568 0.5039081 -0.5247636 -0.18335809 0.03090397 -0.08340953 0.11336636 -0.0676229 0.0 1.4670411083608654
0.21596447 0.0051778425 0.11361391 -0.08397209 0.05262236 0.15988436 -0.1136131 0.08397338 0.0 -0.09635973 0.28491703 -0.24433592 0.16976799 0.3697922 -0.61943835 0.5177684 -0.5042893 -0.18784592 0.027885154 -0.11361391 0.08397209 -0.15850721 0.0 1.4758628508984268
0.21146472 0.0034710965 0.1260903 -0.065179594 0.045030914 0.16338703 -0.12608956 0.065180846 0.0 -0.10658896 0.28520754 -0.25207078 0.16692278 0.37878138 -0.6089803 0.5242632 -0.4906955 -0.19256184 0.026279444 -0.1260903 0.065179594 -0.024134355 0.0 1.4824405836500505
0.20679814 0.0027880876 0.09065744 -0.108022824 0.03876956 0.16724776 -0.090656735 0.108024046 0.0 -0.1148635 0.28651932 -0.25834978 0.1658216 0.3853714 -0.59943855 0.52885765 -0.4787408 -0.1965005 0.026191626 -0.09065744 0.108022824 -0.086864695 0.0 1.501283199932944
0.20229256 0.0041469024 0.037766628 -0.13601282 0.032590553 0.17244288 -0.037765983 0.136014 0.0 -0.12398818 0.2878202 -0.26439938 0.16355857 0.3983292 -0.5853011 0.5387404 -0.4610395 -0.19906446 0.025525205 -0.037766628 0.13601282 -0.09591914 0.0 1.5284920974186118
0.19808088 0.006449384 0.032515056 -0.13760456 0.025613837 0.17807345 -0.032514475 0.13760573 0.0 -0.1347165 0.28817797 -0.27091616 0.1593141 0.41635782 -0.5670842 0.55255747 -0.43822032 -0.20102549 0.023530615 -0.032515056 0.13760456 -0.13864464 0.0 1.554935172778813
0.19446719 0.0072950344 0.07629518 -0.07154091 0.017174076 0.1820197 -0.07629466 0.07154204 0.0 -0.14703271 0.28625476 -0.27848372 0.15255028 0.43460682 -0.5485217 0.5660578 -0.4148172 -0.2037289 0.01938279 -0.07629518 0.07154091 -0.123423055 0.0 1.5595200935606894
0.19030905 0.008713719 0.042580698 -0.13056943 0.009507858 0.18632463 -0.042580232 0.13057053 0.0 -0.15781091 0.28548732 -0.28511 0.14782402 0.44909436 -0.5311045 0.5763935 -0.3934412 -0.20631625 0.017005801 -0.042580698 0.13056943 -0.104070954 0.0 1.5841861545111828
0.18602827 0.009640545 0.09752673 -0.08903325 0.0010226886 0.19003747 -0.09752632 0.08903433 0.0 -0.16932967 0.28389314 -0.2922398 0.14229739 0.46293747 -0.51322323 0.5858476 -0.3716275 -0.20937395 0.014019906 -0.09752673 0.08903325 -0.11934244 0.0 1.5943513325513816
0.18139441 0.010245527 0.08838343 -0.10591187 -0.0077922763 0.19338623 -0.08838306 0.10591292 0.0 -0.18084103 0.28217214 -0.29951766 0.13700978 0.4746815 -0.49593228 0.5933581 -0.35076994 -0.21290119 0.011234413 -0.08838343 0.10591187 -0.099864 0.0 1.6105205742469757
0.17716072 0.011090673 0.082900405 -0.096367694 -0.015781611 0.19636899 -0.08290008 0.09636871 0.0 -0.19113837 0.2805047 -0.30589846 0.13222668 0.48491767 -0.47982714 0.59967774 -0.3315491 -0.21595597 0.008807836 -0.082900405 0.096367694 -0.09422815 0.0 1.6224048173408678
0.17368406 0.009217816 0.13046117 0.040023856 -0.027314479 0.19610293 -0.1304609 -0.040022876 0.0 -0.20580673 0.27336434 -0.31472117 0.12074094 0.49927023 -0.46013603 0.60818464 -0.30751264 -0.22005299 0.0009085594 -0.13046117 -0.040023856 -0.16670409 0.0 1.5643069412538952
0.17055231 0.0055631837 0.13703455 0.036506362 -0.04127384 0.19319434 -0.13703433 -0.03650541 0.0 -0.22325706 0.26183042 -0.32474723 0.10417258 0.51609457 -0.43710834 0.61758476 -0.27945048 -0.2244561 -0.01099491 -0.13703455 -0.036506362 -0.17547837 0.0 1.4993784827000483
0.16656326 0.0034024252 0.13351664 -0.03178355 -0.05327956 0.19161202 -0.13351646 0.031784475 0.0 -0.23779117 0.25312847 -0.33308166 0.09164791 0.52814794 -0.41656816 0.6234384 -0.2550876 -0.22839336 -0.019537607 -0.13351664 0.03178355 -0.118185446 0.0 1.4651321115929274
0.16185765 0.003338837 0.11321945 -0.08415057 -0.06470176 0.19162591 -0.11321931 0.08415146 0.0 -0.25142017 0.246078 -0.34049815 0.08108901 0.5394431 -0.39399353 0.628521 -0.22900455 -0.23165557 -0.02603312 -0.11321945 0.08415057 -0.15214105 0.0 1.4453479184817648
0.15789843 0.0015968584 0.13214596 0.03899475 -0.075805694 0.18939471 -0.13214585 -0.038993884 0.0 -0.26434475 0.23716316 -0.34749094 0.06910673 0.54881 -0.37433958 0.6319562 -0.20628314 -0.23490272 -0.034071553 -0.13214596 -0.03899475 -0.10963813 0.0 1.3635656199734667
0.15585992 -0.0019894678 0.08353846 0.09330232 -0.084280826 0.18486097 -0.08353838 -0.09330148 0.0 -0.27404904 0.22748521 -0.35259488 0.057230107 0.5554323 -0.36168113 0.6339781 -0.19142604 -0.23724282 -0.042848665 -0.08353846 -0.09330232 -0.08872887 0.0 1.2366549717608981
0.15452893 -0.00661903 0.08939571 0.11012867 -0.09114367 0.1793751 -0.08939566 -0.11012787 0.0 -0.28174976 0.21808058 -0.3567713 0.04624338 0.55969375 -0.35387143 0.63471526 -0.18203422 -0.23938183 -0.051437624 -0.08939571 -0.11012867 -0.062165584 0.0 1.0903410733097276
0.15362279 -0.011353101 0.071854606 0.12261623 -0.098568365 0.17280152 -0.07185458 -0.12261546 0.0 -0.29014972 0.20634814 -0.3605058 0.032548603 0.566425 -0.34268367 0.6367811 -0.16888414 -0.24052255 -0.0619283 -0.071854606 -0.12261623 -0.11761974 0.0 0.9166722279005408
0.15361924 -0.015568214 0.030979885 0.12102657 -0.10564032 0.16551913 -0.030979881 -0.12102583 0.0 -0.2982191 0.19276248 -0.3628355 0.01674835 0.5759066 -0.32787228 0.6405229 -0.15185815 -0.23981735 -0.07374143 -0.030979885 -0.12102657 -0.11797903 0.0 0.7263733590481891
0.15152809 -0.01925173 0.1292023 0.04758294 -0.11219421 0.16051076 -0.12920232 -0.047582228 0.0 -0.30529207 0.18379176 -0.36627856 0.00648722 0.57934564 -0.31877398 0.64033216 -0.14146945 -0.24142726 -0.08145602 -0.1292023 -0.04758294 -0.04638167 0.0 0.5836412156067867
0.14841615 -0.020463726 0.084591575 -0.022219658 -0.119511716 0.15743299 -0.084591605 0.02222034 0.0 -0.3131321 0.17587033 -0.36965868 -0.002906059 0.5838154 -0.30438113 0.64034194 -0.12560473 -0.24264392 -0.08769468 -0.084591575 0.022219658 -0.121030405 0.0 0.4631097279901413
0.14414288 -0.019275265 0.111066766 -0.08841536 -0.12893514 0.15528774 -0.11106682 0.08841602 0.0 -0.32309616 0.16670229 -0.37311244 -0.014003606 0.59065235 -0.2807572 0.64066863 -0.1000513 -0.24311091 -0.09413763 -0.111066766 0.08841536 -0.13929269 0.0 0.3651881111893933
0.14045173 -0.01633978 0.07040464 -0.122254685 -0.13827796 0.15342714 -0.070404716 0.12225531 0.0 -0.3327471 0.15667374 -0.37512675 -0.025974058 0.59899485 -0.25199872 0.64137447 -0.06935091 -0.2418731 -0.100575194 -0.07040464 0.122254685 -0.16241015 0.0 0.2694415807476189
0.1365543 -0.013601055 0.109221645 -0.090053044 -0.1472445 0.1515591 -0.10922174 0.09005365 0.0 -0.34169856 0.1475084 -0.3771968 -0.03660061 0.6047179 -0.22592454 0.6402161 -0.041815538 -0.24123847 -0.106150575 -0.109221645 0.090053044 -0.118505195 0.0 0.1534012056290699
0.13199633 -0.012230962 0.13382913 -0.045785733 -0.15741189 0.14766933 -0.13382924 0.045786303 0.0 -0.3515545 0.13594659 -0.37975824 -0.049420074 0.60886395 -0.19983993 0.6370677 -0.014473266 -0.2411607 -0.113549516 -0.13382913 0.045785733 -0.15824917 0.0 1.1745537698004682e-07
