121
-0.07320462 -0.012333834 -0.11225603 -0.08596963 0.018845186 0.032526053 0.11225603 0.08596963 0.0 0.42178196 -0.3966007 0.5297388 -0.24329847 -0.28787312 0.33247128 -0.39582995 0.17916904 0.44508642 -0.13513198 0.11225603 0.08596963 0.117742606 0.0 9.109409321115029
-0.07480501 -0.01685936 -0.1177034 -0.07831988 0.023124162 0.035066854 0.1177034 0.07831988 0.0 0.42159003 -0.39821455 0.5311305 -0.24603987 -0.28046778 0.33817604 -0.39000827 0.18600138 0.4476042 -0.13700151 0.1177034 0.07831988 -0.017478753 0.0 9.199328761965951
-0.076230966 -0.02147018 -0.11207422 -0.08753523 0.027584383 0.037535753 0.11207422 0.08753523 0.0 0.41900772 -0.40211818 0.53098917 -0.25173068 -0.2710776 0.34550372 -0.38305905 0.19511619 0.44923297 -0.14135887 0.11207422 0.08753523 0.10605457 0.0 9.308037400460595
-0.077710345 -0.02603555 -0.11785856 -0.07806923 0.03179181 0.040082294 0.11785856 0.07806923 0.0 0.4199862 -0.40242526 0.53306556 -0.25286153 -0.2646077 0.35022834 -0.37768707 0.20066461 0.4521195 -0.1418942 0.11785856 0.07806923 -0.027947858 0.0 9.411123787810286
-0.07905544 -0.030669903 -0.11242471 -0.08703272 0.036186263 0.04252526 0.11242471 0.08703272 0.0 0.41890037 -0.4047305 0.5338135 -0.25657102 -0.25637037 0.35629883 -0.37128347 0.20813936 0.4542405 -0.14461502 0.11242471 0.08703272 0.09016736 0.0 9.533458463056292
-0.08044849 -0.035264082 -0.11764595 -0.07845949 0.040351313 0.045080412 0.11764595 0.07845949 0.0 0.42059875 -0.40427434 0.53632534 -0.2567494 -0.25047448 0.36045894 -0.36620104 0.21293397 0.45736954 -0.14435725 0.11764595 0.07845949 -0.0283324 0.0 9.652880165002344
-0.08173647 -0.039913036 -0.11299787 -0.08617076 0.04467701 0.04753076 0.11299787 0.08617076 0.0 0.42073864 -0.40533286 0.53782904 -0.25888807 -0.24320993 0.3655942 -0.36030036 0.2191494 0.45991954 -0.14576815 0.11299787 0.08617076 0.072277196 0.0 9.790523380911763
-0.08305983 -0.044530712 -0.11724546 -0.07917382 0.04882128 0.05009067 0.11724546 0.07917382 0.0 0.42283124 -0.40446886 0.54058266 -0.25855502 -0.23762445 0.36945266 -0.3553759 0.22353883 0.46318546 -0.14508396 0.11724546 0.07917382 -0.022395032 0.0 9.928580275271058
-0.08430676 -0.049188636 -0.11366567 -0.0851405 0.053082876 0.052565355 0.11366567 0.0851405 0.0 0.42392972 -0.40457842 0.5426908 -0.25948516 -0.23113997 0.37390724 -0.34990105 0.22881398 0.4660828 -0.14547977 0.11366567 0.0851405 0.054397635 0.0 10.083701870037926
-0.08557284 -0.053825602 -0.11675108 -0.08003401 0.05721795 0.055125944 0.11675108 0.08003401 0.0 0.4262551 -0.40348 0.54558873 -0.25885722 -0.22573262 0.3775887 -0.34506622 0.23296593 0.4694319 -0.14454997 0.11675108 0.08003401 -0.014016125 0.0 10.242461910737038
-0.0867853 -0.058490146 -0.11422794 -0.08423478 0.061414234 0.05764222 0.11422794 0.08423478 0.0 0.4281269 -0.40282452 0.54819053 -0.25880724 -0.2199016 0.38153207 -0.33996522 0.23751481 0.47261292 -0.14411622 0.11422794 0.08423478 0.037648555 0.0 10.417113495460063
-0.088005334 -0.06314215 -0.116283655 -0.08082866 0.065520994 0.06022724 0.116283655 0.08082866 0.0 0.43077558 -0.40139696 0.5512941 -0.2577601 -0.21476912 0.38500515 -0.3352876 0.24136831 0.47607955 -0.14283064 0.116283655 0.08082866 -0.007698338 0.0 10.59849968483199
-0.08918603 -0.06781291 -0.11455073 -0.08368557 0.06965938 0.062790334 0.11455073 0.08368557 0.0 0.43321154 -0.40017578 0.55425817 -0.25698373 -0.20943283 0.38859823 -0.33047944 0.24540617 0.47946736 -0.14177807 0.11455073 0.08368557 0.025269216 0.0 10.79522699927628
-0.09036563 -0.072477266 -0.11583795 -0.08155353 0.07374074 0.065400556 0.11583795 0.08155353 0.0 0.43609512 -0.39850366 0.5575114 -0.25562495 -0.20450845 0.3919287 -0.32592475 0.24904998 0.48301864 -0.14022635 0.11583795 0.08155353 -0.0029972706 0.0 11.001373418430425
-0.091516286 -0.077154085 -0.114693984 -0.08341096 0.07783182 0.06800725 0.114693984 0.08341096 0.0 0.43891963 -0.3968835 0.56072515 -0.25433642 -0.1995258 0.39529306 -0.32133132 0.25274602 0.48654738 -0.1387351 0.114693984 0.08341096 0.01646432 0.0 11.22279302335366
-0.09265946 -0.081828766 -0.11540338 -0.082225785 0.08188336 0.0706501 0.11540338 0.082225785 0.0 0.4420132 -0.39498314 0.564112 -0.25268716 -0.1947998 0.39850628 -0.31689855 0.25621033 0.4901724 -0.13693336 0.11540338 0.082225785 -0.00034283067 0.0 11.456065606329439
-0.093780324 -0.08649883 -0.11444159 -0.083072916 0.0859189 0.07329615 0.11444159 0.083072916 0.0 0.44513568 -0.39304185 0.56751305 -0.25098538 -0.19012131 0.40169385 -0.31249866 0.25963742 0.4938004 -0.13508692 0.11444159 0.083072916 0.010163822 0.0 11.704990692022374
-0.09489292 -0.09116559 -0.11474116 -0.08239762 0.089927085 0.07596462 0.11474116 0.08239762 0.0 0.44841143 -0.39093664 0.5710116 -0.24907246 -0.1855973 0.4047952 -0.3081975 0.26293102 0.497481 -0.13305844 0.11474116 0.08239762 0.0009254845 0.0 11.968156620198469
-0.09598951 -0.09582515 -0.11406506 -0.082796805 0.093909174 0.07864707 0.11406506 0.082796805 0.0 0.4517664 -0.388735 0.57455695 -0.24703555 -0.18117353 0.40784723 -0.30396405 0.26614776 0.50118214 -0.13092291 0.11406506 0.082796805 0.005682747 0.0 12.247890344040115
-0.09707592 -0.10047983 -0.11404464 -0.082468644 0.09786895 0.08134455 0.11404464 0.082468644 0.0 0.45520648 -0.386435 0.5781544 -0.24487211 -0.1768477 0.41085026 -0.29979563 0.26928738 0.5049087 -0.128678 0.11404464 0.082468644 0.0011870253 0.0 12.543929356407727
-0.098149285 -0.1051273 -0.11355114 -0.08264974 0.10180071 0.08406014 0.11355114 0.08264974 0.0 0.45872703 -0.38403323 0.5817993 -0.24257845 -0.17262627 0.41380712 -0.29569855 0.27235234 0.5086557 -0.12632 0.11355114 0.08264974 0.0027832617 0.0 12.858055661058135
-0.099211395 -0.109768726 -0.113331504 -0.08252978 0.105709575 0.08679034 0.113331504 0.08252978 0.0 0.46230686 -0.38155377 0.58547854 -0.24018548 -0.16848561 0.4167301 -0.2916573 0.2753618 0.51241666 -0.12387568 0.113331504 0.08252978 0.0007010796 0.0 13.190877967164184
-0.1002577 -0.11440245 -0.1127955 -0.08271423 0.10960057 0.08952552 0.1127955 0.08271423 0.0 0.4658937 -0.37905002 0.5891571 -0.23776175 -0.16438033 0.41964325 -0.28764376 0.27835497 0.5161708 -0.12140452 0.1127955 0.08271423 0.0017779418 0.0 13.543762210829385
-0.1012891 -0.11902976 -0.11244441 -0.08271821 0.11347435 0.09226726 0.11244441 0.08271821 0.0 0.46949038 -0.37651882 0.59283733 -0.23530346 -0.16031134 0.4225469 -0.2836583 0.28133154 0.5199198 -0.1189031 0.11244441 0.08271821 0.00074372336 0.0 13.917607754726752
-0.102304906 -0.123649955 -0.111969575 -0.08285001 0.11733156 0.09501359 0.111969575 0.08285001 0.0 0.4730873 -0.37397006 0.5965126 -0.23282316 -0.15627076 0.42544517 -0.27969608 0.28429827 0.5236597 -0.11638236 0.111969575 0.08285001 0.0012333669 0.0 14.31374526341826
-0.103305794 -0.12826344 -0.11157724 -0.08289782 0.12117229 0.09776529 0.11157724 0.08289782 0.0 0.47668645 -0.37140152 0.60018444 -0.23031822 -0.1522598 0.42833772 -0.2757578 0.28725445 0.5273915 -0.1138399 0.11157724 0.08289782 0.000694318 0.0 14.733311242058988
-0.10429137 -0.13286988 -0.11112264 -0.08300989 0.12499632 0.1005221 0.11112264 0.08300989 0.0 0.48028472 -0.3688157 0.6038506 -0.22779183 -0.1482767 0.43122604 -0.27184254 0.2902022 0.5311137 -0.111278504 0.11112264 0.08300989 0.00087013125 0.0 15.17768874219319
-0.10526191 -0.1374695 -0.11070563 -0.08308495 0.12880354 0.103284635 0.11070563 0.08308495 0.0 0.48388284 -0.36621138 0.6075115 -0.22524257 -0.14432214 0.43411028 -0.2679508 0.29314148 0.5348265 -0.108696856 0.11070563 0.08308495 0.00056436996 0.0 15.648212479665492
-0.10501682 -0.1388001 0.037059646 -0.0039579156 0.12754492 0.10682117 -0.037059646 0.0039579156 0.0 0.49123728 -0.35603485 0.61224055 -0.21280612 -0.15164594 0.43254453 -0.2726492 0.28931582 0.53741485 -0.0976231 -0.037059646 0.0039579156 -0.10909929 0.0 16.093108015204635
-0.10414025 -0.13631167 0.08596709 0.07291563 0.12195495 0.10930099 -0.08596709 -0.07291563 0.0 0.49975574 -0.34211275 0.616282 -0.19521864 -0.16715331 0.42625472 -0.28367957 0.2793606 0.53793794 -0.08239924 -0.08596709 -0.07291563 -0.110516645 0.0 16.53490257389167
-0.10378556 -0.13183418 0.081351385 0.10734785 0.11517101 0.11004731 -0.081351385 -0.10734785 0.0 0.5083015 -0.3280808 0.61969715 -0.17725885 -0.18468662 0.41685125 -0.29608226 0.2660293 0.53751224 -0.06720588 -0.081351385 -0.10734785 -0.13132265 0.0 16.990571443437652
-0.103552595 -0.12722547 0.085459 0.10569256 0.10906806 0.109731026 -0.085459 -0.10569256 0.0 0.51490366 -0.31665528 0.62181914 -0.16262497 -0.19967584 0.4075908 -0.3065913 0.25356048 0.5364357 -0.055034634 -0.085459 -0.10569256 -0.087427534 0.0 17.472344432454918
-0.10313855 -0.122616276 0.0857036 0.1059457 0.10330918 0.10889764 -0.0857036 -0.1059457 0.0 0.5200705 -0.30681598 0.6229538 -0.15006366 -0.21305859 0.39864698 -0.31594184 0.24189466 0.5348077 -0.044724762 -0.0857036 -0.1059457 -0.09579041 0.0 17.977039753361403
-0.10253716 -0.11802923 0.08861 0.103498414 0.09800381 0.10752148 -0.08861 -0.103498414 0.0 0.5235934 -0.29914948 0.6230879 -0.14022465 -0.22451125 0.3904124 -0.3240057 0.23148756 0.5327008 -0.036802307 -0.08861 -0.103498414 -0.06351765 0.0 18.511461586049972
-0.101806305 -0.11346 0.088301964 0.10376488 0.09298641 0.10580386 -0.088301964 -0.10376488 0.0 0.52614874 -0.29279146 0.6226368 -0.1320236 -0.23479173 0.38257948 -0.3312798 0.22181161 0.5303207 -0.030319396 -0.088301964 -0.10376488 -0.06889882 0.0 19.073774928866335
-0.10095182 -0.1089155 0.090160176 0.10204405 0.08832794 0.10371989 -0.090160176 -0.10204405 0.0 0.5275787 -0.2881558 0.62157893 -0.12592073 -0.24367471 0.37541363 -0.33767492 0.21317856 0.52770716 -0.025650604 -0.090160176 -0.10204405 -0.045025453 0.0 19.668824569327732
-0.100014746 -0.10439053 0.089651726 0.10235003 0.08389535 0.10140935 -0.089651726 -0.10235003 0.0 0.5283652 -0.28453672 0.6201799 -0.12105488 -0.2517233 0.36862347 -0.34353796 0.20514163 0.524971 -0.022053448 -0.089651726 -0.10235003 -0.04892007 0.0 20.295877497451464
-0.09900019 -0.09988765 0.09072391 0.10120103 0.07974232 0.09884754 -0.09072391 -0.10120103 0.0 0.5283567 -0.28227314 0.61839944 -0.1178087 -0.25874418 0.3624194 -0.34878695 0.19795498 0.5221264 -0.01984186 -0.09072391 -0.10120103 -0.03074847 0.0 20.959094163154962
-0.097939484 -0.095400915 0.09003053 0.10160023 0.075763024 0.09613296 -0.09003053 -0.10160023 0.0 0.52791613 -0.28078264 0.6164195 -0.11548469 -0.26516956 0.35653308 -0.3536729 0.19123513 0.5192359 -0.01842097 -0.09003053 -0.10160023 -0.033967286 0.0 21.658692681750384
-0.09683538 -0.09093158 0.09056381 0.10086203 0.07199735 0.09324514 -0.09056381 -0.10086203 0.0 0.5269058 -0.2803404 0.614193 -0.11439707 -0.270838 0.351135 -0.35812527 0.18519166 0.5162994 -0.018049534 -0.09056381 -0.10086203 -0.019944858 0.0 22.398456579083714
-0.09571228 -0.08647479 0.08968424 0.101344116 0.06835373 0.090261824 -0.08968424 -0.101344116 0.0 0.525638 -0.2804118 0.61186403 -0.11391459 -0.2761211 0.3459576 -0.36234713 0.1794604 0.5133573 -0.018193997 -0.08968424 -0.101344116 -0.023489537 0.0 23.178709454070788
-0.0945682 -0.082031175 0.08993858 0.10082067 0.06488222 0.0871504 -0.08993858 -0.10082067 0.0 0.52391714 -0.28135303 0.60935354 -0.11444925 -0.2807999 0.34121165 -0.36623633 0.17430787 0.5103945 -0.019196337 -0.08993858 -0.10082067 -0.011324007 0.0 24.003285819396076
-0.09343102 -0.07759596 0.08861626 0.10159991 0.06148642 0.08398719 -0.08861626 -0.10159991 0.0 0.5221104 -0.28252795 0.60682434 -0.11525632 -0.28529102 0.33655134 -0.37000495 0.16927971 0.5074544 -0.020432184 -0.08861626 -0.10159991 -0.016905257 0.0 24.872760717184306
-0.09228974 -0.07316984 0.08881891 0.1011171 0.058240816 0.080719 -0.08881891 -0.1011171 0.0 0.5198979 -0.284494 0.6041392 -0.11698384 -0.2892484 0.33230296 -0.37348968 0.16479278 0.5045018 -0.022440676 -0.08881891 -0.1011171 -0.0042795325 0.0 25.791297879201437
-0.09117369 -0.06874881 0.087106064 0.102166355 0.055044748 0.077422395 -0.087106064 -0.102166355 0.0 0.5177044 -0.2865197 0.6014847 -0.11877852 -0.29313502 0.3280498 -0.3769153 0.16030863 0.50158775 -0.024509707 -0.087106064 -0.102166355 -0.012192207 0.0 26.759659518682575
-0.090064175 -0.06433371 0.08739841 0.101629525 0.051982388 0.074036494 -0.08739841 -0.101629525 0.0 0.51511854 -0.289299 0.598679 -0.12144819 -0.29652548 0.32420745 -0.38008592 0.15635662 0.4986586 -0.027310364 -0.08739841 -0.101629525 0.001607428 0.0 27.782557533061677
-0.088992395 -0.059921227 0.08536873 0.1029007 0.048947863 0.070639454 -0.08536873 -0.1029007 0.0 0.51264244 -0.29198316 0.5959445 -0.12400398 -0.29994446 0.32027397 -0.38324657 0.15229478 0.49577945 -0.030020133 -0.08536873 -0.1029007 -0.008883384 0.0 28.860742413342727
-0.087934285 -0.055512756 0.08579003 0.102272764 0.046034917 0.06716444 -0.08579003 -0.102272764 0.0 0.5097641 -0.2954139 0.5930502 -0.12742676 -0.30288124 0.31676567 -0.38616732 0.14877853 0.4928761 -0.033452485 -0.08579003 -0.102272764 0.0066368417 0.0 29.999792215459017
-0.08692492 -0.051105037 0.08341594 0.10377674 0.043133494 0.06369037 -0.08341594 -0.10377674 0.0 0.5070859 -0.29860225 0.5902685 -0.13056386 -0.30593634 0.31307662 -0.38911894 0.1450382 0.49003658 -0.0366513 -0.08341594 -0.10377674 -0.006737897 0.0 31.200178070007098
-0.085934296 -0.046700243 0.08402159 0.10301484 0.040345553 0.06014606 -0.08402159 -0.10301484 0.0 0.5039726 -0.30256286 0.587306 -0.13459918 -0.3085003 0.3098455 -0.39183366 0.14188184 0.4871584 -0.040596694 -0.08402159 -0.10301484 0.011106261 0.0 32.468573190287806
-0.08500342 -0.042295117 0.08121385 0.1047903 0.037556563 0.056611832 -0.08121385 -0.1047903 0.0 0.5011661 -0.30611944 0.5845076 -0.1381598 -0.31127724 0.30632812 -0.39461872 0.13836846 0.48436454 -0.04415248 -0.08121385 -0.1047903 -0.0057680253 0.0 33.80475358991632
-0.08409933 -0.03789292 0.08189376 0.10393804 0.03488026 0.053010967 -0.08189376 -0.10393804 0.0 0.4978717 -0.31050897 0.581499 -0.14269142 -0.31352797 0.3033207 -0.39715523 0.13550314 0.48151606 -0.048513774 -0.08189376 -0.10393804 0.0152217895 0.0 35.216139634609796
-0.08326175 -0.033491205 0.0788046 0.10581992 0.032187134 0.04943203 -0.0788046 -0.10581992 0.0 0.4950333 -0.31427285 0.5787276 -0.14648871 -0.31612107 0.29988092 -0.39981535 0.1320968 0.47878236 -0.05227113 -0.0788046 -0.10581992 -0.006450871 0.0 36.70263548521167
-0.08245014 -0.029093282 0.0797871 0.10475515 0.029609561 0.045786735 -0.0797871 -0.10475515 0.0 0.49156702 -0.3190463 0.5756704 -0.15146685 -0.31808656 0.29708466 -0.40218997 0.12950523 0.4759553 -0.057005703 -0.0797871 -0.10475515 0.020019354 0.0 38.273094755896096
-0.08171344 -0.024695693 0.0761957 0.10693001 0.027000695 0.042172655 -0.0761957 -0.10693001 0.0 0.48876685 -0.32290244 0.5729581 -0.15536712 -0.32056367 0.2936528 -0.4047549 0.12611747 0.4732925 -0.060853723 -0.0761957 -0.10693001 -0.008940784 0.0 39.92706015702042
-0.08099715 -0.02030362 0.07780947 0.10542698 0.024510216 0.03849267 -0.07780947 -0.10542698 0.0 0.48512125 -0.32803875 0.5698411 -0.16077013 -0.3222583 0.2910691 -0.40697816 0.12380045 0.47047448 -0.06594248 -0.07780947 -0.10542698 0.025888316 0.0 41.67495183956064
-0.08036846 -0.015911028 0.07330651 0.10817622 0.02198121 0.034847643 -0.07330651 -0.10817622 0.0 0.48241767 -0.33190304 0.5672172 -0.16467476 -0.324667 0.28758913 -0.40946648 0.120360844 0.4678957 -0.06979982 -0.07330651 -0.10817622 -0.0131686395 0.0 43.51550327164606
-0.07975304 -0.011525436 0.07589458 0.106039464 0.019571543 0.031137776 -0.07589458 -0.106039464 0.0 0.47856158 -0.3374215 0.5640183 -0.17052816 -0.32607967 0.2852411 -0.4115364 0.11834772 0.46507087 -0.075263195 -0.07589458 -0.106039464 0.033253424 0.0 45.46115071663606
-0.08007349 -0.0078124856 0.020573966 0.100628436 0.018686121 0.027337514 -0.020573966 -0.100628436 0.0 0.47060683 -0.3498567 0.559212 -0.18461333 -0.3220859 0.2879477 -0.41069108 0.122704364 0.46208835 -0.08748973 -0.020573966 -0.100628436 0.09146992 0.0 47.526546884598645
-0.08112579 -0.004557491 0.017608698 0.09716667 0.018464983 0.023672776 -0.017608698 -0.09716667 1.0 0.464156 -0.36086243 0.555452 -0.19709036 -0.317999 0.28982168 -0.40929502 0.12604961 0.45992982 -0.098391235 -0.017608698 -0.09716667 0.03725649 0.0 48.89528353009479
-0.08001261 -0.0038058467 0.03982879 -0.027579019 0.028641107 0.024932997 0.32139412 -0.19117677 0.0 0.4437126 -0.3842183 0.54328066 -0.22533956 -0.30407268 0.30569 -0.40364072 0.14681123 0.45294145 -0.12187537 -0.03982879 0.027579019 0.28000116 0.99444443 50.11366573893436
-0.07846621 -0.004135446 0.030990545 -0.035782672 0.04026543 0.016759016 0.30658025 -0.19410774 0.0 0.42152026 -0.40617064 0.52941793 -0.25282678 -0.2884161 0.32262745 -0.39631373 0.16928357 0.44472384 -0.14469296 -0.030990545 0.035782672 0.1313665 0.9611111 48.3408917224119
-0.076855324 -0.004574636 0.029716922 -0.04007133 0.05069245 0.00805226 0.28545457 -0.19801249 0.0 0.40008333 -0.42502666 0.5153749 -0.2771615 -0.27323917 0.33772698 -0.38853076 0.18986183 0.43608847 -0.16500238 -0.029716922 0.04007133 0.2040542 0.92777777 46.606652717729716
-0.075223364 -0.0050436165 0.028124392 -0.04220956 0.060015757 -0.00068134675 0.26754463 -0.19967404 0.0 0.38238618 -0.43878418 0.50331515 -0.29549274 -0.26090583 0.34946176 -0.3818348 0.20617032 0.42842975 -0.18034853 -0.028124392 0.04220956 0.093844816 0.89444447 44.918354014319675
-0.07354245 -0.005626639 0.024977246 -0.046904925 0.068486154 -0.009444434 0.2526712 -0.1968213 0.0 0.36605456 -0.4502452 0.49188927 -0.31124204 -0.24946086 0.35987642 -0.37529558 0.22087327 0.42104986 -0.19356541 -0.024977246 0.046904925 0.14282261 0.8611111 43.2727740333127
-0.071858056 -0.0063060727 0.021861065 -0.04963749 0.07631051 -0.017868776 0.2401223 -0.19332217 0.0 0.3528736 -0.45841935 0.48245767 -0.32290474 -0.24028707 0.36821035 -0.36987114 0.23269571 0.41485855 -0.20333731 -0.021861065 0.04963749 0.06582429 0.8277778 41.67319661610088
-0.07017739 -0.007094253 0.018075708 -0.052409153 0.083575964 -0.026180329 0.22933453 -0.18883178 0.0 0.34066233 -0.46536076 0.47359776 -0.3331321 -0.2316219 0.37585682 -0.36455733 0.24362811 0.4090126 -0.21191011 -0.018075708 0.052409153 0.10315103 0.79444444 40.12003800918424
-0.06854926 -0.007979325 0.013781107 -0.053619407 0.090512164 -0.034017667 0.22101055 -0.18420422 0.0 0.33125407 -0.46997404 0.46668282 -0.34030023 -0.22491087 0.3819865 -0.36033964 0.2523127 0.40441728 -0.21787064 -0.013781107 0.053619407 0.0427663 0.76111114 38.61051070659698
-0.066928215 -0.008965119 0.010620112 -0.055669606 0.09704175 -0.041698426 0.21226384 -0.17839764 0.0 0.32234025 -0.47401777 0.4600879 -0.34680992 -0.21835391 0.3878442 -0.35610157 0.26063636 0.40004265 -0.22327623 -0.010620112 0.055669606 0.07690796 0.7277778 37.14713672767576
-0.06535728 -0.010053609 0.00623572 -0.056769196 0.103416495 -0.048848342 0.20626758 -0.17247231 0.0 0.31571692 -0.4763998 0.45515728 -0.35104972 -0.21337646 0.3926321 -0.3528168 0.26728204 0.39677325 -0.22672229 -0.00623572 0.056769196 0.02666212 0.6944444 35.72663349695404
-0.06379869 -0.01124661 0.003210978 -0.058552552 0.109482445 -0.05583346 0.19936705 -0.165842 0.0 0.30928254 -0.47856042 0.45036265 -0.3550588 -0.20831278 0.39736843 -0.3493929 0.27386677 0.39362207 -0.22997275 -0.003210978 0.058552552 0.058650658 0.6611111 34.35101546578124
-0.06229155 -0.012544113 -0.0011568193 -0.059424873 0.115492485 -0.06229838 0.19497117 -0.15947421 0.0 0.30465096 -0.47953516 0.44691676 -0.35740125 -0.2044642 0.40134963 -0.34672996 0.2792157 0.3913864 -0.23177327 0.0011568193 0.059424873 0.01656003 0.62777776 33.016260479599026
-0.060803067 -0.013947096 -0.0040968554 -0.060982134 0.12125697 -0.06860276 0.18945614 -0.15254766 0.0 0.30005193 -0.48045543 0.4435078 -0.35972154 -0.20040625 0.4053763 -0.34386212 0.28464243 0.3892112 -0.23355542 0.0040968554 0.060982134 0.045380652 0.59444445 31.724456549470375
-0.05937406 -0.015464534 -0.008944302 -0.061661657 0.12700416 -0.07446462 0.18666095 -0.14618327 0.0 0.2967073 -0.48061705 0.4410619 -0.3609592 -0.19711319 0.40893206 -0.3414678 0.28927422 0.38771024 -0.23439062 0.008944302 0.061661657 0.01256413 0.5611111 30.47257554130125
-0.057982195 -0.017095322 -0.012213542 -0.062900625 0.13260482 -0.08010892 0.1826285 -0.13935046 0.0 0.29360324 -0.4806425 0.43882018 -0.36203265 -0.1937655 0.4124577 -0.33898246 0.29384786 0.38638607 -0.23508121 0.012213542 0.062900625 0.032951917 0.5277778 29.261512942498882
-0.056657743 -0.018845415 -0.017198952 -0.06332196 0.13819966 -0.08539231 0.18087241 -0.13323468 0.0 0.29133558 -0.48021048 0.43723923 -0.36244643 -0.19083573 0.4157064 -0.3367394 0.29794234 0.3855436 -0.23519248 0.017198952 0.06332196 0.011058237 0.49444443 28.089549270320845
-0.055386905 -0.02071151 -0.020785045 -0.06420905 0.14370115 -0.090461195 0.17801353 -0.12676734 0.0 0.2893144 -0.47967324 0.43587366 -0.3627261 -0.18784449 0.41892326 -0.33440375 0.30197608 0.38488972 -0.23518531 0.020785045 0.06420905 0.02431492 0.4611111 26.958327854240565
-0.05419204 -0.022697922 -0.025806954 -0.0643344 0.14920434 -0.09523107 0.1770004 -0.12107374 0.0 0.28788316 -0.47885332 0.43498832 -0.3625936 -0.1850636 0.4219672 -0.33216876 0.30570745 0.38460204 -0.23481552 0.025806954 0.0643344 0.010265592 0.42777777 25.86578641130907
-0.05306824 -0.024803996 -0.029867763 -0.06483269 0.15465453 -0.099802434 0.17528163 -0.115137294 0.0 0.28668842 -0.4779621 0.4343158 -0.36236626 -0.18219543 0.42497987 -0.3298228 0.309384 0.3845057 -0.23436251 0.029867763 0.06483269 0.01861454 0.39444444 24.813296555550078
-0.052031804 -0.027031478 -0.034936078 -0.06465461 0.16011643 -0.104124606 0.1748867 -0.10994866 0.0 0.28593722 -0.4768966 0.43401632 -0.36187997 -0.17940578 0.42787525 -0.3274849 0.3128586 0.38470802 -0.23368208 0.034936078 0.06465461 0.009705012 0.3611111 23.801602677684997
-0.051082656 -0.02937992 -0.03938447 -0.064740844 0.16556928 -0.10824862 0.17411596 -0.10461641 0.0 0.28547174 -0.4757536 0.43397048 -0.36127925 -0.17655937 0.430714 -0.3250581 0.31623966 0.38513133 -0.23290189 0.03938447 0.064740844 0.014152221 0.32777777 22.831269440866855
-0.050227623 -0.031847484 -0.044293236 -0.06439511 0.17103088 -0.11217557 0.17404559 -0.09983077 0.0 0.28531432 -0.47452933 0.4341961 -0.36055362 -0.17367443 0.43348253 -0.3225562 0.31950682 0.38578776 -0.2320132 0.044293236 0.06439511 0.009516403 0.29444444 21.901481577206383
-0.049467508 -0.034434505 -0.048940104 -0.064198814 0.1764811 -0.11595423 0.17389947 -0.09504372 0.0 0.285338 -0.47330233 0.43459705 -0.3598211 -0.17063619 0.4362271 -0.31989524 0.32274586 0.38661534 -0.23112081 0.048940104 0.064198814 0.012477138 0.2611111 21.012254285083188
-0.048809882 -0.0371421 -0.05399659 -0.06364562 0.18194298 -0.11957883 0.17435616 -0.090746745 0.0 0.28559095 -0.47205356 0.43521124 -0.35904902 -0.16747949 0.43892583 -0.31709978 0.32592133 0.38764033 -0.23019634 0.05399659 0.06364562 0.009875955 0.22777778 20.163085299370103
-0.048262317 -0.039973486 -0.05913172 -0.063054726 0.1874173 -0.12307824 0.17506005 -0.086630926 0.0 0.28602722 -0.47082046 0.43600547 -0.35829145 -0.16414921 0.4415925 -0.31412745 0.3290635 0.38884383 -0.2292884 0.05913172 0.063054726 0.011615258 0.19444445 19.353981102477125
-0.047836546 -0.042933036 -0.064723335 -0.062118914 0.19291799 -0.12646857 0.17638008 -0.08300155 0.0 0.28664812 -0.46961695 0.4369832 -0.3575651 -0.16062665 0.4442219 -0.31096172 0.33217007 0.39023173 -0.22841285 0.064723335 0.062118914 0.010602215 0.16111112 18.584646866019998
-0.04754178 -0.046031054 -0.07065198 -0.061217107 0.19843093 -0.12980783 0.17815505 -0.07950307 0.0 0.2873471 -0.46851972 0.43806645 -0.35698533 -0.15678374 0.44685125 -0.3075031 0.33531684 0.39175922 -0.2276731 0.07065198 0.061217107 0.012924368 0.12777779 17.8559155553181
-0.047383938 -0.04927771 -0.07701485 -0.06031414 0.20396161 -0.13311863 0.1804709 -0.0761704 0.0 0.2881052 -0.4675493 0.4392433 -0.35658297 -0.15257709 0.44948688 -0.30371517 0.33852056 0.3934231 -0.22709739 0.07701485 0.06031414 0.013433758 0.094444446 17.16826857325229
-0.04651019 -0.052721247 -0.056579825 -0.092286244 0.2117444 -0.13144885 0.15874542 -0.038084842 0.0 0.29780373 -0.46007574 0.44713712 -0.34669238 -0.15757412 0.44975242 -0.30690753 0.33636904 0.3992398 -0.21796067 0.056579825 0.092286244 -0.10703871 0.06111111 16.510724473235825
-0.04505852 -0.056303363 -0.05755641 -0.10205497 0.21907647 -0.12902327 0.1582973 -0.022490611 0.0 0.30679134 -0.45207313 0.45435733 -0.3363989 -0.16257192 0.45061973 -0.3101379 0.3349455 0.40447927 -0.2084216 0.05755641 0.10205497 -0.023239259 0.027777778 15.896421218822763
-0.043523617 -0.06019269 -0.06742226 -0.115272604 0.22576462 -0.1272412 0.16604835 -0.004200615 0.0 0.3133645 -0.44536132 0.459769 -0.32822055 -0.16498184 0.4526036 -0.31138638 0.33546284 0.40861654 -0.20074727 0.06742226 0.115272604 -0.04578715 0.0 15.318776202864615
-0.041871406 -0.06437199 -0.06423041 -0.11569046 0.23206155 -0.1257043 0.1603811 0.00078208244 0.0 0.31852633 -0.43935028 0.4641481 -0.3212378 -0.16578503 0.45541155 -0.3114068 0.3372991 0.41214848 -0.19410777 0.06423041 0.11569046 -0.010890485 0.0 14.76436750262258
-0.04020906 -0.06852939 -0.06388109 -0.11532121 0.23794653 -0.124486215 0.15736781 0.004607966 0.0 0.32265535 -0.43399936 0.46774656 -0.31523576 -0.16565925 0.45858404 -0.31075045 0.33982044 0.41517797 -0.18833993 0.06388109 0.11532121 -0.020887353 0.0 14.230011795193514
-0.038515817 -0.07266365 -0.061559044 -0.11625244 0.24350294 -0.123442486 0.15229516 0.009452042 0.0 0.32607815 -0.42908853 0.47081035 -0.3098877 -0.16492735 0.46201745 -0.30965957 0.34281662 0.41785914 -0.18315105 0.061559044 0.11625244 -0.0055100494 0.0 13.716495830651073
-0.036802426 -0.07677826 -0.06124437 -0.11606627 0.24879397 -0.1225135 0.14919768 0.012947099 0.0 0.32898846 -0.42451322 0.47348934 -0.3050321 -0.1637434 0.46563932 -0.3082443 0.34615818 0.42029256 -0.17839833 0.06124437 0.11606627 -0.009171845 0.0 13.22182460995967
-0.03507373 -0.08087867 -0.060138326 -0.1164059 0.25386813 -0.12164689 0.14531519 0.016774753 0.0 0.33153147 -0.42018622 0.47589454 -0.3005386 -0.16222607 0.4693978 -0.30658916 0.3497502 0.42255184 -0.17396623 0.060138326 0.1164059 -0.0020283198 0.0 12.745996375239073
-0.03333497 -0.08496685 -0.059936658 -0.1162662 0.2587525 -0.12082433 0.14236262 0.019952388 0.0 0.3337821 -0.41606832 0.47808406 -0.296347 -0.16042967 0.47326344 -0.30473164 0.35354212 0.42467672 -0.16980189 0.059936658 0.1162662 -0.0028771737 0.0 12.288031085972895
-0.03158903 -0.08904565 -0.05943998 -0.11632893 0.26347515 -0.12001658 0.13915922 0.02318383 0.0 0.33581936 -0.41210967 0.48011753 -0.29238382 -0.15842041 0.47720653 -0.3027186 0.35748065 0.42670622 -0.16584039 0.05943998 0.11632893 0.00057206635 0.0 11.847635105819188
-0.029837389 -0.0931153 -0.059285674 -0.11620372 0.2680506 -0.11921422 0.13635087 0.0260921 0.0 0.33768162 -0.40828812 0.48202413 -0.2886157 -0.15622872 0.4812111 -0.30057123 0.36153868 0.4286597 -0.16205251 0.059285674 0.11620372 0.00072233303 0.0 11.424114560172875
-0.028080782 -0.09717738 -0.059038136 -0.11616518 0.2725031 -0.118382856 0.13351627 0.028970027 0.0 0.3394387 -0.40455213 0.48385483 -0.28496855 -0.15392423 0.4852508 -0.29834035 0.36566722 0.43056828 -0.15837255 0.059038136 0.11616518 0.0021076493 0.0 11.017023291830078
-0.026321786 -0.10123391 -0.059044722 -0.116025046 0.2768506 -0.11750328 0.13100992 0.031641234 0.0 0.3411346 -0.40087134 0.4856422 -0.2813983 -0.15154727 0.4893089 -0.29605487 0.36983588 0.43245253 -0.15476154 0.059044722 0.116025046 0.0021079236 0.0 10.625682298535907
-0.024561817 -0.10528572 -0.058989033 -0.11592295 0.2811046 -0.11656502 0.12851839 0.03425344 0.0 0.34279507 -0.39722753 0.48740518 -0.27787858 -0.1491225 0.49337527 -0.2937326 0.37402633 0.43432423 -0.15119621 0.058989033 0.11592295 0.0026810186 0.0 10.249472175028423
-0.022801023 -0.109332785 -0.058994275 -0.11578764 0.2852716 -0.11556407 0.12616503 0.036740907 0.0 0.34443256 -0.3936114 0.48915273 -0.27439594 -0.14666305 0.4974449 -0.2913832 0.37822944 0.4361887 -0.14766465 0.058994275 0.11578764 0.0027044446 0.0 9.887883815680791
-0.021036664 -0.1133737 -0.058839206 -0.11572706 0.28934774 -0.11451295 0.123723626 0.039212525 0.0 0.3460312 -0.39003423 0.49087313 -0.27096677 -0.14415334 0.5015236 -0.2889953 0.38245612 0.43803868 -0.14418142 0.058839206 0.11572706 0.003300129 0.0 9.54050540087309
-0.019269083 -0.11740936 -0.058841635 -0.11560992 0.29333955 -0.113408394 0.121511735 0.041541822 0.0 0.3476019 -0.3864881 0.49257454 -0.26757982 -0.14160296 0.50560766 -0.28657562 0.38669935 0.4398794 -0.1407365 0.058841635 0.11560992 0.0033789175 0.0 9.206813389987918
-0.017499927 -0.12144054 -0.05883698 -0.11549703 0.29725513 -0.11224512 0.11936499 0.04379462 0.0 0.34915945 -0.38296294 0.49426788 -0.2642204 -0.13902578 0.5096912 -0.2841342 0.39094865 0.44171768 -0.13731694 0.05883698 0.11549703 0.0036056743 0.0 8.886085978068792
-0.015730085 -0.12546764 -0.058884025 -0.115358904 0.30110204 -0.111015834 0.117342375 0.04594628 0.0 0.35071865 -0.37944692 0.49596366 -0.2608715 -0.13643862 0.5137687 -0.28168365 0.39519322 0.44355962 -0.13390763 0.058884025 0.115358904 0.0035226215 0.0 8.577622403941433
-0.013960135 -0.12949112 -0.058928523 -0.115227945 0.3048871 -0.10971317 0.11538944 0.048033502 0.0 0.3522926 -0.37592867 0.4976712 -0.257517 -0.13385767 0.5178354 -0.27923623 0.39942372 0.44541025 -0.13049418 0.058928523 0.115227945 0.0034468747 0.0 8.280938640124772
-0.012190964 -0.13351145 -0.05901393 -0.11507883 0.30861554 -0.10833368 0.11354829 0.050034184 0.0 0.3538891 -0.37240174 0.49939594 -0.2541477 -0.13129222 0.5218887 -0.27679905 0.40363464 0.4472727 -0.1270683 0.05901393 0.11507883 0.0032527016 0.0 7.995317379262535
-0.010422894 -0.1375287 -0.059076242 -0.114938766 0.31229067 -0.10687651 0.11175294 0.051978014 0.0 0.35551128 -0.3688629 0.50114 -0.25075904 -0.12874739 0.5259275 -0.2743761 0.4078236 0.44914785 -0.12362593 0.059076242 0.114938766 0.0030821299 0.0 7.720135734766333
-0.008655594 -0.14154267 -0.0591241 -0.11480419 0.31591517 -0.10534008 0.110010065 0.053863842 0.0 0.3571617 -0.3653083 0.50290483 -0.24734567 -0.12622933 0.52995104 -0.27197248 0.4119884 0.45103598 -0.12016222 0.0591241 0.11480419 0.002837784 0.0 7.454868286274671
-0.00688898 -0.14555338 -0.059164915 -0.1146753 0.31949264 -0.103720024 0.10832563 0.055694543 0.0 0.3588462 -0.36173117 0.50469416 -0.24389818 -0.12374841 0.5339578 -0.2695964 0.4161248 0.45293847 -0.11666865 0.059164915 0.1146753 0.0025348489 0.0 7.199055955352787
-0.005122968 -0.14956088 -0.05919239 -0.1145558 0.32302603 -0.10201335 0.10669155 0.057476103 0.0 0.36056843 -0.35812634 0.50651026 -0.24040957 -0.12131248 0.53794676 -0.2672543 0.42023003 0.4548559 -0.113138855 0.05919239 0.1145558 0.0021938328 0.0 6.9522538872996105
-0.003357161 -0.15356505 -0.059194945 -0.114450395 0.32651553 -0.10022377 0.10509327 0.059214402 0.0 0.3623239 -0.35449633 0.5083496 -0.23688363 -0.1189182 0.54192 -0.2649439 0.42430732 0.45678595 -0.10957613 0.059194945 0.114450395 0.0019308061 0.0 6.714127786896826
-0.0015910718 -0.15756561 -0.059174657 -0.11435554 0.32996124 -0.09835486 0.103530094 0.060907096 0.0 0.36410832 -0.3508435 0.5102089 -0.23332384 -0.116562635 0.54587924 -0.26266322 0.42835957 0.45872638 -0.10598352 0.059174657 0.11435554 0.0016650754 0.0 6.48426154990481
0.00017566778 -0.16156235 -0.059134755 -0.11426919 0.3333647 -0.09640564 0.102003336 0.06255397 0.0 0.36592248 -0.3471651 0.5120883 -0.22972663 -0.11425031 0.5498245 -0.26041615 0.43238598 0.46067652 -0.10235772 0.059134755 0.11426919 0.0013661626 0.0 6.262322582827838
0.0019439134 -0.16555485 -0.059049852 -0.11420464 0.33672604 -0.094377674 0.10048534 0.06416974 0.0 0.36776367 -0.34346133 0.51398546 -0.22609253 -0.111981556 0.553757 -0.25820336 0.4363882 0.46263438 -0.09869914 0.059049852 0.11420464 0.0011053823 0.0 6.048002360572433
0.00371461 -0.16954267 -0.058932755 -0.11415616 0.34004617 -0.09226879 0.09898724 0.06575049 0.0 0.36963278 -0.3397283 0.5159003 -0.22241648 -0.10976273 0.557677 -0.25603026 0.44036514 0.4645989 -0.09500309 0.058932755 0.11415616 0.0007711963 0.0 5.840815599514165
0.003321441 -0.17399363 -0.1339549 -0.039846905 0.34420717 -0.094585225 0.17225465 -0.0073264893 0.0 0.37019157 -0.34071517 0.51754606 -0.22477165 -0.100819364 0.561119 -0.24817386 0.44517553 0.46743438 -0.09688566 0.1339549 0.039846905 0.056266807 0.0 5.648814943627935
0.0011444684 -0.17788187 -0.1316189 -0.0074267616 0.34830394 -0.100969285 0.16793154 -0.038777445 0.0 0.369155 -0.34591848 0.5183294 -0.23232599 -0.087497264 0.5632707 -0.23667164 0.4496782 0.47025174 -0.103661515 0.1316189 0.0074267616 0.05814534 0.0 5.462400842032011
-0.0015730214 -0.18140428 -0.1308981 0.007877279 0.35249138 -0.1073828 0.16539696 -0.053043 0.0 0.36879373 -0.35106972 0.5195216 -0.2395468 -0.075267255 0.56433517 -0.22599512 0.45281225 0.47322422 -0.110231064 0.1308981 -0.007877279 0.04446495 0.0 5.28002768340248
