121
-0.45448473 -0.004991184 -0.017221812 0.08011646 0.44503114 0.1258475 0.0050629387 -0.20734186 0.0 0.8943479 0.34505224 0.8109493 0.51298356 -0.08468435 0.068191074 -0.0012857582 -0.09974024 0.41165045 0.17201717 0.15364881 -0.116786785 0.42374042 0.20166065 -0.022411339 -0.15977009 0.82101923 0.40667704 0.025682598 -0.033787187 0.45189002 0.21878567 -0.03619291 -0.016062073 0.48810157 0.20691986 -0.057808626 -0.2002469 0.0075541437 0.0 -0.13411633448669588
-0.4534806 -0.0051776306 0.060700577 -0.045309793 0.4469615 0.10859122 -0.07599575 -0.07734387 0.0 0.9029174 0.31892094 0.82438594 0.4891827 -0.08367681 0.07034858 -0.005145409 -0.09991319 0.41956243 0.15871409 0.069168486 0.027009662 0.4300604 0.18817995 -0.029116036 -0.0047827763 0.83090425 0.38153604 -0.092378564 -0.0430574 0.4549318 0.20694914 -0.067309864 0.12291147 0.48959622 0.18899825 -0.1660041 -0.05078059 0.2040712 0.0 -0.1362587520651985
-0.45070186 -0.0081576 0.12806161 -0.051753562 0.45042446 0.06598909 -0.15343405 -0.0650631 0.0 0.9242656 0.23852298 0.8613223 0.4151423 -0.08064749 0.07944461 -0.017704172 -0.09717472 0.42985323 0.12157224 -0.13889585 0.05275928 0.4439953 0.14886585 -0.04767674 -0.011618494 0.8564825 0.3073391 -0.18427983 0.112736806 0.4702137 0.16858526 -0.040786915 0.06897229 0.49670824 0.14389199 -0.25896308 -0.005773874 0.4637802 0.0 -0.13899746641520816
-0.45003217 -0.009354016 -0.032633264 -0.0070085907 0.45295128 -0.004651102 -0.008508467 -0.101033844 0.0 0.9486417 0.09880622 0.9127919 0.28284708 -0.06875937 0.09164808 -0.032909557 -0.09239279 0.44289434 0.054230787 0.0733599 -0.13143323 0.4607333 0.078879945 0.0043351417 -0.0954237 0.8900535 0.17727223 -0.027134402 -0.027525252 0.48997563 0.09556641 0.020610198 -0.0798929 0.50738794 0.06898667 -0.09668086 0.023260422 0.64981526 0.0 -0.140990684855678
-0.4514071 -0.009081447 -0.04562811 0.013268453 0.44495678 -0.08542102 -0.011419094 -0.1094303 0.0 0.95296144 -0.064874366 0.94906414 0.122585125 -0.05071984 0.10179918 -0.046822477 -0.08566031 0.44712907 -0.027282905 0.045870528 -0.15498638 0.46832958 -0.0032770284 0.04483371 -0.0620975 0.9091896 0.021136874 0.12037852 -0.062064886 0.4977781 0.00956825 -0.04170427 -0.042586062 0.5129842 -0.019970747 0.10868386 -0.05228282 0.61971736 0.0 -0.14180486737254144
-0.45056954 -0.0077994457 0.08215185 0.04281553 0.42090282 -0.1628769 -0.15216112 -0.12522763 0.0 0.9275076 -0.2251659 0.9551531 -0.03971518 -0.033917457 0.107727736 -0.061563004 -0.077723 0.43496397 -0.1079345 -0.078947656 -0.18443482 0.45774996 -0.08559045 -0.17925045 -0.122435346 0.9000354 -0.13704939 -0.070935845 -0.1833358 0.48950028 -0.077644736 -0.113656506 -0.13383788 0.500622 -0.10948858 -0.15782396 -0.1333589 0.6300367 0.0 -0.1417694139591336
-0.44982478 -0.008216632 -0.033393472 -0.05272769 0.3882046 -0.22629903 -0.045579143 -0.015830493 0.0 0.8822522 -0.3620969 0.93759954 -0.18295194 -0.017840277 0.112234 -0.07318764 -0.066910975 0.41220012 -0.17652369 0.003558725 -0.085801825 0.4376715 -0.15577744 0.03464298 -0.040163208 0.8670904 -0.27540946 -0.021032318 -0.07768441 0.4697983 -0.15290634 -0.022099039 -0.029711604 0.47405487 -0.18520604 -0.08636693 0.011513252 0.48712644 0.0 -0.14255183554346376
-0.44940028 -0.007522397 0.05810751 0.06216338 0.37262177 -0.24872556 -0.1378179 -0.124420084 0.0 0.8616613 -0.40784296 0.92621934 -0.23180744 -0.012636793 0.11250218 -0.07719485 -0.06353335 0.40037057 -0.20272891 -0.10566355 -0.1956228 0.42699844 -0.1828329 -0.11861886 -0.18540733 0.849642 -0.3213125 -0.088363476 -0.022757847 0.4583862 -0.18018517 -0.12647489 -0.13916434 0.45881703 -0.21200883 -0.18215479 -0.13063164 -0.10812049 0.0 -0.14252037793661704
-0.44776496 -0.007621336 0.037569556 -0.07616224 0.37982455 -0.23257004 -0.111754864 0.012407518 0.0 0.8782877 -0.3664523 0.93452984 -0.18758623 -0.019422602 0.11237175 -0.07566472 -0.06649433 0.4080059 -0.18770632 -0.008714125 -0.057742752 0.4331846 -0.16665953 -0.024943225 -0.06189674 0.8633232 -0.28103694 0.04072405 0.025791965 0.46378905 -0.16000377 -0.047826007 0.023572695 0.46282998 -0.19114082 -0.15312079 0.047015376 -0.24501342 0.0 -0.14121519641811642
-0.44817054 -0.00803014 -0.056316983 0.036171738 0.3981046 -0.19815297 -0.009372108 -0.10424763 0.0 0.9090946 -0.2827053 0.9484254 -0.099376805 -0.0293265 0.11038771 -0.068657346 -0.072940774 0.42399722 -0.15321492 0.023080412 -0.17323557 0.44686386 -0.13009311 0.018588243 -0.17622128 0.88639146 -0.19932836 0.004672578 -0.019081246 0.47556734 -0.118134424 -0.009832832 -0.12103104 0.47588196 -0.1498784 -0.023485761 -0.14210227 -0.44446725 0.0 -0.14133029287043575
-0.44798 -0.0086041605 0.051033307 -0.049998768 0.41902906 -0.14510508 -0.10519921 -0.023735283 0.0 0.93856496 -0.15815094 0.9530549 0.028788323 -0.043954536 0.106068164 -0.058444504 -0.080871105 0.43977088 -0.09937135 -0.07698214 -0.08934034 0.45714802 -0.071607195 -0.17669249 -0.0027460281 0.90551406 -0.079602875 0.017019756 -0.010164679 0.48667046 -0.056683965 -0.035948552 -0.06565016 0.48989537 -0.08890357 -0.08564723 -0.087801024 -0.5509759 0.0 -0.14110841824856735
-0.44490218 -0.011270843 0.10750149 -0.08695659 0.4284355 -0.09529697 -0.15121162 0.010023007 0.0 0.9474244 -0.045054883 0.94001096 0.1422985 -0.05920709 0.10276025 -0.051793665 -0.08459313 0.44626683 -0.049442805 -0.052739836 -0.043583423 0.45639545 -0.018906787 -0.16608883 -0.04093044 0.9074207 0.030100528 -0.061094403 0.1746339 0.48544818 -0.0005210337 -0.18373942 -0.009763907 0.49349132 -0.033426095 -0.1088708 -0.0551127 -0.31265545 0.0 -0.141440414433837
-0.44361243 -0.011739454 -0.0066716424 0.03510392 0.43191692 -0.06444721 -0.029768508 -0.11253238 0.0 0.94675314 0.028081905 0.9249875 0.2143143 -0.06825196 0.09823061 -0.046486266 -0.08800179 0.44983715 -0.018870093 0.08201113 -0.15440874 0.45273095 0.012381899 -0.07731595 -0.14884795 0.90075976 0.102319695 -0.03902208 0.019178083 0.47945666 0.034030017 -0.10829147 -0.119341835 0.49217352 0.0032097744 -0.054467585 -0.028089553 -0.25109524 0.0 -0.14184026007833406
-0.446244 -0.011324703 -0.12844045 -0.026102012 0.43611354 -0.046153355 0.09684229 -0.05039013 0.0 0.9469692 0.073627196 0.9162675 0.25859654 -0.07023563 0.09485441 -0.039533984 -0.09011494 0.4526694 -0.0013190518 0.068569824 -0.09797445 0.45285058 0.03001894 0.10669908 -0.103779025 0.89729923 0.14487761 0.15521093 -0.046066772 0.47621834 0.053994335 0.019901503 -0.065580785 0.49024856 0.026176428 -0.00728412 -0.010400889 -0.10490356 0.0 -0.14236238310085014
-0.4475616 -0.010780085 0.016638624 0.03485847 0.43811777 -0.030937076 -0.04412176 -0.11003316 0.0 0.9445291 0.11234659 0.9062268 0.29589272 -0.07268591 0.09161377 -0.03438361 -0.09193237 0.45406547 0.012573623 0.030588344 -0.16703811 0.4511524 0.043861203 -0.074110016 -0.16433327 0.89082444 0.17947549 -0.09551813 -0.08534176 0.4731539 0.070443 -0.032712415 -0.13736162 0.48777875 0.043073654 -0.060883876 -0.142795 -0.19953346 0.0 -0.14305598927764493
-0.44687435 -0.0091923755 0.004138897 0.06055055 0.43759292 -0.024491869 -0.028948868 -0.13387674 0.0 0.94122183 0.13350062 0.8984828 0.31606463 -0.07519199 0.08812283 -0.0324529 -0.09444118 0.453166 0.017266467 -0.03993805 -0.19656357 0.4486598 0.048412032 -0.019422635 -0.201221 0.88481134 0.19992603 -0.0035204731 0.008316126 0.46889883 0.0761746 -0.08596657 -0.1760294 0.4839083 0.049036685 -0.08849932 -0.17477039 0.024179904 0.0 -0.14400284096627622
-0.4474605 -0.009817375 -0.02686977 -0.08029668 0.43629232 -0.03854042 0.0008731031 0.010090289 0.0 0.9450797 0.10747312 0.90753734 0.2911762 -0.07221243 0.09095035 -0.034670077 -0.09275274 0.4525111 0.00051463215 -0.015291745 -0.06097264 0.45075113 0.031690557 0.05749109 -0.05139718 0.8882188 0.17832951 -0.08550598 0.16732422 0.46926343 0.059418853 -0.022251459 -0.047430452 0.48309034 0.031788263 -0.035324514 -0.050974343 0.18337305 0.0 -0.14656113962974499
-0.44844967 -0.011633626 -0.014583023 -0.040951986 0.43139833 -0.074452914 -0.016037447 -0.024658287 0.0 0.9514732 0.031602427 0.9291079 0.21776377 -0.0637526 0.098482236 -0.04138731 -0.0876791 0.4511134 -0.03936826 0.011389739 -0.1004518 0.45116937 -0.007783257 -0.068468206 -0.074299745 0.8987864 0.10783672 -0.010993202 0.028551813 0.47131896 0.018471513 -0.04074126 -0.08705173 0.48237446 -0.010116599 -0.05510177 -0.08251095 0.42809224 0.0 -0.1474587655096009
-0.4502653 -0.01051566 -0.078210935 0.083942965 0.42079696 -0.12588444 0.04161142 -0.14364047 0.0 0.9507661 -0.077304035 0.9495963 0.110192314 -0.050384246 0.10395334 -0.049214438 -0.08354301 0.4426984 -0.09456665 -0.04206318 -0.17150477 0.4467545 -0.06367456 0.011008094 -0.184623 0.9050113 0.001782791 -0.0015759679 -0.20459862 0.46912944 -0.03952109 -0.025774824 -0.17305917 0.47725904 -0.06821059 0.0018283433 -0.14208515 0.41403857 0.0 -0.1484460374401548
-0.45225745 -0.009004514 -0.043371927 0.018782318 0.40978357 -0.1629514 0.0034297756 -0.07347106 0.0 0.94329494 -0.15546912 0.95726687 0.03150958 -0.039952878 0.106026456 -0.05392479 -0.08095225 0.43162072 -0.13500027 -0.06411414 -0.12636025 0.4398169 -0.10483121 -0.009358657 -0.13376343 0.902609 -0.077376656 0.025314074 -0.15868251 0.46206295 -0.079831734 -0.0882956 -0.018618837 0.46947548 -0.111873746 -0.023009906 -0.142659 0.17833717 0.0 -0.14853002916688976
-0.45520917 -0.0106467325 -0.12428247 -0.072829925 0.39809132 -0.19381809 0.08178399 0.02299484 0.0 0.9320904 -0.22480713 0.9600886 -0.039409313 -0.028699718 0.109914616 -0.056697953 -0.075483195 0.4205954 -0.16981256 0.056357823 -0.05088752 0.43123195 -0.14043166 0.040743575 -0.043577604 0.8972957 -0.145119 0.13749313 0.09815847 0.4534016 -0.11170865 -0.0032871908 0.13393581 0.46003821 -0.14934386 0.035329532 -0.030614387 0.37821734 0.0 -0.14806136490372648
-0.4569762 -0.010739414 -0.00660769 0.054932047 0.38028952 -0.2289534 -0.038461883 -0.09944037 0.0 0.9112108 -0.30395585 0.9549492 -0.12162868 -0.017462416 0.11164295 -0.061200846 -0.07068423 0.40238026 -0.20722616 -0.1321498 -0.08071259 0.4155607 -0.17977852 -0.11648283 -0.10777139 0.8864046 -0.22044893 0.14580616 -0.016068842 0.4400132 -0.15090306 -0.108950704 -0.12560108 0.44389036 -0.18975644 -0.102573484 -0.05859402 0.25669703 0.0 -0.14725209515560558
-0.4554781 -0.008434404 0.10812454 0.050487004 0.3644683 -0.25123873 -0.15385364 -0.091250315 0.0 0.89241284 -0.35187554 0.9454043 -0.1720196 -0.013827375 0.11060134 -0.0668188 -0.0692546 0.38648966 -0.23227048 -0.1498286 -0.17651424 0.3989472 -0.20221348 -0.24836323 -0.020163335 0.873069 -0.2658213 -0.13703358 -9.650954e-05 0.4256106 -0.17758892 -0.22365202 -0.13297245 0.4272081 -0.21280432 -0.23737721 0.0034368283 0.119232625 0.0 -0.14669688351683374
-0.45526245 -0.0052980897 -0.021317912 0.11266982 0.35885927 -0.25974435 -0.023367092 -0.15157183 0.0 0.887098 -0.36524943 0.94219464 -0.18602717 -0.013657348 0.10782138 -0.06875395 -0.071400866 0.38048524 -0.24333096 -0.05670214 -0.21025823 0.39103624 -0.20982797 -0.11052944 -0.13066655 0.8659356 -0.27888504 -0.10108738 -0.14467315 0.41925886 -0.18913724 -0.055878576 -0.23282638 0.41899383 -0.2199242 -0.11443582 -0.10804458 -0.032546174 0.0 -0.14746091251823495
-0.45824936 -0.0044290004 -0.115815915 0.0059604933 0.35811198 -0.2652897 0.072332196 -0.043273944 0.0 0.8870534 -0.37330467 0.943429 -0.1944806 -0.010299311 0.10618925 -0.06667491 -0.0726348 0.378097 -0.25132853 0.017608583 -0.10791313 0.38847572 -0.21696335 0.023499476 -0.113342784 0.86526304 -0.28850162 0.14015503 -0.070137784 0.41938472 -0.19355918 0.108521335 0.019072944 0.41639388 -0.227497 0.023403887 -0.09553832 0.08352623 0.0 -0.14756859929743177
-0.459525 -0.00388487 0.030226598 0.041237045 0.3575873 -0.26762077 -0.0723019 -0.07729931 0.0 0.88788784 -0.37472543 0.94436777 -0.19593431 -0.009184861 0.105292134 -0.06566482 -0.07349899 0.37559 -0.25583902 -0.1319232 -0.13975374 0.3875945 -0.22232127 -0.059891477 -0.17671496 0.86555624 -0.2896159 -0.07752213 0.019783087 0.41879457 -0.19612764 -0.10226805 -0.13096017 0.41528365 -0.2328898 -0.067333564 -0.17842132 -0.080371134 0.0 -0.14730696993037395
-0.46055824 -0.004504168 -0.07950277 -0.046238046 0.36547107 -0.25740469 0.039902266 0.010126581 0.0 0.9001527 -0.34693247 0.95110846 -0.16648924 -0.011255344 0.105275124 -0.062211163 -0.075168096 0.38147336 -0.24698107 -0.0072045047 -0.046488896 0.39364064 -0.21438865 0.009007357 -0.07667751 0.8726895 -0.2624817 -0.012549214 0.0068290494 0.42620724 -0.18636647 0.15041476 -0.06545513 0.4213035 -0.22350082 0.001325353 -0.0571343 -0.15095687 0.0 -0.14724882275946236
-0.4606141 -0.0047364444 0.04994554 0.025664333 0.3784864 -0.23709975 -0.08618224 -0.06272376 0.0 0.918641 -0.29462102 0.95918405 -0.1115568 -0.017158454 0.10467291 -0.057701524 -0.07839131 0.3914236 -0.22681889 -0.17284045 -0.07104305 0.40185377 -0.19473301 -0.17256227 -0.11021023 0.8840007 -0.21547484 -0.097035185 -0.15791641 0.43757647 -0.16598251 -0.036798086 -0.16741574 0.43015197 -0.20137593 -0.16566946 -0.07958377 -0.27209598 0.0 -0.1470392044799388
-0.45924148 -0.0062764403 0.021275856 -0.108260594 0.38954324 -0.21398862 -0.054154485 0.07042189 0.0 0.93325603 -0.23838839 0.962971 -0.053257976 -0.02439125 0.105221726 -0.054106195 -0.07990869 0.40133873 -0.20228325 -0.042532936 0.031055136 0.4089907 -0.17202824 -0.060025655 0.10449019 0.8927537 -0.16499203 -0.060292207 0.0141064385 0.44654217 -0.14297068 0.016177818 -0.029608572 0.43701276 -0.17721239 -0.088265225 -0.0050192913 -0.16587499 0.0 -0.1465790640990095
-0.45995462 -0.010622063 -0.07183265 -0.12044153 0.3998824 -0.19138195 0.04189569 0.08230943 0.0 0.9451477 -0.18740055 0.9656114 -0.0010206009 -0.028415019 0.10811913 -0.04887872 -0.078260824 0.41084984 -0.17842214 0.015395855 0.11932293 0.41867015 -0.14866054 0.13137662 0.077911645 0.8999108 -0.1164116 0.039413862 0.17434248 0.4550314 -0.120393485 0.081820264 9.209056e-05 0.4472551 -0.15509455 0.14556749 0.00470786 -0.20491946 0.0 -0.14677639914944235
-0.46194127 -0.011518102 -0.060787015 0.039995883 0.41084957 -0.16979764 0.033888843 -0.07839877 0.0 0.9559952 -0.13478257 0.96626234 0.052436125 -0.032237336 0.107194185 -0.04250447 -0.0800245 0.42100942 -0.15557718 0.04890208 -0.07272287 0.4294014 -0.12668298 0.07308875 -0.09987712 0.9083411 -0.06560652 0.15625198 -0.039090846 0.46252695 -0.0993247 0.030999215 -0.17847009 0.45777693 -0.13415192 0.051044963 -0.17949626 -0.19375513 0.0 -0.14656214914640772
-0.4616527 -0.011767914 0.059515707 -0.039407462 0.41728082 -0.15131365 -0.08375255 0.0010836854 0.0 0.96099323 -0.089381285 0.9624364 0.098113164 -0.037534017 0.10580994 -0.038977165 -0.08168451 0.4266713 -0.13588266 -0.09901903 0.03477076 0.4350662 -0.10781689 -0.050543252 -0.0028906008 0.91083235 -0.021017907 -0.09296459 0.11157612 0.4651714 -0.08184685 -0.10272969 -0.09598524 0.46243462 -0.11665837 -0.09434064 -0.090897344 -0.15666462 0.0 -0.14687486666680402
-0.45896903 -0.012838471 0.09278158 -0.024555571 0.41722348 -0.14181207 -0.115353495 -0.013043382 0.0 0.96011174 -0.0659827 0.95719475 0.121494606 -0.04268423 0.105937235 -0.039767224 -0.08154007 0.4244366 -0.12769386 -0.18103926 -0.08769798 0.43300256 -0.0952919 -0.18336344 0.10715721 0.9097 0.0023311276 -0.00064134016 0.030489706 0.46236083 -0.07438246 -0.15688203 -0.10157737 0.45949242 -0.107967205 -0.21454242 -0.03664095 -0.012941342 0.0 -0.14700540421660588
-0.45813856 -0.015358476 -0.024922468 -0.10837997 0.4128918 -0.14834733 0.002410712 0.07243518 0.0 0.95787454 -0.081554465 0.95849353 0.105944514 -0.041500993 0.10924609 -0.04212004 -0.07825289 0.41861862 -0.13349763 -0.04492969 0.1606391 0.42869285 -0.09948202 -0.012271455 0.13266133 0.9092593 -0.013305048 -0.016255546 0.054748848 0.45714214 -0.084397964 -0.07072452 0.0027844713 0.45281297 -0.1148936 -0.06749856 0.09306276 0.15205887 0.0 -0.14746266260478408
-0.45718664 -0.016692301 0.06594523 0.009208664 0.40816396 -0.15637599 -0.08840751 -0.043529645 0.0 0.95513225 -0.09933067 0.9594993 0.08811847 -0.04022942 0.11140951 -0.044596493 -0.07603963 0.41268313 -0.14099854 -0.13091755 -0.074100964 0.42296475 -0.107718036 -0.17358121 -0.08240213 0.90885437 -0.03226962 0.013074348 -0.07954216 0.45196852 -0.09345803 -0.13384739 -0.038804345 0.44664845 -0.12365298 -0.14250049 -0.022340858 -0.0024915147 0.0 -0.1469145300764022
-0.45507595 -0.018964758 0.058826707 -0.122607 0.40838492 -0.1470662 -0.07988465 0.088987865 0.0 0.9548193 -0.07799356 0.9554492 0.109505385 -0.044545118 0.11286505 -0.045175053 -0.07463389 0.41156396 -0.13179162 -0.10113684 0.10325548 0.42143112 -0.09882791 -0.06347408 0.082944855 0.9085037 -0.011664807 -0.05159865 0.18234532 0.4499346 -0.08289093 -0.097512245 0.10087885 0.44525152 -0.11368701 -0.08447365 0.07609811 -0.15139514 0.0 -0.14733210473598515
-0.45503652 -0.02043061 -0.037270058 0.0066001615 0.4096829 -0.14095712 0.017363202 -0.03939703 0.0 0.9557658 -0.06310525 0.9537613 0.12438404 -0.046181567 0.113693394 -0.04417707 -0.07379589 0.41265067 -0.12360998 -0.0041556014 -0.068503514 0.42194954 -0.093945175 0.04810233 0.026182393 0.90959495 0.0050831884 0.08678453 0.07735638 0.44789243 -0.07559193 -0.091939144 -0.015254302 0.4453915 -0.1097724 -0.011263969 -0.14141148 0.054180913 0.0 -0.14745015852500576
-0.45373085 -0.01921979 0.0912352 0.05837301 0.40975645 -0.13737841 -0.11002973 -0.09036518 0.0 0.9552992 -0.050603837 0.95059997 0.13683726 -0.04908592 0.11177468 -0.044386685 -0.07566642 0.4141774 -0.12171911 -0.0093833 -0.16156177 0.41963312 -0.091278896 -0.19253989 -0.14757374 0.9086534 0.017074496 -0.100729264 -0.11119336 0.4462765 -0.07154117 -0.10983927 -0.13703376 0.44243628 -0.10752065 -0.20296304 -0.12683676 -0.16189191 0.0 -0.14633433831408046
-0.45305404 -0.015999917 -0.042328168 0.11909146 0.4158627 -0.11847261 0.025919316 -0.15100469 0.0 0.9562202 -9.2682276e-05 0.9409927 0.18678796 -0.055704013 0.10557476 -0.04047654 -0.081305884 0.4209691 -0.10580497 0.08319577 -0.24019328 0.4214087 -0.07469889 0.0029839058 -0.25364107 0.9062802 0.06573441 0.06903822 -0.036468387 0.4504236 -0.05252139 0.11523649 -0.20898628 0.44778258 -0.088973716 0.08409736 -0.2542616 -0.25352883 0.0 -0.14649748019486072
-0.45228142 -0.014181263 0.060632218 0.01446834 0.42263559 -0.08996848 -0.0741438 -0.046435036 0.0 0.95305765 0.069657974 0.92386657 0.25487173 -0.06394007 0.09918612 -0.03474902 -0.08602762 0.4292278 -0.07886724 -0.0034373733 -0.09311225 0.42637405 -0.048579518 0.009319231 -0.11562428 0.897076 0.13555263 -0.13061708 0.10838723 0.45257002 -0.023091698 -0.12002151 -0.083143026 0.45445216 -0.061274298 0.00035139636 -0.13336395 -0.3055735 0.0 -0.14734591247098022
-0.45159057 -0.011671186 -0.039869275 0.116950236 0.42874846 -0.05419704 0.029715836 -0.1489417 0.0 0.9424857 0.15486202 0.89629763 0.3365841 -0.07288675 0.09024756 -0.026698649 -0.09147451 0.4365977 -0.044943307 0.09041632 -0.22839968 0.4294281 -0.015456976 0.008102944 -0.25200254 0.8798196 0.21846059 0.049393844 -0.031138012 0.45184305 0.011946201 0.036590476 -0.25859007 0.46001709 -0.02580327 0.085410945 -0.24553508 -0.37705278 0.0 -0.14763871953848548
-0.45371568 -0.009846174 -0.096739605 -0.026336119 0.43326277 -0.03422379 0.08852614 -0.005068249 0.0 0.9358311 0.20207307 0.880347 0.38117573 -0.07486714 0.08526029 -0.019382993 -0.093842365 0.44148403 -0.028357776 0.08726913 -0.123206265 0.43218017 0.00081444986 0.10810715 -0.112403244 0.8700818 0.26233536 0.09855939 -0.036948543 0.45144022 0.029838122 0.014047332 -0.0875969 0.46335894 -0.007444867 0.06723079 -0.09970406 -0.0034172214 0.0 -0.1481310158969917
-0.45535567 -0.0075808256 -0.041603178 0.10434196 0.43458325 -0.043901 0.03317388 -0.13458271 0.0 0.9411598 0.18533158 0.8885538 0.36530063 -0.07128112 0.08473521 -0.018675102 -0.09523384 0.44257376 -0.040426053 0.020358609 -0.17178537 0.43523312 -0.011229061 0.063537315 -0.18771441 0.8769435 0.2472788 0.06921115 -0.026557812 0.45116463 0.017048761 -0.044227127 -0.21704647 0.46470043 -0.020944323 0.041908257 -0.24021912 0.1280741 0.0 -0.1486444308563744
-0.45751595 -0.0060065305 -0.09780083 -0.026631389 0.43533292 -0.05828059 0.08881474 -0.00236988 0.0 0.9485678 0.15733676 0.90113527 0.33873796 -0.06633793 0.08576443 -0.018905386 -0.09563679 0.44482687 -0.057889704 0.15917546 -0.09572313 0.43661106 -0.028683648 0.06057269 -0.11133465 0.8849985 0.22188891 0.018168654 0.01121683 0.45242533 -0.001251487 0.07766418 -0.11279124 0.46724582 -0.039745178 0.14281477 -0.10216253 0.078729644 0.0 -0.14927990765567054
-0.45854333 -0.0048705256 0.00897643 0.061122123 0.43254402 -0.083002195 -0.019134669 -0.088672474 0.0 0.95678246 0.10617056 0.9189857 0.28982148 -0.060485806 0.08823906 -0.022689102 -0.09541185 0.44424936 -0.085319296 0.048278935 -0.14103869 0.4342595 -0.057150852 -0.05234332 -0.1934319 0.89683384 0.17365396 0.055242103 -0.06983767 0.45133102 -0.030035475 -0.07224634 -0.17342338 0.4658887 -0.067493156 -0.025031894 -0.086262934 0.31787112 0.0 -0.14852978476104872
-0.45826 -0.005672495 0.009928352 -0.08165538 0.42477432 -0.11363317 -0.021620406 0.055775832 0.0 0.96152073 0.038699932 0.93686426 0.22457168 -0.05445174 0.09307024 -0.029795222 -0.09280151 0.43762615 -0.120249376 -0.0012839844 -0.05849325 0.42901856 -0.09159233 0.035210624 -0.049628634 0.90616035 0.10863155 -0.07356777 0.0084558 0.4461866 -0.0657556 -0.034413897 -0.05774684 0.45880067 -0.102172464 -0.035043508 -0.027672673 0.20182559 0.0 -0.14904887111214937
-0.45894367 -0.0057002725 -0.03754345 0.0554599 0.41651127 -0.14240165 0.024594853 -0.07968052 0.0 0.9626447 -0.025314918 0.950415 0.16178581 -0.047455575 0.09656059 -0.035225846 -0.09054014 0.42731804 -0.15214346 -0.058163278 -0.12159658 0.42057607 -0.123678476 -0.06476419 -0.14105134 0.9125547 0.045702837 0.11161347 -0.12926373 0.4403088 -0.0995632 -0.012126177 -0.18834767 0.44930872 -0.13582873 -0.06083526 -0.14646652 0.29674804 0.0 -0.1480734931083911
-0.46221504 -0.0053601987 -0.14104736 -0.020909566 0.40478 -0.18046777 0.12646781 -0.001293195 0.0 0.95972544 -0.11223888 0.96437806 0.07520339 -0.035314023 0.10001727 -0.039966628 -0.08742499 0.41154012 -0.19170216 0.03328627 0.00050777313 0.40766177 -0.16291422 0.031958085 -0.006342355 0.918917 -0.036917847 0.2284617 0.08288369 0.43085763 -0.14319032 0.08613208 -0.09594714 0.43479267 -0.17676683 0.029543534 0.037501372 0.3680101 0.0 -0.14706813497373478
-0.4638048 -0.0073678326 0.0018649133 -0.08630999 0.39633176 -0.19958058 -0.017035913 0.06557976 0.0 0.9545359 -0.15887971 0.9686876 0.028085466 -0.02846001 0.10356127 -0.042611722 -0.083403915 0.40042433 -0.21239159 -0.06740546 -0.0051750834 0.39656958 -0.17991942 -0.10538789 0.17409131 0.9183719 -0.07923061 -0.027967695 0.1638322 0.42399853 -0.1658112 -0.009158257 0.03136878 0.42358112 -0.19763215 -0.078548424 0.026768025 -0.00020363412 0.0 -0.1461084067594325
-0.46283552 -0.011259374 0.033532117 -0.12866214 0.3990212 -0.18833853 -0.047799274 0.10832312 0.0 0.9567789 -0.13576126 0.9671774 0.051450178 -0.031283602 0.10690886 -0.041682106 -0.08030258 0.39988768 -0.2018599 -0.17748861 0.120189466 0.3964524 -0.1677487 -0.10995632 0.08337461 0.92001474 -0.052910592 0.02998563 0.25521222 0.42631468 -0.15590431 -0.03596614 0.055876352 0.4229456 -0.18662436 -0.15616855 0.08853527 -0.15214647 0.0 -0.14498922806240738
-0.460813 -0.0154308425 0.068186775 -0.118984416 0.4042071 -0.16782196 -0.08114272 0.09874938 0.0 0.9596878 -0.09107542 0.9621785 0.09640804 -0.037733234 0.10969176 -0.04022393 -0.0777917 0.40350753 -0.18159527 -0.10864975 0.07802074 0.4003252 -0.1475303 -0.07096112 0.118310146 0.91882944 -0.007803989 -0.13694853 0.14019202 0.43198195 -0.13435632 0.0027229674 0.11543928 0.4254038 -0.16590242 -0.13406424 0.081016615 -0.16243926 0.0 -0.14463728680000926
-0.45804965 -0.017101675 0.09380404 -0.005228476 0.4059883 -0.15434699 -0.10572549 -0.014717943 0.0 0.95924515 -0.059856743 0.95596117 0.1276145 -0.043885432 0.11009993 -0.04060145 -0.07737131 0.4040315 -0.16756806 -0.17358683 0.02855884 0.4017075 -0.13097633 -0.088858835 0.12536608 0.91600084 0.021489073 -0.03586625 -0.040194113 0.4344554 -0.120889254 -0.07762262 -0.07022106 0.425265 -0.1522943 -0.17036133 -0.01643447 -0.06071714 0.0 -0.14425656453680125
-0.4572238 -0.01893217 -0.02301272 -0.08819105 0.40679318 -0.14764667 0.011747453 0.06874483 0.0 0.95909005 -0.044959117 0.9532485 0.14244986 -0.046266057 0.111294776 -0.040424477 -0.07611421 0.40115404 -0.15856908 -0.1107561 0.14550994 0.40324706 -0.11955135 0.053904742 0.20890129 0.913961 0.03491471 -0.058436166 0.07618187 0.4335586 -0.11394899 -0.07126252 0.10177771 0.42370343 -0.14611715 -0.056085497 0.031530034 -0.042700898 0.0 -0.14499478580665323
-0.45942563 -0.019411815 -0.09410496 0.03487165 0.41006717 -0.1436422 0.08339857 -0.053786572 0.0 0.9616718 -0.034799248 0.9539571 0.15254197 -0.045196112 0.111396536 -0.03748134 -0.075944684 0.40190443 -0.15247722 0.023613181 0.0063195294 0.4047204 -0.111404926 0.061109163 0.075347275 0.9150816 0.046116624 0.119080715 0.0499129 0.43647942 -0.10797606 0.057522617 -0.007163472 0.42425108 -0.1412796 -0.0022241452 0.0077617858 -0.027016515 0.0 -0.1446356907474773
-0.46074575 -0.020285793 0.0057157525 -0.07173643 0.41071698 -0.12827958 -0.1525152 -0.06438421 0.0 0.96354645 0.0027706036 0.9487133 0.18968296 -0.04815258 0.110572994 -0.033319462 -0.076339364 0.4067075 -0.13783714 -0.04064748 -0.036610484 0.40867132 -0.09433181 -0.041835345 0.02507564 0.9143737 0.08192596 0.0019133085 0.013600071 0.4406468 -0.09222179 -0.022711758 -0.042592004 0.42901257 -0.12458239 -0.03828833 0.03863752 -0.2610753 0.0 -0.14458701219229392
-0.458412 -0.02121383 0.11508202 0.025720166 0.4147043 -0.09082419 -0.25281772 -0.13681963 0.0 0.9561248 0.09818553 0.9229494 0.28272724 -0.061273057 0.105791576 -0.028097618 -0.078750126 0.41721845 -0.09927367 -0.0476483 -0.097507216 0.41021428 -0.055139504 -0.24456064 -0.08474089 0.90216017 0.17010598 0.012845943 -0.08465279 0.44245028 -0.05086829 -0.23785223 -0.088219255 0.4357745 -0.082097456 -0.13402417 -0.04162432 -0.46890736 0.0 -0.14342674359198582
-0.45663425 -0.022866404 0.031372875 -0.08127129 0.41586843 -0.038971804 -0.17236987 -0.11436637 0.0 0.93234295 0.22563276 0.8748941 0.4041149 -0.077010654 0.09772069 -0.019561742 -0.08076145 0.42705375 -0.045673385 0.040623255 -0.039584868 0.40989774 -0.0028331522 -0.04379773 -0.053951904 0.8711543 0.29046506 -0.022960743 0.14486694 0.4415051 0.007696759 -0.037772913 0.04781044 0.43925264 -0.023170875 -0.07429159 0.056026597 -0.523576 0.0 -0.14384223183019365
-0.45800224 -0.023992639 -0.06859768 -0.02454228 0.41318673 0.00620168 -0.11969423 0.016151529 0.0 0.90229636 0.32938674 0.8253777 0.50038314 -0.08660306 0.090150155 -0.00968438 -0.080846235 0.43153524 0.0018621677 0.07772425 0.0067819585 0.4072835 0.040156007 0.009357009 -0.091375224 0.83267343 0.38694763 -0.01366874 -0.025327839 0.43717456 0.05792603 -0.0063651833 0.02329141 0.4387435 0.027277397 0.033328887 0.035291187 -0.2948421 0.0 -0.1451814234081945
-0.4599723 -0.025542922 -0.0057095443 -0.09474673 0.4076074 0.023307813 -0.17596534 0.07987245 0.0 0.8905144 0.36494267 0.8072964 0.5329636 -0.08881498 0.08913427 -0.0055969954 -0.07888661 0.4342455 0.021002412 0.09471212 0.12669995 0.40289 0.055202454 -0.13021469 0.06349114 0.8189535 0.4181358 0.07122684 0.0449206 0.43132448 0.07670251 -0.13764729 0.10468089 0.4388736 0.04733046 0.029702747 0.15673256 0.022151792 0.0 -0.14665408794061913
-0.45919275 -0.02796408 0.0937584 -0.023196299 0.39971474 0.027416134 -0.26935703 0.0075936094 0.0 0.886178 0.37291703 0.8017975 0.5403571 -0.09121632 0.09032791 -0.006835839 -0.07711218 0.43448293 0.027074285 -0.04819455 0.055320125 0.39726132 0.05687266 -0.17303032 -0.09257367 0.81746525 0.42259756 0.004897611 -0.07766292 0.42562965 0.08061062 -0.17815417 -0.017929291 0.43768325 0.052726127 -0.05693446 0.02952873 -0.07243567 0.0 -0.14782435490912638
-0.45905578 -0.031516585 0.017882058 -0.13873075 0.3924704 0.02702841 -0.1878181 0.12493489 0.0 0.88729525 0.3692805 0.80419254 0.5373584 -0.09222301 0.09414384 -0.009120279 -0.07393408 0.4344743 0.027717924 0.026075305 0.16365288 0.3936229 0.052784685 -0.081190795 0.011906063 0.8190896 0.41737673 -0.07391026 0.09722497 0.4203323 0.08156393 -0.14398429 0.2041236 0.4355542 0.05341583 -0.0632066 0.16714409 0.12774853 0.0 -0.1506763846411241
-0.45849228 -0.03337289 0.056766808 0.013531344 0.3865982 -0.0016750938 -0.22165564 -0.014224593 0.0 0.91179746 0.301626 0.8418355 0.47558454 -0.08594339 0.10245415 -0.015981445 -0.0715044 0.43765897 -0.003136468 0.079808705 0.025769291 0.3938643 0.01942191 -0.081982836 -0.1524954 0.84538496 0.35627615 -0.12015432 0.08696232 0.4195719 0.05150262 -0.19774927 -0.01346861 0.43675268 0.023175424 -0.06208068 0.03958287 0.44950843 0.0 -0.15171385512908175
-0.45773062 -0.03353942 -0.0024051745 -0.002909956 0.37724602 -0.049219888 -0.15590374 0.022116143 0.0 0.94149745 0.18562266 0.8937579 0.36694333 -0.07328563 0.11233216 -0.02554604 -0.0689885 0.43426648 -0.056948435 -0.02604727 0.018440062 0.39272994 -0.034447912 0.039783735 -0.13217157 0.88028806 0.24887182 -0.06855729 -0.036716204 0.41741753 -0.0022808248 -0.12550873 -0.05577838 0.4340223 -0.030940514 -0.049420614 0.008960081 0.47474554 0.0 -0.15317130342924717
-0.45783502 -0.030947905 -0.02324546 0.13034847 0.36549318 -0.08959006 -0.12709525 -0.09594287 0.0 0.95620036 0.084100254 0.9275877 0.26940423 -0.060700186 0.116803 -0.032087456 -0.06850097 0.42397743 -0.102925934 -0.084665366 -0.07275146 0.38731745 -0.07988198 -0.0015065023 -0.15328503 0.8986337 0.15352939 -0.088076636 -0.09952641 0.41143122 -0.050853297 -0.0838818 -0.22359057 0.42786756 -0.077380255 -0.0015627802 -0.08825921 0.29832345 0.0 -0.15487744491021022
-0.4571886 -0.029625814 0.03629536 -0.020684788 0.35157588 -0.11904985 -0.178482 0.06574989 0.0 0.959325 0.004179349 0.94597715 0.19120364 -0.051485702 0.120015115 -0.038137857 -0.06700917 0.40905744 -0.13740464 -0.17317668 0.049542464 0.3790397 -0.11232753 -0.011471596 0.05382813 0.90682447 0.07995241 0.0008360078 0.08611189 0.40143126 -0.08829852 -0.13553995 -0.08051207 0.4206396 -0.11322187 0.004325456 0.030132644 0.30337647 0.0 -0.15644731270052364
-0.4571246 -0.02795279 -0.019045105 0.10167829 0.33368728 -0.15254658 -0.11355696 -0.044881348 0.0 0.9550444 -0.09114271 0.96001405 0.09629142 -0.03963462 0.122796446 -0.044604313 -0.06463768 0.38957846 -0.1796391 -0.087055996 -0.18902521 0.3664715 -0.1509714 0.033365235 -0.13372228 0.9127484 -0.008888879 0.11698054 -0.059209697 0.39126715 -0.13025288 0.080139235 -0.12818877 0.4087172 -0.15560539 0.060124367 -0.1273982 0.42557788 0.0 -0.1574735494164631
-0.4583427 -0.02340001 -0.023893038 0.14036024 0.31511357 -0.18441804 -0.09887853 -0.07409806 0.0 0.9436259 -0.18149355 0.9654649 0.004730261 -0.027728803 0.12120466 -0.04956775 -0.06501915 0.36798644 -0.21950822 -0.11610397 -0.13324444 0.35400134 -0.19098638 0.10797248 -0.25688562 0.9113917 -0.09726768 0.07599794 -0.24037224 0.37769532 -0.17048965 -0.06021785 -0.1681251 0.39284644 -0.19709775 -0.03535619 -0.14441273 0.24322394 0.0 -0.15780437732136648
-0.45895562 -0.021328334 -0.0017473 0.018985918 0.2940533 -0.21104726 -0.1108952 0.0552876 0.0 0.92419714 -0.2658955 0.962322 -0.08231239 -0.016787807 0.121019974 -0.054912623 -0.06256311 0.34347445 -0.25487673 -0.12879619 -0.056821667 0.33337322 -0.22281 -0.11338758 0.06510868 0.900003 -0.17983784 -0.0034791278 0.021900719 0.35843772 -0.20412624 -0.12607232 0.018820217 0.37344363 -0.23129979 -0.0030525555 0.04508425 0.4068408 0.0 -0.15798323736689376
-0.4579368 -0.023102727 0.023232017 -0.11433476 0.27004036 -0.2318156 -0.1252936 0.19564323 0.0 0.8961803 -0.3456803 0.9506088 -0.16625401 -0.0063313404 0.1240314 -0.060759854 -0.05539487 0.31422535 -0.28180385 -0.15342206 0.16808398 0.30750096 -0.24996786 -0.14489388 0.055437 0.8809817 -0.25884652 0.0376109 0.03189425 0.33369833 -0.23282738 -0.16452709 0.10660126 0.34945348 -0.26244807 -0.070568025 0.06664786 0.25076914 0.0 -0.1561202724247309
-0.45701692 -0.023796229 0.020052297 0.033958256 0.24888475 -0.24680589 -0.11283476 0.05158662 0.0 0.86832637 -0.4083922 0.93554467 -0.2333552 0.0020140095 0.12514234 -0.06520428 -0.049894664 0.28895655 -0.30044973 -0.12322419 0.036024872 0.28360477 -0.2695499 -0.14093958 0.04020709 0.86193746 -0.320838 0.06733672 0.020842502 0.3114996 -0.2531261 -0.1195927 0.0643248 0.3269752 -0.28542492 -0.07954665 0.0024927405 0.28828874 0.0 -0.15493906202131857
-0.45553383 -0.024767237 0.037360094 -0.097215034 0.24351016 -0.24388123 -0.12664726 0.18042798 0.0 0.865094 -0.41160157 0.9332505 -0.23692773 0.0016567416 0.12657343 -0.066499725 -0.048100404 0.28399816 -0.2971754 -0.08164811 0.20677888 0.27706635 -0.2667377 -0.15148024 0.19403134 0.8596497 -0.3236381 -0.0764749 0.07709499 0.30507746 -0.25110948 -0.16730048 0.14430858 0.3234355 -0.28492698 -0.057279475 0.11950568 -0.2605388 0.0 -0.15257187197781819
-0.45138428 -0.025960298 0.13398594 -0.04192245 0.25566533 -0.21859004 -0.22656061 0.11515638 0.0 0.8919018 -0.3379921 0.9457157 -0.15838055 -0.012212612 0.12862696 -0.066026516 -0.050984602 0.30146512 -0.2669482 -0.19401522 0.1615941 0.290373 -0.23776267 -0.23244955 0.1372871 0.87659276 -0.24990867 -0.24702144 0.10142064 0.3186564 -0.22425093 -0.14280996 -0.024443543 0.33963236 -0.25463924 -0.20375608 0.06361864 -0.33834618 0.0 -0.15072513582538696
-0.44657645 -0.025847077 0.14045338 -0.018548876 0.27134037 -0.18458436 -0.23762299 0.078468174 0.0 0.9204369 -0.23111403 0.95297015 -0.046458025 -0.03186186 0.12705258 -0.0643951 -0.05760342 0.32397875 -0.2257167 -0.1761674 0.12020795 0.30668542 -0.1999052 -0.28719178 0.04829429 0.89398175 -0.14389333 -0.106658295 0.06286644 0.33564618 -0.18810758 -0.23847695 -0.08615223 0.36216974 -0.21422721 -0.1104094 -0.050554633 -0.52830845 0.0 -0.14854764904273557
-0.4425042 -0.026907336 0.10896263 -0.06579814 0.2796037 -0.15624228 -0.20779103 0.115016505 0.0 0.93358964 -0.14557649 0.9492995 0.041264214 -0.04718422 0.12505043 -0.062894136 -0.061790273 0.33673343 -0.19386223 -0.19682992 0.010256493 0.3161298 -0.17100991 -0.19647358 -0.0019507981 0.89780796 -0.06055985 -0.20859416 0.059295904 0.34380606 -0.15823708 -0.22279535 0.004976586 0.378283 -0.17968534 -0.03460279 0.07453105 -0.13793978 0.0 -0.14865024558501944
-0.43960992 -0.026038995 0.0690367 0.08076836 0.27943674 -0.14413841 -0.16645265 -0.037049055 0.0 0.93575805 -0.10866691 0.9439437 0.07865433 -0.055102877 0.12231123 -0.06328855 -0.065010004 0.3370674 -0.1819414 -0.20828637 -0.08372349 0.31543568 -0.15909143 -0.2040699 -0.042016294 0.8960637 -0.024856633 -0.024013648 -0.058025707 0.34381488 -0.14845398 -0.14713632 -0.19754587 0.38219833 -0.16313 -0.10732843 -0.009964817 -0.15520309 0.0 -0.14834513027060958
-0.4365942 -0.025882129 0.105017856 -0.052489527 0.27899292 -0.13111804 -0.20092607 0.09077236 0.0 0.9364839 -0.06937244 0.93678516 0.118127316 -0.06321354 0.11973384 -0.06351476 -0.06776592 0.33709592 -0.1670448 -0.22218716 0.077829376 0.3139908 -0.14615412 -0.25426733 0.03638327 0.89519924 0.012486743 -0.040865943 0.024291983 0.3440354 -0.13705137 -0.19512814 -0.02404848 0.38353142 -0.14551893 -0.17798308 0.08866483 -0.16052863 0.0 -0.14770047615969698
-0.43247512 -0.0282903 0.123322606 -0.07013576 0.2776008 -0.1141301 -0.21776356 0.10262055 0.0 0.9345184 -0.021685373 0.92573076 0.16560858 -0.07317034 0.1187415 -0.06438276 -0.068552464 0.3359598 -0.14994043 -0.2602062 0.020605134 0.31160444 -0.1284843 -0.26475367 0.07806295 0.89000624 0.05960861 -0.135501 0.16548635 0.342443 -0.11977203 -0.24081744 0.008104208 0.38315225 -0.124143116 -0.20717055 0.07347644 -0.20097467 0.0 -0.14740162660210465
-0.43112534 -0.032085463 0.0051901503 -0.13598907 0.2786568 -0.09395603 -0.098135464 0.16226667 0.0 0.93254286 0.034068808 0.9133305 0.2205819 -0.081406 0.11811581 -0.06219361 -0.06839728 0.3374615 -0.12886865 -0.14322585 0.10008182 0.31238714 -0.10536839 -0.11528303 0.2235143 0.88468105 0.114435546 0.06350583 0.15274471 0.34305224 -0.09853142 -0.12053308 0.094671145 0.3858429 -0.09771271 -0.049916737 0.19520442 -0.21467164 0.0 -0.14770370683617282
-0.43266204 -0.0364149 -0.047211844 -0.12937623 0.2807168 -0.07495728 -0.0438161 0.1503514 0.0 0.93061507 0.08426977 0.90227956 0.26961634 -0.08623544 0.11849367 -0.057899937 -0.0668529 0.3424207 -0.11039991 0.04185493 0.0212564 0.31357694 -0.084141664 -0.090977706 0.1412941 0.87833863 0.16274479 -0.02836698 0.14276367 0.34526005 -0.08008706 -0.025057008 0.0136107225 0.388302 -0.07365033 -0.041690174 0.120386615 -0.14971359 0.0 -0.14796936177540634
-0.4351328 -0.03780211 -0.08130657 -0.009631731 0.28460243 -0.051447924 -0.007996507 0.023296267 0.0 0.92383677 0.15533552 0.8817592 0.33805314 -0.09273478 0.11363967 -0.05065725 -0.06907796 0.35226458 -0.083566435 0.10277919 0.0436424 0.31648493 -0.059760116 -0.0496358 -0.043293726 0.8656968 0.22843075 0.1283039 -0.05966673 0.3486962 -0.053453334 -0.05617224 0.024586242 0.39346358 -0.04495941 0.06821616 -0.08208346 -0.40234324 0.0 -0.14752381933832548
-0.43960914 -0.037498936 -0.13794133 -0.036432378 0.28931952 -0.026158739 0.050770745 0.04236961 0.0 0.9119413 0.23322207 0.8547123 0.4117748 -0.09756909 0.10655332 -0.040340066 -0.07199943 0.36379072 -0.051176347 0.19559328 0.08968492 0.3204089 -0.03408877 0.010191347 -0.024979852 0.8471738 0.2979774 0.06416451 -0.0789518 0.35142794 -0.022612454 -0.0052978722 0.050392527 0.3981104 -0.0117671825 0.045832843 0.04101185 -0.216259 0.0 -0.1476599976582646
-0.44217992 -0.03499163 -0.08062177 0.099715486 0.2907401 -0.012104909 -0.0038693412 -0.09847023 0.0 0.90152454 0.2800162 0.83487 0.45526865 -0.09980974 0.09977767 -0.033155184 -0.07547478 0.36901882 -0.031505086 0.03608135 -0.06984022 0.32172155 -0.018195268 -0.009156434 -0.04561897 0.8325503 0.34032264 0.08205139 -0.067302875 0.350953 -0.0065670996 -0.050932422 -0.14844625 0.39821237 0.0074271285 -0.015462492 -0.12487612 -0.17275664 0.0 -0.147577588294688
-0.44252208 -0.03260042 -0.002273905 0.03671113 0.28906566 -0.015764924 -0.07943182 -0.035058185 0.0 0.90420663 0.27294242 0.8385153 0.44855818 -0.09810216 0.098204404 -0.032410827 -0.07741136 0.36769068 -0.035473038 -0.085305505 -0.04501616 0.31792986 -0.020713584 -0.15020694 -0.01200434 0.8335438 0.333014 -0.10085789 -0.09094999 0.34799537 -0.011989351 -0.11882725 -0.081420936 0.3960334 0.0033150518 -0.09842608 -0.016665818 0.21686932 0.0 -0.14834877687548548
-0.4413479 -0.03235455 0.053109813 0.0020700234 0.2834113 -0.037252452 -0.13179915 0.0053234976 0.0 0.92074144 0.2052815 0.8681156 0.38524476 -0.09168843 0.104573704 -0.039062608 -0.07538955 0.36035085 -0.062301777 -0.120973006 0.026720345 0.31013903 -0.045694426 -0.1714699 -0.07323992 0.851051 0.27026275 -0.15926845 0.025641879 0.34077966 -0.039613128 -0.18379295 -0.04919903 0.39115542 -0.027594702 -0.1328644 -0.07192846 0.32704455 0.0 -0.14918464131806777
-0.43756723 -0.033121813 0.14137153 -0.0005545598 0.2719041 -0.06471645 -0.21638465 0.015243205 0.0 0.9327427 0.11269027 0.89828795 0.2969974 -0.084683426 0.113238804 -0.050228685 -0.07106833 0.3446293 -0.097749986 -0.2825101 -0.011221109 0.2957442 -0.075736895 -0.2686832 0.060307793 0.86799747 0.18768193 -0.1596144 0.13727628 0.3267068 -0.07235809 -0.2724791 0.05123752 0.37919566 -0.0677116 -0.2487395 -0.029871976 0.41187993 0.0 -0.15026622251697977
-0.43286616 -0.034152426 0.14021826 -0.0206729 0.2568637 -0.090350874 -0.21097112 0.042095486 0.0 0.934574 0.01904074 0.91881067 0.20587695 -0.077649094 0.121805586 -0.061885715 -0.06503061 0.32380396 -0.12983279 -0.2664099 0.0837593 0.2780505 -0.10119098 -0.25125363 0.12284744 0.8774875 0.10135424 -0.1475914 -0.008859014 0.30901578 -0.102314845 -0.2540606 0.07573049 0.3618775 -0.10556247 -0.25519836 -0.0019151341 0.33103532 0.0 -0.15059771440546388
-0.42970744 -0.03625955 0.07318974 -0.084622264 0.24465355 -0.10474199 -0.14004473 0.1099581 0.0 0.9305054 -0.042671263 0.9275182 0.14480494 -0.07235492 0.12887317 -0.069367714 -0.05860304 0.30651218 -0.14796777 -0.21075135 0.11801236 0.26288757 -0.1167067 -0.21350819 0.07996728 0.8812949 0.043494727 0.04107724 0.1131114 0.2961863 -0.11840449 -0.10474596 0.17597991 0.34851837 -0.1279197 -0.10892436 0.0944435 0.16963102 0.0 -0.1498357581624887
-0.42874926 -0.03659184 -0.002693076 0.045004647 0.23825185 -0.11087304 -0.061191317 -0.01855215 0.0 0.92783004 -0.07052438 0.93052965 0.11695618 -0.069366686 0.1313542 -0.072066315 -0.056126367 0.2965255 -0.15561147 -0.12847666 -0.023387793 0.25611582 -0.12577128 -0.016272468 -0.120035745 0.8822503 0.018404532 -0.029902395 0.0031142686 0.28979948 -0.12578557 -0.06696251 -0.032811146 0.3417637 -0.13520229 -0.057608362 0.08634016 0.057465397 0.0 -0.15069221053455722
-0.42971852 -0.03319525 -0.042781286 0.1338099 0.2371303 -0.11332091 -0.01901351 -0.10825241 0.0 0.9287806 -0.07355243 0.9314031 0.113929234 -0.06849907 0.12791583 -0.07112156 -0.059565827 0.29285312 -0.15955617 -0.091383144 -0.18522927 0.25762534 -0.13171214 0.02322703 -0.21556243 0.8838459 0.014759356 0.10069647 -0.19863623 0.2894099 -0.12974215 0.083920665 -0.16518551 0.34030035 -0.13704441 -0.04276402 -0.14351507 -0.058975786 0.0 -0.15126386991810084
-0.4311565 -0.028589794 -0.043527044 0.13523543 0.24032898 -0.109001555 -0.017042235 -0.11256457 0.0 0.93227446 -0.04650392 0.9285204 0.14095849 -0.07127914 0.120936915 -0.06752509 -0.066525504 0.29814088 -0.15500912 0.050999634 -0.15466487 0.26470652 -0.12852007 0.04705012 -0.13659832 0.8858584 0.04045989 0.07575792 -0.07836744 0.29546416 -0.12575787 0.09698865 -0.16789952 0.34567353 -0.13120835 0.073509425 -0.18867643 -0.1907623 0.0 -0.15170636379553779
-0.43272462 -0.024634833 -0.061288726 0.109578654 0.24553633 -0.09947367 0.0016437268 -0.09074774 0.0 0.9352807 -0.0014975707 0.92172426 0.18551172 -0.07565862 0.11321095 -0.06210222 -0.07379834 0.30852312 -0.14126083 0.09503179 0.004310682 0.2745931 -0.12036686 0.14301874 -0.21177995 0.8860153 0.08223882 0.12285991 -0.18597607 0.30558348 -0.111673646 0.12910338 0.016134417 0.354243 -0.119698554 0.054315235 -0.21982212 -0.19629331 0.0 -0.1512455675850168
-0.4363878 -0.022158446 -0.1370173 0.02648675 0.24949437 -0.095825456 0.07896199 -0.00949482 0.0 0.93898267 0.016093243 0.92148745 0.20277524 -0.07414987 0.109467246 -0.05665462 -0.07721475 0.3142039 -0.13308087 0.058062382 0.08703918 0.28434828 -0.11818403 0.22023976 -0.045204762 0.8890097 0.09645308 0.14437048 -0.08950689 0.31196988 -0.10382006 0.13479821 0.07665412 0.35942712 -0.115484275 0.0831313 -0.005289452 0.04187007 0.0 -0.15150837842538387
-0.44054428 -0.022589589 -0.11560833 -0.056659248 0.25134873 -0.09536938 0.05952178 0.07329707 0.0 0.94313616 0.013473792 0.92632127 0.20021829 -0.069649436 0.11053886 -0.052834544 -0.07620564 0.3172932 -0.13179722 0.1101645 0.08623155 0.2887586 -0.11614563 0.12631868 0.17771524 0.8937082 0.094656415 0.12319949 0.13438967 0.31855288 -0.10133258 0.24276233 0.110931434 0.3591155 -0.11481982 -0.02388377 0.09371733 -0.018457334 0.0 -0.15180082401859057
-0.44228297 -0.022155056 -0.008154342 0.053626277 0.25051147 -0.0971239 -0.045957025 -0.03709888 0.0 0.94498247 0.005583224 0.9296727 0.19245714 -0.06698817 0.11080534 -0.051678456 -0.07606858 0.3179847 -0.13201423 0.05305708 0.033319093 0.29069835 -0.1165811 0.01464376 -0.0061984286 0.8958147 0.08700664 -0.017717972 -0.117329694 0.32121682 -0.10088582 0.012008636 0.078244 0.35624272 -0.11518723 -0.084120825 0.05354534 0.08301199 0.0 -0.15138619914216742
-0.44032907 -0.022094565 0.10355128 -0.028772378 0.24559292 -0.09982633 -0.1556836 0.04539779 0.0 0.9430348 -0.0062156054 0.9300207 0.1808322 -0.06756763 0.1114235 -0.0545535 -0.0756243 0.31470016 -0.133379 -0.114666976 0.091882706 0.28876656 -0.11708103 -0.045524903 0.15653038 0.8948151 0.07630624 -0.08714105 0.09966335 0.31997693 -0.10283783 -0.0068855826 0.056467555 0.34998992 -0.11583989 -0.18386535 0.14689949 0.0040484783 0.0 -0.15175766814050543
-0.43977192 -0.023686845 -0.040784482 -0.05757745 0.2434013 -0.09728651 -0.009663481 0.073563755 0.0 0.9423755 -0.0029363004 0.9290181 0.1840873 -0.06844118 0.11284785 -0.05508378 -0.07417576 0.31303853 -0.12811762 -0.028990401 0.16983607 0.287062 -0.11112096 -0.043381184 0.15941761 0.8932422 0.07941912 -0.009414538 0.0026124795 0.31824526 -0.09751448 -0.05497271 0.1760592 0.3481172 -0.112129614 0.0009130983 0.07044104 -0.018884927 0.0 -0.15213993114390517
-0.43943495 -0.025718091 0.05348854 -0.059713885 0.24106707 -0.09528005 -0.10224475 0.07527947 0.0 0.9418904 -0.002958207 0.92893493 0.18409367 -0.06867507 0.11499777 -0.055719588 -0.07205411 0.30913103 -0.123494856 -0.15649715 0.14437488 0.28221607 -0.10798927 -0.19465256 0.0779658 0.8928502 0.080011055 -0.021521272 0.1248484 0.3138367 -0.093198605 -0.17361288 0.13476503 0.3440464 -0.10910283 -0.17868319 0.13142738 0.035477083 0.0 -0.15194441500289446
-0.4358512 -0.026178805 0.13878363 0.024219675 0.23058239 -0.10679909 -0.18508264 -0.006713544 0.0 0.9368481 -0.051950768 0.9337204 0.13552314 -0.066140436 0.11884204 -0.063012734 -0.068631865 0.29495504 -0.13702114 -0.2540837 0.028155765 0.2680911 -0.121548824 -0.27127653 -0.006358915 0.89259046 0.032956034 -0.14584292 -0.09607147 0.30152962 -0.10562374 -0.23198693 0.084814645 0.33011907 -0.12498988 -0.2670655 0.007458711 0.36018252 0.0 -0.15218187681516532
-0.4319099 -0.023773849 0.10885989 0.089150414 0.21360645 -0.1299541 -0.15179059 -0.06797068 0.0 0.9233178 -0.14435004 0.938327 0.04254826 -0.058463942 0.12259725 -0.073473126 -0.06430105 0.27276614 -0.16466187 -0.20842282 -0.014857245 0.24720073 -0.14624608 -0.20214386 0.015823487 0.88514966 -0.055972017 -0.21616766 -0.05883644 0.28310123 -0.1331557 -0.19381277 -0.00039610732 0.30794746 -0.15650286 -0.23713529 -0.02869013 0.35978118 0.0 -0.15274546137651274
-0.4287544 -0.020144273 0.104084924 0.09636237 0.19804901 -0.14815606 -0.14392199 -0.072773345 0.0 0.9059443 -0.21741092 0.9351576 -0.032200687 -0.05263032 0.12360377 -0.08184365 -0.061606463 0.2519057 -0.18787324 -0.226796 -0.14957736 0.2300042 -0.16622026 -0.13899945 -0.08432102 0.87397784 -0.12558542 -0.061388582 -0.08388235 0.26461142 -0.15457477 -0.22882563 -0.026243068 0.2877867 -0.17954688 -0.2028087 0.005044572 0.20553705 0.0 -0.15351986100930756
-0.42794618 -0.018684944 -0.014094112 0.0056798086 0.19144154 -0.15417095 -0.023773406 0.018213186 0.0 0.8983775 -0.2442064 0.93281204 -0.059895486 -0.05017952 0.12375534 -0.08461405 -0.06055557 0.24371545 -0.20001121 0.008652601 -0.14462231 0.22195996 -0.17090575 -0.05778826 0.11892152 0.8677329 -0.15136106 -0.08173562 -0.0060529583 0.25454283 -0.16166762 -0.12498021 0.027075402 0.27812448 -0.18789712 -0.09718997 -0.021655435 -0.0018987047 0.0 -0.1530711361623249
-0.42989466 -0.016442856 -0.06365398 0.12626399 0.18909837 -0.1591049 0.027418993 -0.10255316 0.0 0.89567125 -0.2616362 0.9331532 -0.077920794 -0.046662323 0.12198299 -0.08414429 -0.06173242 0.23982841 -0.20867169 -0.032424375 -0.14031477 0.2169517 -0.17423983 -0.06250161 -0.063243955 0.86550313 -0.17005554 0.07885759 -0.2159222 0.24961917 -0.16580257 -0.028139392 -0.02365819 0.27201527 -0.19385315 -0.062278215 -0.062201224 0.13016509 0.0 -0.15344482863076087
-0.43181038 -0.015986921 -0.050477497 -0.03734624 0.1861265 -0.1633237 0.0159504 0.061048474 0.0 0.89142114 -0.28228712 0.9329646 -0.099447325 -0.04218092 0.12211792 -0.0837244 -0.06072187 0.232786 -0.21664694 -0.069683254 -0.036989257 0.21234375 -0.1761226 0.009834283 0.17146477 0.8651183 -0.19144389 0.13325192 0.032281443 0.24484012 -0.16824234 -0.027042268 0.15643023 0.2668179 -0.1970007 0.0025586202 0.16894893 0.027452502 0.0 -0.1529351969602209
-0.43396294 -0.015741918 -0.06657513 0.06331279 0.18627691 -0.1641377 0.033290647 -0.040233817 0.0 0.8921325 -0.2871786 0.93453074 -0.104535125 -0.039567903 0.12158846 -0.08196608 -0.061055027 0.22929455 -0.2189502 -0.07211674 -0.043259237 0.21176204 -0.17378286 0.0038521406 0.051930554 0.8682679 -0.19600838 0.10862964 -0.04904912 0.2421977 -0.16871828 -0.07042639 -0.07041026 0.26452175 -0.19621941 -0.0634305 -0.014403931 0.01017627 0.0 -0.15316393976661183
-0.43582597 -0.016863953 -0.056514435 -0.07943718 0.18719363 -0.1627848 0.024332874 0.10177006 0.0 0.89408886 -0.28685677 0.9365585 -0.10422988 -0.03745156 0.12227482 -0.07992119 -0.060352065 0.226692 -0.2169894 -0.075494684 0.13113049 0.21043321 -0.17302251 -0.028958939 0.022053426 0.8691333 -0.19422916 -0.03061375 0.1422584 0.24141595 -0.17032997 -0.03668607 -0.029264765 0.2618061 -0.19477801 -0.08485348 0.09186816 -0.012243257 0.0 -0.15233314294239603
-0.4370768 -0.017001642 -0.02342746 0.06432677 0.1899836 -0.15915954 -0.008040583 -0.043233003 0.0 0.8998523 -0.27252376 0.93937 -0.08923546 -0.03816764 0.12152565 -0.07768535 -0.061762642 0.22823355 -0.21166645 -0.05284542 -0.0066346093 0.21043265 -0.16935109 -0.10610225 -0.0062368503 0.8705451 -0.17762545 -0.057516184 0.027001945 0.24091688 -0.16811281 -0.10820244 -0.106978506 0.26269644 -0.19032994 -0.09549696 -0.022550255 -0.10369912 0.0 -0.15195812783613905
-0.43700108 -0.014671158 0.04291103 0.06946154 0.19406602 -0.15383066 -0.074060805 -0.050172485 0.0 0.90861547 -0.24216202 0.94149464 -0.057567302 -0.043010492 0.11778841 -0.075889684 -0.06680631 0.23527801 -0.20481375 0.015479229 -0.0705412 0.21190213 -0.16502608 -0.14942819 -0.15375425 0.87242883 -0.1479061 -0.15768625 -0.10898045 0.24221572 -0.16360614 -0.15102994 -0.1539992 0.26489192 -0.18453588 -0.16162753 -0.14528029 -0.1639616 0.0 -0.1508547397421762
-0.43713716 -0.010369154 -0.00884765 0.14215001 0.20052925 -0.14700238 -0.022227619 -0.12512368 0.0 0.91981566 -0.19778167 0.9428308 -0.011699559 -0.049607094 0.11104806 -0.07262227 -0.07503405 0.24604641 -0.19364293 -0.0032285198 -0.009899099 0.21623883 -0.16113016 -0.10272875 -0.23846087 0.87773466 -0.10762705 0.042763308 -0.21248029 0.24633794 -0.15574022 -0.110421546 -0.13587458 0.2709572 -0.17459607 -0.072616175 -0.092408046 -0.22669831 0.0 -0.14941059164509143
-0.4385529 -0.006232905 -0.04196705 0.12249108 0.20460804 -0.1449754 0.011458068 -0.10688412 0.0 0.9260772 -0.17584574 0.9438014 0.010814645 -0.05172068 0.10534373 -0.06944489 -0.08131666 0.25010085 -0.18741949 -0.03047592 -0.013317394 0.21851814 -0.15917727 -0.050498575 -0.0609044 0.88142484 -0.08666661 0.014633132 -0.05970748 0.24763772 -0.15113969 -0.06757594 -0.04208338 0.274205 -0.16753554 -0.05230607 -0.018240549 0.021174498 0.0 -0.14904461350264991
-0.44197524 -0.003928882 -0.12446557 0.04702923 0.20260608 -0.15280777 0.09539315 -0.031116147 0.0 0.9239126 -0.20437884 0.9468496 -0.018287083 -0.045639854 0.104043454 -0.06857683 -0.08204831 0.24496228 -0.19325365 0.040365197 0.06606865 0.21535338 -0.16550873 0.0938933 0.026456622 0.8814732 -0.114575654 0.12781 -0.12250289 0.24349818 -0.15715857 0.05691705 0.07255771 0.2700527 -0.17370093 0.054336507 0.076555476 0.18585536 0.0 -0.14835708207800252
-0.44312093 -0.003316584 0.030816833 0.0043295417 0.19440682 -0.1634636 -0.05808708 0.01251484 0.0 0.9129345 -0.25338885 0.9456064 -0.06875732 -0.03909504 0.105492786 -0.071766935 -0.079138726 0.2322667 -0.20319612 -0.13598318 0.088374004 0.20682259 -0.17755933 -0.032559283 -0.06619267 0.87361366 -0.16537446 -0.10387231 -0.12662376 0.2333471 -0.16655092 -0.12374165 0.10795971 0.25836697 -0.18528977 -0.14248489 0.06838302 0.2014286 0.0 -0.14762080334744077
-0.44465244 -0.003966154 -0.10458159 -0.018984135 0.1904752 -0.16797857 0.078677714 0.036012065 0.0 0.9070567 -0.27870682 0.9449224 -0.09507011 -0.03447335 0.10688025 -0.07233904 -0.07675646 0.2248516 -0.20762536 0.056229293 -0.039560974 0.20125991 -0.18634856 -0.056979787 -0.01651785 0.8704621 -0.19161679 0.16440482 -0.0059624547 0.22949287 -0.16821596 0.11241194 0.1575562 0.25095 -0.19012439 0.015773103 0.08487861 0.0037115463 0.0 -0.14588954867383241
-0.44582078 -0.0070023965 -0.011494026 -0.12468955 0.19392142 -0.1616907 -0.01381113 0.14076647 0.0 0.91299224 -0.26181537 0.94800013 -0.077612504 -0.034415137 0.10909644 -0.069423065 -0.07510642 0.22613743 -0.20358777 -0.117601484 0.06478427 0.20201975 -0.18021825 -0.09406589 0.15624644 0.8776229 -0.17343308 0.09809105 0.23640381 0.23499537 -0.1572846 0.07784881 0.24629384 0.25144184 -0.18300584 -0.13098872 0.11443434 -0.12386405 0.0 -0.1444376958999489
-0.44449568 -0.011547569 0.03174628 -0.13684198 0.19693701 -0.15100908 -0.05664442 0.15170056 0.0 0.9193661 -0.23150639 0.94921386 -0.04639733 -0.03803446 0.11279046 -0.06788217 -0.0723186 0.22919284 -0.19610216 -0.047546327 0.0028108032 0.20295778 -0.16959439 -0.12844335 0.1269198 0.88168234 -0.14261109 -0.07774883 0.14173402 0.23788168 -0.14210744 -0.11174249 0.24641503 0.2527789 -0.17387456 -0.0936915 0.017348953 -0.08562817 0.0 -0.14219583241001482
-0.44528982 -0.013811283 -0.07807091 -0.018814139 0.19734648 -0.14830977 0.05398361 0.033171423 0.0 0.9206326 -0.22890739 0.9503817 -0.043782447 -0.036951322 0.11487921 -0.066700384 -0.07024573 0.22842747 -0.19557773 -0.03771583 -0.002150103 0.20197175 -0.1690313 0.035662115 -0.057467632 0.8822575 -0.14240545 0.078681804 -0.10445403 0.23518665 -0.13739175 -0.05383168 0.0678616 0.2506671 -0.17375506 -0.017233156 0.018846791 0.087442376 0.0 -0.14102068030110615
-0.44587994 -0.012771127 0.036787126 0.06922119 0.19332257 -0.1536736 -0.059740532 -0.054777466 0.0 0.9152277 -0.25219977 0.9494379 -0.06784709 -0.03377633 0.11460754 -0.06798658 -0.06974513 0.22008716 -0.20046838 -0.14580949 0.014844992 0.19936919 -0.1766666 0.05291066 -0.09977056 0.8772628 -0.16658323 -0.1203439 -0.07069501 0.22840258 -0.14198191 -0.14246963 0.005416196 0.24263082 -0.17928708 -0.15374364 0.00824996 0.09414252 0.0 -0.14113152338344237
-0.44716877 -0.009736628 -0.060305957 0.11379739 0.19024204 -0.16010807 0.03837984 -0.099404186 0.0 0.9108602 -0.27298465 0.9486092 -0.08932393 -0.030914716 0.112004034 -0.06866371 -0.0716567 0.2149728 -0.20883335 -0.01972459 -0.14472316 0.19757779 -0.18279074 0.09752831 -0.10841088 0.87370074 -0.18476072 0.07769392 -0.018365817 0.22406425 -0.14827195 0.020863846 -0.101059996 0.23541418 -0.18544747 -0.077643275 -0.08416818 0.04895439 0.0 -0.141400249922839
-0.44749868 -0.0055291653 0.07222693 0.11657886 0.17883614 -0.17486525 -0.09255926 -0.10141214 0.0 0.892075 -0.3312685 0.9407706 -0.15020223 -0.024916055 0.10950769 -0.07361166 -0.071558565 0.19747311 -0.22574276 -0.20785913 -0.10195829 0.18340024 -0.19821662 -0.19977134 -0.11541472 0.86071837 -0.24071328 -0.066338845 -0.17118943 0.21152528 -0.16686153 -0.16906412 -0.1914725 0.2203454 -0.20013243 -0.1184806 0.012781913 0.40099698 0.0 -0.14057850730942445
-0.44751993 -0.004182855 -0.03155309 -0.007963899 0.1625147 -0.18994367 0.013185844 0.024226395 0.0 0.8607812 -0.4060444 0.92446077 -0.22968918 -0.016100306 0.10993535 -0.07977991 -0.066419855 0.1730436 -0.24237998 -0.09864746 0.0046887356 0.16159262 -0.21463369 -0.08987826 -0.018756654 0.83826935 -0.31308308 0.08893834 0.05249166 0.19183867 -0.18622433 -0.10549866 0.04168581 0.19970956 -0.2171423 -0.0674583 -0.024042444 0.21268573 0.0 -0.13843469058522684
-0.44638166 -0.003010125 0.09906566 0.036310587 0.1493791 -0.19894077 -0.115906425 -0.019598458 0.0 0.83480287 -0.45494634 0.9084035 -0.2824958 -0.011332822 0.11004097 -0.08493347 -0.06240959 0.156084 -0.2516257 -0.08425239 0.016096355 0.14305186 -0.22379759 -0.23262776 -0.021008024 0.8170566 -0.36058292 -0.17013906 -0.05218034 0.17557262 -0.1988835 -0.19932112 -0.12935871 0.18317123 -0.22971441 -0.14603138 -0.06478704 0.20949677 0.0 -0.13612758126979763
-0.44581014 -0.0026917642 -0.03991937 -0.01994109 0.13401124 -0.20829117 0.024796186 0.03719781 0.0 0.8004742 -0.5119467 0.8858944 -0.34503463 -0.004303291 0.11053975 -0.08972348 -0.056372326 0.13567263 -0.25936374 -0.06805712 0.111022964 0.1243882 -0.23044327 0.022683922 0.14402263 0.78972906 -0.4167663 0.111569166 0.018233221 0.15619218 -0.21134743 -0.10029514 0.03827047 0.16546704 -0.24451916 0.043565243 -0.092918366 0.30523023 0.0 -0.13377649542220638
