120
0.47346476 0.22828926 0.13691373 -0.034928642 0.32989365 -0.22262307 -0.13684583 0.034940798 0.0 0.32189038 -0.028283885 0.13708864 0.00341097 -0.031950578 -0.98219836 0.15285116 -1.0138932 0.07035656 -0.13395238 -0.13691373 0.034928642 0.0 0.0 1.3925443034715754
0.47070196 0.22530183 0.032988757 -0.13260491 0.32584184 -0.22172943 -0.03292344 0.13261613 0.0 0.31922573 -0.02733839 0.13465525 0.0056766164 -0.04142478 -0.97869927 0.1431457 -1.0117142 0.066943 -0.13120623 -0.032988757 0.13260491 0.039774034 0.0 1.419769196307117
0.46689796 0.22242141 0.07616738 -0.11990184 0.31732643 -0.2266451 -0.07610436 0.119910814 0.0 0.31627017 -0.03214466 0.13271938 0.006135297 -0.07144038 -0.9728023 0.11211042 -1.0110823 0.06112017 -0.12875508 -0.07616738 0.11990184 0.14269218 0.0 1.4464829086741988
0.46399894 0.21860123 0.09698257 -0.103567 0.30381688 -0.23695101 -0.0969217 0.10357288 0.0 0.31151977 -0.042600565 0.12987933 0.003907512 -0.11816376 -0.9648415 0.06347668 -1.0113496 0.052277423 -0.12762122 -0.09698257 0.103567 0.17335287 0.0 1.4712010729307807
0.46008876 0.21636711 -0.0065520965 -0.13986741 0.2929888 -0.24463424 0.006610757 0.1398707 0.0 0.30852818 -0.05075323 0.12891303 0.0030486828 -0.1580305 -0.95489883 0.02158466 -1.0087007 0.04606534 -0.12524053 0.0065520965 0.13986741 0.12410367 0.0 1.5034293137409815
0.45728052 0.21316399 0.107591696 -0.086166136 0.28410143 -0.24880151 -0.10753527 0.08616777 0.0 0.30487812 -0.055411883 0.12678418 0.0032293363 -0.18596898 -0.9466051 -0.00787503 -1.0052463 0.040496297 -0.12277171 -0.107591696 0.086166136 0.08013513 0.0 1.5282203613475525
0.45644888 0.20846602 0.1302155 -0.05532417 0.27793777 -0.24875347 -0.13016129 0.055325307 0.0 0.3002451 -0.055534672 0.12262163 0.0045165773 -0.1976517 -0.9428086 -0.02002822 -1.0028598 0.035337575 -0.12079644 -0.1302155 0.05532417 -0.006233784 0.0 1.5474861605548782
0.4550065 0.20529218 0.046335008 -0.0846986 0.27741274 -0.2440961 -0.046282943 0.08470012 0.0 0.29812768 -0.050700337 0.1200161 0.0078873085 -0.19245136 -0.94204116 -0.014339765 -1.0006288 0.033766124 -0.118139684 -0.046335008 0.0846986 -0.046093732 0.0 1.5724320109257
0.4521217 0.20166746 0.08368306 -0.11506457 0.27770108 -0.23694767 -0.083633065 0.115066625 0.0 0.29612023 -0.043319985 0.1173266 0.013152075 -0.18385772 -0.9404139 -0.005064104 -0.99688596 0.03257671 -0.11388853 -0.08368306 0.11506457 -0.04286604 0.0 1.6069801566781956
0.45129666 0.1971953 0.13699728 -0.030555908 0.2767927 -0.23114456 -0.13694929 0.03055852 0.0 0.2926273 -0.03728864 0.11309676 0.016794918 -0.17534888 -0.94070137 0.0041816733 -0.9947849 0.03004797 -0.1113642 -0.13699728 0.030555908 -0.05047418 0.0 1.6245417348161495
0.45378408 0.19351177 0.11435523 0.08003823 0.27496314 -0.22960404 -0.11430915 -0.08003523 0.0 0.2887704 -0.035593383 0.1086847 0.016611917 -0.16974357 -0.9438451 0.010342127 -0.9960504 0.026979147 -0.1124077 -0.11435523 -0.08003823 -0.025909474 0.0 1.6100765312408736
0.45503548 0.18943998 0.13045725 -0.043181237 0.2756232 -0.22374672 -0.13041306 0.04318507 0.0 0.28521776 -0.02948237 0.10404213 0.018804716 -0.153489 -0.9474653 0.027686628 -0.9957524 0.02515413 -0.11195669 -0.13045725 0.043181237 -0.11581089 0.0 1.6299176462207807
0.45585945 0.18475771 0.14112006 0.01221448 0.28069896 -0.21087405 -0.14107782 -0.012208883 0.0 0.2815081 -0.016374784 0.098336406 0.023680007 -0.11528914 -0.9532356 0.06788254 -0.9932904 0.025434917 -0.11051103 -0.14112006 -0.01221448 -0.19280754 0.0 1.6361619599840052
0.45620945 0.1803111 0.13011357 -0.027874643 0.28926176 -0.19201793 -0.13007343 0.027882624 0.0 0.2775294 0.0021286597 0.09215658 0.030291919 -0.05804747 -0.9583631 0.12732534 -0.98652637 0.028057393 -0.1083196 -0.13011357 0.027874643 -0.25982895 0.0 1.6531243607210573
0.45586652 0.17551073 0.14004351 -0.021755971 0.29789004 -0.16942745 -0.1400056 0.021766465 0.0 0.27185503 0.023322785 0.08490886 0.037723552 0.008104772 -0.95932263 0.19505094 -0.9737234 0.031217959 -0.105242 -0.14004351 0.021755971 -0.27090564 0.0 1.6687739101097794
0.45584407 0.17070408 0.14166759 0.0023349458 0.30249068 -0.1515926 -0.14163183 -0.00232275 0.0 0.2652187 0.039303202 0.077750176 0.042738568 0.05942823 -0.9570936 0.24689676 -0.9605289 0.032518126 -0.10312412 -0.14166759 -0.0023349458 -0.17091788 0.0 1.677635952851797
0.45717043 0.1661557 0.12785096 0.06036244 0.30368546 -0.14103179 -0.12781711 -0.060349386 0.0 0.25895333 0.048254713 0.07149431 0.044334184 0.09240381 -0.9554472 0.27986282 -0.95152664 0.03201838 -0.10319043 -0.12785096 -0.06036244 -0.11966606 0.0 1.664865554183398
0.4589911 0.16169363 0.12876973 0.059719674 0.30523074 -0.12971558 -0.12873776 -0.059705723 0.0 0.25225922 0.057432223 0.06515123 0.04531429 0.12978022 -0.95259506 0.3168882 -0.94047713 0.032167155 -0.10379611 -0.12876973 -0.059719674 -0.18159555 0.0 1.6474111450923994
0.45981243 0.15699773 0.13958368 0.023398865 0.30505735 -0.12007613 -0.13955347 -0.02338438 0.0 0.24546938 0.06507109 0.058910016 0.046313338 0.15895139 -0.94866997 0.34551075 -0.9299122 0.03124428 -0.10387477 -0.13958368 -0.023398865 -0.0926528 0.0 1.6423013023411455
0.4596167 0.15401316 0.062205788 -0.009199859 0.30290082 -0.11806761 -0.062176872 0.009213977 0.0 0.24202071 0.06665861 0.055596847 0.046598826 0.16258235 -0.94766176 0.3490062 -0.927602 0.028980335 -0.10377877 -0.062205788 0.009199859 0.018757762 0.0 1.646653292687815
0.45750597 0.15336531 -0.00041421168 -0.09578998 0.30256793 -0.11463268 0.00044192793 0.09580367 0.0 0.24082889 0.06980809 0.054500286 0.048881985 0.16610618 -0.9448706 0.35243478 -0.9239445 0.028583048 -0.10161771 0.00041421168 0.09578998 -0.04253376 0.0 1.6736438609920818
0.45356596 0.15166314 0.09792892 -0.10140007 0.30216593 -0.10610754 -0.09790251 0.101413645 0.0 0.23749614 0.07732603 0.051524475 0.05343484 0.17894416 -0.93841404 0.36491582 -0.9145229 0.028007602 -0.09745856 -0.09792892 0.10140007 -0.06827529 0.0 1.7074100971845445
0.44948727 0.15170749 -0.03415109 -0.13179283 0.3043227 -0.093918264 0.034176104 0.13180654 0.0 0.23474984 0.08771219 0.04948675 0.058835935 0.20349346 -0.92923385 0.38875654 -0.9003576 0.030030124 -0.09263452 0.03415109 0.13179283 -0.11706308 0.0 1.7436925234420309
0.44844234 0.1528449 -0.02687614 0.025260247 0.30818656 -0.082559146 0.026899721 -0.025246281 0.0 0.23264185 0.09666962 0.04843554 0.061679825 0.23504779 -0.92075384 0.4192541 -0.885764 0.0340009 -0.090351425 0.02687614 -0.025260247 -0.116692424 0.0 1.7287464469338465
0.44827482 0.15223756 0.051760517 -0.0188968 0.3103509 -0.071292244 -0.051738363 0.01891103 0.0 0.22835124 0.10507659 0.045535978 0.063425265 0.26767635 -0.91158944 0.45049164 -0.8699381 0.03662783 -0.08902966 -0.051760517 0.0188968 -0.14117992 0.0 1.7308292426352547
0.44640797 0.14865386 0.1406845 -0.02764026 0.30889735 -0.058541805 -0.14066376 0.027654732 0.0 0.22023721 0.11457447 0.03914151 0.06598849 0.29826674 -0.89985526 0.47936243 -0.85126925 0.03604806 -0.08669514 -0.1406845 0.02764026 -0.1351622 0.0 1.7377045521426604
0.44624743 0.14517196 0.08218569 0.05706476 0.30684614 -0.051834367 -0.08216611 -0.057050377 0.0 0.2139975 0.11907188 0.034138177 0.06609192 0.31669798 -0.8931578 0.4965573 -0.8401778 0.034762394 -0.08662177 -0.08218569 -0.05706476 -0.054161463 0.0 1.7095566640236473
0.44701627 0.14058577 0.13104789 0.055153612 0.30356848 -0.048515882 -0.13102932 -0.055139467 0.0 0.20771663 0.12072418 0.028820604 0.06457738 0.32827023 -0.8895347 0.50716627 -0.8333879 0.032140613 -0.0881015 -0.13104789 -0.055153612 -0.069045626 0.0 1.6808240248720996
0.44758597 0.13581051 0.12776037 0.061104592 0.29967204 -0.047503877 -0.12774266 -0.061090823 0.0 0.20213719 0.120771766 0.023809774 0.06284434 0.332756 -0.88823515 0.5110834 -0.8303077 0.028651664 -0.089793846 -0.12776037 -0.061104592 -0.012570849 0.0 1.6484295431519496
0.44588858 0.13168342 0.12994345 -0.05233739 0.2947638 -0.049953863 -0.12992632 0.052350454 0.0 0.19882408 0.11923617 0.019956836 0.062997736 0.31989515 -0.8909609 0.4987624 -0.8347224 0.023355052 -0.08967941 -0.12994345 0.05233739 0.062090207 0.0 1.660463340156046
0.44353235 0.1275262 0.1401679 -0.020085623 0.2887731 -0.056211397 -0.14015114 0.020097759 0.0 0.19710547 0.11533076 0.016884265 0.06359519 0.2928073 -0.89758456 0.4730285 -0.845849 0.01645296 -0.089119166 -0.1401679 0.020085623 0.10918791 0.0 1.6661121108641952
0.4411818 0.12333723 0.13513692 -0.042542994 0.28265995 -0.062066674 -0.13512054 0.04255425 0.0 0.19523145 0.11167418 0.013794284 0.06437935 0.2660334 -0.90328556 0.44747058 -0.85599077 0.009613372 -0.088278376 -0.13513692 0.042542994 0.07352118 0.0 1.6800298892018604
0.43863514 0.1192513 0.13450013 -0.044807162 0.2767521 -0.06636513 -0.13448417 0.04481765 0.0 0.19293165 0.10914476 0.010555989 0.06560895 0.24274701 -0.9070613 0.42512268 -0.86352545 0.0032217 -0.0869298 -0.13450013 0.044807162 0.074078545 0.0 1.6968149056128181
0.43622994 0.11526901 0.13031527 -0.042240936 0.27153492 -0.06816057 -0.13029982 0.04225083 0.0 0.1897919 0.10832637 0.0069149486 0.06694678 0.22760606 -0.90839696 0.410483 -0.8670174 -0.002219762 -0.085494734 -0.13031527 0.042240936 0.020962996 0.0 1.7131861974402183
0.43632713 0.11088126 0.11746646 0.07495181 0.26729938 -0.06913808 -0.117451616 -0.074942306 0.0 0.18549955 0.10732244 0.002635808 0.06588451 0.2236381 -0.9093888 0.40650186 -0.86795086 -0.0064502615 -0.08655992 -0.11746646 -0.07495181 -0.012509499 0.0 1.6853395427746114
0.4369471 0.10616394 0.13778672 0.03215111 0.26233476 -0.07262125 -0.1377724 -0.032142073 0.0 0.18177044 0.104406685 -0.0013785948 0.064248525 0.21279824 -0.9125464 0.39594728 -0.87238824 -0.011530483 -0.088128634 -0.13778672 -0.03215111 0.050152592 0.0 1.675936008338522
0.43545246 0.101735376 0.13437954 -0.043171998 0.2566521 -0.07571845 -0.13436565 0.043180484 0.0 0.17857938 0.1024223 -0.005115164 0.06483815 0.1953336 -0.91486603 0.37902814 -0.8772819 -0.017404301 -0.08738155 -0.13437954 0.043171998 0.048780274 0.0 1.6928599572485088
0.43199062 0.09860672 0.09703163 -0.10176971 0.25322923 -0.07177955 -0.09701834 0.10177792 0.0 0.17433035 0.10599674 -0.009187817 0.06756068 0.1958045 -0.9112029 0.37932268 -0.87276685 -0.02077054 -0.084714405 -0.09703163 0.10176971 -0.06297814 0.0 1.7245674438594811
0.42761663 0.09680977 0.069258064 -0.121752396 0.25144023 -0.064584255 -0.0692454 0.12176045 0.0 0.17022309 0.112144895 -0.012776809 0.07131246 0.20499618 -0.904687 0.38799608 -0.8638545 -0.022367412 -0.08110106 -0.069258064 0.121752396 -0.039301705 0.0 1.7626328660076154
0.42346567 0.094469965 0.10649677 -0.09347982 0.24825327 -0.061041173 -0.1064846 0.09348756 0.0 0.167035 0.11568738 -0.015964735 0.07485419 0.2018123 -0.9011444 0.38481203 -0.86031115 -0.025554707 -0.077559374 -0.10649677 0.09347982 0.024526382 0.0 1.7978541891931499
0.42062917 0.090711944 0.13630272 -0.037094418 0.24395905 -0.059128303 -0.13629104 0.037101854 0.0 0.16276747 0.117612444 -0.02023851 0.0768073 0.19738895 -0.89922464 0.38039494 -0.8584195 -0.029851839 -0.07560479 -0.13630272 0.037094418 -0.01515255 0.0 1.81842386728507
0.42044386 0.0893411 -0.017004615 0.0296813 0.24211863 -0.061108097 0.017015899 -0.029674247 0.0 0.16228738 0.11625118 -0.021026801 0.076853715 0.18909302 -0.9008219 0.3724072 -0.86142445 -0.031811196 -0.07547999 0.017004615 -0.0296813 0.057698227 0.0 1.8101543240061002
0.42193633 0.08706304 0.10942775 0.0755454 0.23968534 -0.06499484 -0.10941686 -0.07553871 0.0 0.16129707 0.11300684 -0.022331096 0.075099744 0.17984004 -0.90425044 0.3634682 -0.8663434 -0.034352556 -0.07714133 -0.10942775 -0.0755454 0.011628483 0.0 1.7897932811408888
0.4227596 0.082829595 0.124553956 0.032004677 0.23538627 -0.06777758 -0.12454346 -0.031998303 0.0 0.15784553 0.11059487 -0.025960935 0.07356199 0.17154776 -0.9067392 0.35535422 -0.8697063 -0.038706686 -0.07862016 -0.124553956 -0.032004677 0.020061972 0.0 1.7864193368212715
0.42519382 0.0791645 0.0626677 0.12387834 0.23276101 -0.069273315 -0.062657654 -0.123872146 0.0 0.15398349 0.108556315 -0.02956145 0.07024829 0.17474799 -0.9086581 0.35829294 -0.87035006 -0.041250404 -0.08201867 -0.0626677 -0.12387834 -0.051526755 0.0 1.737842730236928
0.42895585 0.077204354 0.015353469 0.12540822 0.23294108 -0.06901689 -0.015343935 -0.1254021 0.0 0.15085505 0.10730991 -0.031942256 0.06557988 0.1906179 -0.9093391 0.3734152 -0.867609 -0.04078476 -0.08687887 -0.015353469 -0.12540822 -0.07697983 0.0 1.6786928703815098
0.4304992 0.07433145 0.11258713 0.0217051 0.23217621 -0.06542887 -0.112578124 -0.021698985 0.0 0.14574675 0.10881001 -0.035960622 0.06256417 0.21068385 -0.9065419 0.39239123 -0.860296 -0.041023403 -0.09006685 -0.11258713 -0.0217051 -0.10008051 0.0 1.6640421324213912
0.42800814 0.07075757 0.11311392 -0.08152596 0.23000617 -0.056646712 -0.113105446 0.0815321 0.0 0.13810657 0.11476997 -0.042046558 0.06279784 0.23513816 -0.89801884 0.41529128 -0.8460467 -0.042277366 -0.08991695 -0.11311392 0.08152596 -0.12641402 0.0 1.6825455163665954
0.42449957 0.06786654 0.11425199 -0.06979461 0.22813435 -0.045506865 -0.114244096 0.06980082 0.0 0.1298362 0.12232243 -0.048229076 0.06359421 0.26498815 -0.8860873 0.44305342 -0.8273591 -0.04270128 -0.089020684 -0.11425199 0.06979461 -0.1429541 0.0 1.6951745756903875
0.4215419 0.06412776 0.13887909 -0.027426064 0.22549503 -0.03315374 -0.13887179 0.02743238 0.0 0.119305454 0.12979704 -0.05575678 0.0626445 0.3023901 -0.87102073 0.47745234 -0.80386823 -0.042957775 -0.08953318 -0.13887909 0.027426064 -0.19091591 0.0 1.6900382118658615
0.41838932 0.061468642 0.0972415 -0.07892481 0.2229936 -0.021845575 -0.09723474 0.07893117 0.0 0.11007466 0.13651629 -0.06202262 0.062093332 0.3348998 -0.85575885 0.5069971 -0.7813359 -0.042863637 -0.089415066 -0.0972415 0.07892481 -0.12584709 0.0 1.7005381509573998
0.41376987 0.060189568 0.07707398 -0.11980698 0.2201057 -0.016598543 -0.07706753 0.11981313 0.0 0.10609926 0.14098218 -0.06548171 0.06537649 0.33774862 -0.849722 0.50932956 -0.77411634 -0.0452804 -0.08599645 -0.07707398 0.11980698 0.039087817 0.0 1.7277635390838655
0.4090974 0.060754437 0.020178389 -0.1394676 0.21876185 -0.01166961 -0.02017221 0.13947353 0.0 0.10444911 0.145689 -0.06698458 0.06974994 0.33802378 -0.84456307 0.50945747 -0.768624 -0.04648906 -0.081583455 -0.020178389 0.1394676 -0.040584188 0.0 1.7586442838709517
0.40681887 0.05958897 0.08738576 0.008638977 0.2168677 -0.0077693607 -0.08737989 -0.008633226 0.0 0.10090009 0.14837363 -0.069722444 0.07062918 0.34491462 -0.8393577 0.51553714 -0.76161325 -0.04763063 -0.08047943 -0.08738576 -0.008638977 -0.032842625 0.0 1.7430836363360407
0.40477854 0.059374403 -0.00950715 -0.095509 0.21587062 -0.0041273637 0.009512747 0.09551457 0.0 0.098551504 0.15100268 -0.07138959 0.07177974 0.35113272 -0.8345728 0.5210738 -0.7553499 -0.047986627 -0.079131365 0.00950715 0.095509 -0.0329821 0.0 1.7595586142511845
0.40277663 0.058781866 0.07671797 -0.009546442 0.21450193 -0.00073924655 -0.07671264 0.009551842 0.0 0.095867835 0.15338746 -0.0733935 0.07272241 0.35682008 -0.8300047 0.52608144 -0.74933964 -0.04870821 -0.07798425 -0.07671797 0.009546442 -0.026801312 0.0 1.7498728136966828
0.4002096 0.055194423 0.14046295 -0.024723748 0.21011132 0.004488807 -0.14045794 0.024729041 0.0 0.08823726 0.15606649 -0.07927651 0.07183239 0.36997205 -0.82157445 0.53748584 -0.73734033 -0.051402822 -0.07831726 -0.14046295 0.024723748 -0.10984795 0.0 1.74466828160511
0.39753157 0.05119861 0.14135846 -0.010005069 0.20512812 0.0105937375 -0.1413538 0.0100102825 0.0 0.07923102 0.15884686 -0.0859625 0.07014876 0.38709402 -0.81088334 0.5522875 -0.7221852 -0.054070394 -0.07919901 -0.14135846 0.010005069 -0.087972775 0.0 1.7320906797827968
0.39660764 0.046646837 0.12290833 0.06874262 0.20051143 0.012395673 -0.12290391 -0.06873754 0.0 0.07230837 0.15865923 -0.09147612 0.067385525 0.39531702 -0.8061318 0.5591015 -0.71485806 -0.057249546 -0.08144459 -0.12290833 -0.06874262 -0.032936376 0.0 1.6828261531535489
0.3949209 0.04243837 0.13757624 -0.01329024 0.19603384 0.011492059 -0.13757199 0.013295111 0.0 0.068075955 0.15797012 -0.09586128 0.066971034 0.38946718 -0.8073609 0.5534044 -0.7163618 -0.06188419 -0.081916235 -0.13757624 0.01329024 0.030172776 0.0 1.6697351352059353
0.39190787 0.038692307 0.13839498 -0.030520704 0.19136745 0.0111491615 -0.13839087 0.030525358 0.0 0.06429933 0.15839972 -0.100186296 0.06839565 0.37983537 -0.80886096 0.544321 -0.71885693 -0.067111984 -0.08069476 -0.13839498 0.030520704 0.015397467 0.0 1.6629493652773157
0.3883471 0.03545951 0.12971775 -0.057824437 0.18707131 0.008290878 -0.1297137 0.057828814 0.0 0.06352785 0.15851083 -0.10304424 0.072429545 0.35605595 -0.8159549 0.52262807 -0.72987366 -0.073511936 -0.0774027 -0.12971775 0.057824437 0.13009144 0.0 1.6691312434162848
0.38438877 0.032721877 0.11985968 -0.07587866 0.18309122 0.003584236 -0.11985563 0.07588271 0.0 0.065354995 0.15839764 -0.10437291 0.07871899 0.32057992 -0.8264965 0.4903078 -0.7468178 -0.08056509 -0.07212877 -0.11985968 0.07587866 0.13996452 0.0 1.6846731868702567
0.38045305 0.029959003 0.12258409 -0.07097609 0.17901602 0.0007330456 -0.12258009 0.07097987 0.0 0.06586188 0.15892641 -0.10612568 0.08425026 0.29214713 -0.83301675 0.4641347 -0.7583406 -0.08674374 -0.06722978 -0.12258409 0.07097609 0.08119903 0.0 1.7014235442259455
0.37624055 0.027687874 0.10270212 -0.097364046 0.17529052 0.0011191743 -0.10269822 0.09736762 0.0 0.06447101 0.16095667 -0.1085944 0.08881365 0.2761684 -0.8342018 0.4492338 -0.7620588 -0.09143855 -0.06293462 -0.10270212 0.097364046 0.03169507 0.0 1.7268629282981638
0.371682 0.026201146 0.08608654 -0.11229112 0.17216748 0.0046422756 -0.086082794 0.11229455 0.0 0.061452396 0.1645521 -0.11166015 0.09252227 0.27249894 -0.8307446 0.44561148 -0.7587148 -0.094603546 -0.059237186 -0.08608654 0.11229112 -0.019691486 0.0 1.7572518756035884
0.36993587 0.02342035 0.10808433 0.04543889 0.16884187 0.007514396 -0.108080775 -0.045435548 0.0 0.055932865 0.16588274 -0.116170324 0.091473445 0.28067923 -0.82641023 0.4527824 -0.7520009 -0.097023375 -0.060036473 -0.10808433 -0.04543889 -0.06570978 0.0 1.7323277459234296
0.36933312 0.018696439 0.1380167 0.032901898 0.16416614 0.008450174 -0.13801333 -0.03289864 0.0 0.049091082 0.16525163 -0.12197317 0.08848398 0.28745425 -0.8238587 0.4585185 -0.74709105 -0.100745685 -0.06274847 -0.1380167 -0.032901898 -0.03842814 0.0 1.7122273107564783
0.36795017 0.014099579 0.14133117 0.009890952 0.15942815 0.0073679346 -0.14132792 -0.009887831 0.0 0.044807862 0.1645021 -0.12647814 0.08823051 0.28030366 -0.82529485 0.45158967 -0.74902326 -0.105689004 -0.06306282 -0.14133117 -0.009890952 0.04267894 0.0 1.7028084328110882
0.3653469 0.010124352 0.1351875 -0.04188455 0.15483317 0.0060472116 -0.13518435 0.041887507 0.0 0.04233655 0.16470867 -0.12995979 0.090747744 0.26449853 -0.82816607 0.43679488 -0.75420517 -0.111207396 -0.060811512 -0.1351875 0.04188455 0.050628338 0.0 1.7126691355558707
0.36250946 0.0081055835 0.06408749 -0.06486741 0.15187047 0.0076321373 -0.06408445 0.064870246 0.0 0.039610233 0.16646092 -0.1327961 0.092756726 0.26029292 -0.8267437 0.43269926 -0.7530395 -0.11426949 -0.0588303 -0.06408749 0.06486741 -0.025340952 0.0 1.7264536533451418
0.35804272 0.0073529254 0.06753292 -0.124963075 0.14925557 0.01344849 -0.067530036 0.12496584 0.0 0.034873113 0.17075579 -0.13652822 0.09474372 0.2688695 -0.8193967 0.4402708 -0.7433846 -0.11596826 -0.056580927 -0.06753292 0.124963075 -0.066607 0.0 1.7589515296617835
0.3538695 0.0053330595 0.12580667 -0.063251115 0.14517295 0.020707596 -0.12580398 0.06325385 0.0 0.02622987 0.17459545 -0.14287043 0.09359336 0.28914067 -0.8082749 0.458241 -0.7272728 -0.11788496 -0.057063825 -0.12580667 0.063251115 -0.13154782 0.0 1.7727777518068848
0.35009217 0.0037115987 0.08036585 -0.092578754 0.14082715 0.03003872 -0.08036339 0.0925815 0.0 0.01481104 0.1781902 -0.15031229 0.08936152 0.3234407 -0.79129624 0.488564 -0.70246756 -0.118302114 -0.059960984 -0.08036585 0.092578754 -0.19429427 0.0 1.79132476221074
0.34559909 0.002072116 0.1164702 -0.08073338 0.13533923 0.04031957 -0.11646798 0.08073614 0.0 0.0017810186 0.18170951 -0.15849388 0.0844048 0.36046463 -0.7703946 0.52073956 -0.6730899 -0.11875322 -0.06304872 -0.1164702 0.08073338 -0.18459283 0.0 1.8062622899572998
0.34134257 -0.00015361952 0.12723179 -0.062056154 0.12866342 0.0499856 -0.12722981 0.06205892 0.0 -0.012500132 0.18378305 -0.16715613 0.07777469 0.39822182 -0.74705726 0.55287784 -0.6410489 -0.1193321 -0.067258835 -0.12723179 0.062056154 -0.20977812 0.0 1.8118403005920705
0.33693647 -0.0020712456 0.11925732 -0.07675213 0.122109674 0.058069512 -0.11925554 0.07675487 0.0 -0.024911338 0.18540263 -0.17465845 0.072566226 0.42713574 -0.726085 0.57688284 -0.6132486 -0.12037932 -0.070177026 -0.11925732 0.07675213 -0.13159679 0.0 1.822292254741807
0.33229607 -0.003347542 0.11042413 -0.08915057 0.11684102 0.06375332 -0.11042248 0.08915324 0.0 -0.033113323 0.18761855 -0.18018475 0.07131616 0.44009465 -0.7130648 0.5871661 -0.5967624 -0.12258723 -0.0701207 -0.11042413 0.08915057 -0.05483321 0.0 1.8379143306032828
0.3275272 -0.003617074 0.08594837 -0.11236959 0.11244067 0.06936308 -0.08594683 0.11237218 0.0 -0.039720148 0.19050753 -0.18467318 0.07157533 0.44963187 -0.7015075 0.59458494 -0.5825753 -0.124537796 -0.06880129 -0.08594837 0.11236959 -0.07426475 0.0 1.8603715179432567
0.32271585 -0.003591912 0.09317077 -0.10675261 0.10793204 0.07526136 -0.09316934 0.10675513 0.0 -0.04660938 0.19335386 -0.18916705 0.07156076 0.46039614 -0.68874687 0.6029538 -0.5669537 -0.12625019 -0.06759142 -0.09317077 0.10675261 -0.072213694 0.0 1.8817693100248452
0.31842566 -0.0053465366 0.13656662 -0.03460823 0.10244765 0.07918003 -0.13656528 0.034610674 0.0 -0.054127313 0.1945627 -0.19454196 0.070305 0.4681658 -0.6785731 0.60858047 -0.5543154 -0.12921087 -0.06773018 -0.13656662 0.03460823 -0.055924315 0.0 1.878232885485438
0.3140611 -0.0072702714 0.12332541 -0.06928622 0.09652708 0.083055295 -0.12332418 0.06928859 0.0 -0.062249206 0.1953895 -0.2002355 0.068440564 0.47682545 -0.66748637 0.6148118 -0.5405375 -0.1322482 -0.068305865 -0.12332541 0.06928622 -0.08074276 0.0 1.8859228194612803
0.31085548 -0.00853859 0.078750566 -0.030303597 0.09195288 0.08615253 -0.07874942 0.030305894 0.0 -0.06873495 0.19573489 -0.20451395 0.06642783 0.4851237 -0.6577268 0.62090266 -0.52841973 -0.13418111 -0.06912716 -0.078750566 0.030303597 -0.048886362 0.0 1.8758079907361493
0.30679446 -0.010493585 0.13446733 -0.046976164 0.08573784 0.08969919 -0.13446628 0.046978395 0.0 -0.07737764 0.19563411 -0.2102095 0.06330139 0.495565 -0.64513516 0.62839687 -0.5128025 -0.13684109 -0.070634924 -0.13446733 0.046976164 -0.1035493 0.0 1.8708420619512007
0.30329657 -0.0094974395 0.005372535 -0.13081734 0.083033025 0.09372328 -0.005371547 0.13081948 0.0 -0.08114351 0.19800621 -0.2126328 0.06433941 0.50025684 -0.63693684 0.6317461 -0.50327003 -0.13791615 -0.06884949 -0.005372535 0.13081734 0.00576107 0.0 1.8957712584058803
0.30177882 -0.009155578 0.038759243 0.023960082 0.081965156 0.09522612 -0.0387583 -0.023958012 0.0 -0.08245831 0.19911927 -0.21363018 0.06514094 0.5009209 -0.6344424 0.6320927 -0.500464 -0.13859782 -0.067870356 -0.038759243 -0.023960082 -0.014096484 0.0 1.8564628325558212
0.29925665 -0.011827668 0.14338169 -0.010515819 0.078958325 0.09453004 -0.14338076 0.010517802 0.0 -0.08473271 0.19957335 -0.2168407 0.066517994 0.4927879 -0.63805795 0.6248959 -0.50500256 -0.14274274 -0.067016095 -0.14338169 0.010515819 0.05040657 0.0 1.8414118663561134
0.29593813 -0.014393717 0.121562794 -0.02046707 0.075449966 0.09452859 -0.12156189 0.02046897 0.0 -0.0875119 0.2006996 -0.22053546 0.06855959 0.48421127 -0.6408994 0.6172348 -0.5087594 -0.1473613 -0.06548295 -0.121562794 0.02046707 0.007656348 0.0 1.8290197328192517
0.2920202 -0.017176729 0.13992411 -0.022954628 0.06968102 0.09610476 -0.13992326 0.02295646 0.0 -0.09441748 0.20051037 -0.22600685 0.06694208 0.48635733 -0.6348679 0.6179467 -0.5012996 -0.15138997 -0.06630275 -0.13992411 0.022954628 -0.07023157 0.0 1.8146926332469826
0.2895303 -0.020474456 0.116419226 0.046758022 0.063981794 0.09658986 -0.11641844 -0.046756245 0.0 -0.101844914 0.19822818 -0.23117535 0.062471446 0.4928606 -0.62729084 0.622191 -0.49153408 -0.15433395 -0.06950303 -0.116419226 -0.046758022 -0.052191917 0.0 1.7630361336053149
0.28665525 -0.024268333 0.14150172 0.0061598876 0.059011206 0.09599393 -0.14150098 -0.0061581805 0.0 -0.10710321 0.19716132 -0.23604797 0.06103822 0.4899419 -0.62666714 0.61888665 -0.49054408 -0.15883248 -0.07071772 -0.14150172 -0.0061598876 0.016978033 0.0 1.733963386965999
0.2828795 -0.026689462 0.12671152 -0.043259624 0.05446105 0.09691393 -0.1267108 0.043261264 0.0 -0.111803606 0.19783421 -0.24054587 0.061519578 0.48646554 -0.6251058 0.6152078 -0.48879117 -0.16313459 -0.07012143 -0.12671152 0.043259624 -0.02164614 0.0 1.723141506601558
0.27852333 -0.027905054 0.11261271 -0.07259624 0.04973376 0.09938774 -0.11261204 0.07259782 0.0 -0.117264666 0.1990891 -0.24500638 0.06183639 0.48700804 -0.6194527 0.6147497 -0.48220003 -0.16663426 -0.069234855 -0.11261271 0.07259624 -0.030987315 0.0 1.7224841051754216
0.27439317 -0.030133337 0.14096725 -0.009240259 0.043757193 0.101203166 -0.14096662 0.009241787 0.0 -0.124642566 0.19851892 -0.250419 0.059463028 0.49121237 -0.61134464 0.6169888 -0.47228873 -0.1701904 -0.07048015 -0.14096725 0.009240259 -0.06376947 0.0 1.6948824669474103
0.26997507 -0.031608254 0.11753011 -0.07765603 0.037206672 0.103919566 -0.11752954 0.07765751 0.0 -0.13329996 0.19749478 -0.25597662 0.05569674 0.50027955 -0.5985789 0.6229563 -0.45678082 -0.17289956 -0.072444044 -0.11753011 0.07765603 -0.09256767 0.0 1.6904811073329347
0.2652839 -0.031114612 0.087546974 -0.109995455 0.028668864 0.108901426 -0.0875465 0.1099969 0.0 -0.14622717 0.19399084 -0.26179275 0.046339735 0.5256798 -0.57001 0.64124537 -0.4223589 -0.17252344 -0.0775669 -0.087546974 0.109995455 -0.23558922 0.0 1.6864637207423354
0.26076224 -0.031937003 0.1380091 -0.027199915 0.01813487 0.11227827 -0.13800871 0.02720133 0.0 -0.1613917 0.18710497 -0.26822004 0.03301423 0.5535973 -0.5367369 0.6604256 -0.38264614 -0.17193064 -0.085519366 -0.1380091 0.027199915 -0.18977517 0.0 1.644528969493103
0.25736618 -0.035133198 0.13093254 0.05216753 0.009058661 0.11203734 -0.13093223 -0.05216616 0.0 -0.17331125 0.17963938 -0.27390465 0.021407852 0.5699969 -0.5150902 0.6705903 -0.3568587 -0.17296124 -0.09318835 -0.13093254 -0.05216753 -0.11113561 0.0 1.5572036743450484
0.25345302 -0.037616983 0.13847572 -0.026159296 0.0016197289 0.112116314 -0.13847546 0.02616062 0.0 -0.18238418 0.17513523 -0.27898794 0.014436868 0.5780699 -0.50078326 0.6746737 -0.3400849 -0.17520954 -0.097598396 -0.13847572 0.026159296 -0.07804928 0.0 1.5053860567642225
0.24899708 -0.036941845 0.07901258 -0.11643476 -0.0019759801 0.11498871 -0.07901233 0.116436034 0.0 -0.18604806 0.17780821 -0.2824777 0.0170053 0.5751378 -0.4972861 0.67156744 -0.3364832 -0.17857797 -0.094917476 -0.07901258 0.11643476 0.041729163 0.0 1.4929440145279378
0.24436957 -0.035785653 0.10920411 -0.09002434 -0.004406571 0.11839908 -0.10920387 0.09002556 0.0 -0.18797219 0.18268344 -0.28568023 0.022654098 0.5678096 -0.49845544 0.6655176 -0.3384261 -0.18267573 -0.09009311 -0.10920411 0.09002434 0.01863564 0.0 1.4710869811063798
0.2396782 -0.03470365 0.09534095 -0.10520586 -0.006194058 0.12186256 -0.0953407 0.10520703 0.0 -0.18887067 0.18863133 -0.28874078 0.029942285 0.5576008 -0.5026983 0.6574709 -0.34400922 -0.18727535 -0.08419198 -0.09534095 0.10520586 0.06640105 0.0 1.4581736782289316
0.23542374 -0.032567337 0.058926012 -0.12842108 -0.0076386333 0.12600261 -0.05892576 0.1284222 0.0 -0.18976958 0.19424579 -0.29091915 0.036369205 0.5510893 -0.50309515 0.65223885 -0.3452186 -0.19037962 -0.078581505 -0.058926012 0.12842108 0.0014129528 0.0 1.45280917182815
0.2310421 -0.032486316 0.13372166 -0.0379189 -0.0100834835 0.12853445 -0.13372141 0.037919972 0.0 -0.1915687 0.19847675 -0.29418933 0.041552372 0.5427407 -0.5057576 0.6453613 -0.3488332 -0.19472848 -0.07433292 -0.13372166 0.0379189 0.05633799 0.0 1.4168711887551109
0.22632506 -0.033344407 0.12585142 -0.0649561 -0.013145393 0.13054164 -0.12585117 0.06495713 0.0 -0.19389416 0.20236567 -0.2981396 0.04651595 0.5330589 -0.5094598 0.63730437 -0.35361007 -0.19988813 -0.070396446 -0.12585142 0.0649561 0.023132006 0.0 1.3908855957443644
0.22156514 -0.03405636 0.12891208 -0.05895182 -0.016553195 0.1327175 -0.12891182 0.058952812 0.0 -0.19678603 0.20582652 -0.30213842 0.05072292 0.5250808 -0.51115644 0.63043314 -0.35605282 -0.20472178 -0.06688601 -0.12891208 0.05895182 0.026140966 0.0 1.363160175729106
0.21679541 -0.03396586 0.10624645 -0.09348472 -0.019898938 0.13555415 -0.1062462 0.09348567 0.0 -0.19983412 0.20939271 -0.305814 0.054717198 0.51912206 -0.51050884 0.6251019 -0.35583335 -0.20887464 -0.06328543 -0.10624645 0.09348472 0.004463899 0.0 1.3476094065130226
0.21202393 -0.034198236 0.12712078 -0.062216442 -0.02455917 0.13795525 -0.12712054 0.062217355 0.0 -0.20480983 0.2110203 -0.31012443 0.055891052 0.5172316 -0.50578684 0.6225462 -0.35065758 -0.21267916 -0.06169415 -0.12712078 0.062216442 -0.029503116 0.0 1.3190116420008562
0.20745039 -0.035602476 0.13863264 -0.028894752 -0.03019355 0.13913617 -0.13863243 0.02889563 0.0 -0.21099605 0.21082476 -0.3151248 0.05489705 0.5164896 -0.5004564 0.62061834 -0.3445287 -0.21678586 -0.06194177 -0.13863264 0.028894752 -0.026225844 0.0 1.2756884234888086
0.20278183 -0.036633085 0.1271768 -0.06227312 -0.035584114 0.14063835 -0.1271766 0.062273964 0.0 -0.21685924 0.21112332 -0.31994906 0.054506786 0.51533914 -0.49530563 0.61842895 -0.3386891 -0.2208355 -0.06167567 -0.1271768 0.06227312 -0.02427992 0.0 1.2435695409087981
0.1980788 -0.036080103 0.096313015 -0.10330613 -0.041021515 0.143179 -0.096312836 0.10330694 0.0 -0.22317308 0.21136701 -0.32427505 0.05345994 0.517896 -0.48575056 0.61899793 -0.32784352 -0.22370088 -0.061460454 -0.096313015 0.10330613 -0.062362656 0.0 1.222873643098133
0.19368735 -0.037126668 0.1402961 -0.0040066577 -0.05002869 0.14309405 -0.14029595 0.004007445 0.0 -0.23432918 0.20524006 -0.33017054 0.044085823 0.5293187 -0.46706808 0.62516004 -0.30591387 -0.22586249 -0.06745651 -0.1402961 0.0040066577 -0.15446675 0.0 1.1525648809521947
0.19028878 -0.040089455 0.12588255 0.046622172 -0.061035305 0.13959225 -0.12588243 -0.04662141 0.0 -0.24803153 0.1930825 -0.33625916 0.027637236 0.5461156 -0.4429101 0.6343432 -0.27746484 -0.22686668 -0.078923285 -0.12588255 -0.046622172 -0.17534828 0.0 1.0423282875481021
0.1888031 -0.04415164 0.069983415 0.112339295 -0.07026298 0.13371971 -0.06998334 -0.112338565 0.0 -0.2594494 0.17885615 -0.34024566 0.009657411 0.5621476 -0.42125604 0.64294386 -0.25205728 -0.2262306 -0.09194195 -0.069983415 -0.112339295 -0.1474511 0.0 0.873752227948069
0.18604581 -0.04750361 0.13756451 0.01812297 -0.07836996 0.12944606 -0.13756447 -0.01812226 0.0 -0.26890147 0.16851693 -0.3442524 -0.0031760589 0.57144356 -0.40504774 0.6467945 -0.23335476 -0.22705053 -0.10108202 -0.13756451 -0.01812297 -0.095505595 0.0 0.7593512449043147
0.18212464 -0.050297163 0.13614365 0.040156253 -0.088287435 0.12494441 -0.13614364 -0.04015557 0.0 -0.2802624 0.15615976 -0.3485007 -0.018482119 0.58292264 -0.38241965 0.65116096 -0.20777777 -0.22737795 -0.111493625 -0.13614365 -0.040156253 -0.18155636 0.0 0.6111669692665274
0.17808725 -0.051991254 0.13090529 -0.011097434 -0.099813886 0.11919686 -0.13090532 0.01109809 0.0 -0.29328707 0.13911977 -0.35118416 -0.039217472 0.5999478 -0.34800208 0.65784496 -0.16966482 -0.22482394 -0.124978505 -0.13090529 0.011097434 -0.23176213 0.0 0.4708411151690113
0.17364697 -0.05100107 0.104955524 -0.093071885 -0.11092351 0.11498178 -0.104955584 0.09307251 0.0 -0.30524978 0.123111084 -0.3522029 -0.05841482 0.61593527 -0.30883142 0.6628884 -0.12730551 -0.22086476 -0.13633884 -0.104955524 0.093071885 -0.21367289 0.0 0.3572444651816409
0.1695686 -0.048470423 0.09911512 -0.10103532 -0.12097884 0.11155999 -0.09911521 0.10103592 0.0 -0.3154477 0.1082955 -0.35169 -0.075668484 0.6294512 -0.26896077 0.6656935 -0.08499678 -0.21601397 -0.14576755 -0.09911512 0.10103532 -0.21167752 0.0 0.23299367945786287
0.16767363 -0.048306122 0.026749505 0.039424043 -0.12986517 0.10382694 -0.02674963 -0.039423477 0.0 -0.32370552 0.08786749 -0.34785467 -0.09807085 0.64381653 -0.22686626 0.66796565 -0.040927917 -0.20788978 -0.15915844 -0.026749505 -0.039424043 -0.24782836 0.0 1.1745537698004682e-07
