120
-0.08781283 -0.19836175 0.10452651 -0.095775895 0.11794787 -0.09955746 -0.07249779 0.066166356 0.0 0.5949526 0.04999005 0.6122337 0.23669198 -0.38350993 0.32885814 -0.40079108 0.14215618 -0.055817712 0.14080629 -0.10452651 0.095775895 0.0 0.6611111 44.96157367712612
-0.08613763 -0.19976628 0.044966865 -0.047280155 0.116948605 -0.099563345 -0.014342843 0.018679693 0.0 0.5936678 0.048531637 0.611896 0.2351435 -0.38336727 0.33236036 -0.4015954 0.1457485 -0.056633335 0.1426484 -0.044966865 0.047280155 0.027955336 0.62777776 44.911328075269836
-0.08453043 -0.20137352 0.041232444 -0.053886857 0.11535757 -0.10007409 -0.012131542 0.026074503 0.0 0.5927644 0.04346327 0.6131406 0.22985281 -0.38093692 0.3385261 -0.40131316 0.15213656 -0.056409657 0.14506358 -0.041232444 0.053886857 0.047719847 0.59444445 44.86210614744964
-0.08289932 -0.20305507 0.042252693 -0.05567491 0.113377295 -0.10083075 -0.014697642 0.028543256 0.0 0.5919349 0.03649987 0.615085 0.22256525 -0.37726367 0.34603232 -0.40041372 0.15996695 -0.055653833 0.14775774 -0.042252693 0.05567491 0.05487681 0.5611111 44.81273087758459
-0.081174046 -0.2047431 0.04443701 -0.05667066 0.11119422 -0.10157949 -0.01837727 0.030195098 0.0 0.5909599 0.02913931 0.61702025 0.21481943 -0.37327373 0.3538079 -0.39933407 0.16812778 -0.054807577 0.1505224 -0.04443701 0.05667066 0.05475046 0.5277778 44.763125161221794
-0.079336226 -0.20641929 0.047041196 -0.05740552 0.108929574 -0.10217813 -0.022392448 0.031597406 0.0 0.5897737 0.02217638 0.6186271 0.20744303 -0.36946177 0.36132756 -0.39831513 0.17606091 -0.05409279 0.15326966 -0.047041196 0.05740552 0.051308647 0.49444443 44.71359395021244
-0.077380486 -0.20807712 0.049812064 -0.058062993 0.10664117 -0.10256993 -0.02647947 0.03294379 0.0 0.5883745 0.015948327 0.6197972 0.20079654 -0.36605996 0.36838427 -0.39748266 0.18353605 -0.053609923 0.15596803 -0.049812064 0.058062993 0.046613354 0.4611111 44.666119869408135
-0.07530533 -0.20971408 0.052693363 -0.058687508 0.10435585 -0.10273631 -0.030581467 0.0342787 0.0 0.58678085 0.010589843 0.6205073 0.19503163 -0.36318225 0.3749062 -0.39690873 0.19046444 -0.053406697 0.15860827 -0.052693363 0.058687508 0.04135713 0.42777777 44.6216642732399
-0.073109984 -0.21132906 0.05568314 -0.05928707 0.10209046 -0.10266994 -0.034698743 0.03560765 0.0 0.5850143 0.0061777467 0.62075526 0.19023979 -0.36090893 0.38085833 -0.3966499 0.1967963 -0.053516686 0.16118652 -0.05568314 0.05928707 0.035656974 0.39444444 44.58003759668574
-0.07079458 -0.2129232 0.058736954 -0.059919536 0.09985539 -0.10236946 -0.03879086 0.03698483 0.0 0.58309615 0.0027520389 0.6205503 0.18647313 -0.3592955 0.38622856 -0.39674962 0.20250747 -0.05396305 0.1637026 -0.058736954 0.059919536 0.029807381 0.3611111 44.5394898339821
-0.06835966 -0.21449983 0.06183921 -0.060626175 0.09764926 -0.101843335 -0.04284876 0.038446166 0.0 0.58104485 0.00028942214 0.6199188 0.18371534 -0.35835275 0.39104304 -0.3972267 0.20761712 -0.054750483 0.16616227 -0.06183921 0.060626175 0.0242647 0.32777777 44.49965518896962
-0.065805495 -0.21606381 0.06498556 -0.061443716 0.09546134 -0.101106465 -0.046876103 0.04002231 0.0 0.5788738 -0.0012797973 0.61889684 0.18189883 -0.35805586 0.39535487 -0.39807886 0.21217623 -0.055869255 0.16857536 -0.06498556 0.061443716 0.019211711 0.29444444 44.46035264520292
-0.063131206 -0.21762037 0.06821281 -0.062374596 0.09327682 -0.10017462 -0.05091766 0.041710183 0.0 0.57659036 -0.0020373093 0.617518 0.18094131 -0.358368 0.39922202 -0.39929563 0.21624339 -0.05730565 0.17095213 -0.06821281 0.062374596 0.014658221 0.2611111 44.42132609675557
-0.060333893 -0.21917388 0.071590364 -0.06339235 0.09108303 -0.099058904 -0.055049222 0.043479457 0.0 0.57419604 -0.0020372446 0.61580104 0.18078855 -0.3592699 0.402682 -0.40087488 0.2198562 -0.05905499 0.17329867 -0.071590364 0.06339235 0.010311555 0.22777778 44.382278375914936
-0.057408866 -0.22072873 0.07516044 -0.064517364 0.08886826 -0.09776669 -0.05931832 0.045347814 0.0 0.5716874 -0.0013140981 0.61375344 0.18140617 -0.36075467 0.40575835 -0.4028207 0.22303808 -0.061119318 0.17561853 -0.07516044 0.064517364 0.0061646346 0.19444445 44.34286101016755
-0.05435005 -0.22229132 0.0789329 -0.0658421 0.08660519 -0.0963158 -0.063742466 0.04740317 0.0 0.5690579 1.5873646e-05 0.6114061 0.18267095 -0.36275432 0.40852824 -0.40510255 0.22587316 -0.06347481 0.17792581 -0.0789329 0.0658421 0.003101832 0.16111112 44.30258752311208
-0.051149573 -0.22387101 0.082934685 -0.067487694 0.08425564 -0.09472861 -0.0683574 0.049761325 0.0 0.56629866 0.0017799089 0.6088074 0.1843977 -0.36515415 0.41111103 -0.4076629 0.22849323 -0.066077426 0.18024567 -0.082934685 0.067487694 0.0011823606 0.12777779 44.26122376145421
-0.047794845 -0.22547796 0.08733388 -0.06951097 0.08178437 -0.093017936 -0.07333791 0.052475482 0.0 0.5633974 0.0038455906 0.6059904 0.18644375 -0.36786637 0.4136065 -0.4104594 0.23100834 -0.06889623 0.18260315 -0.08733388 0.06951097 -7.742652e-06 0.094444446 44.21837001081272
-0.044264596 -0.2271235 0.09242598 -0.07205644 0.07915946 -0.09118257 -0.078983575 0.055688683 0.0 0.5603344 0.0061485125 0.6029605 0.18873894 -0.37085512 0.41607818 -0.41348124 0.23348774 -0.07192685 0.18502066 -0.09242598 0.07205644 -0.0008594903 0.06111111 44.17320250423324
-0.040518798 -0.2288234 0.09894592 -0.07552798 0.07633836 -0.08920655 -0.0860319 0.059804462 0.0 0.5570729 0.008670587 0.5996941 0.19126217 -0.37412775 0.41857496 -0.4167489 0.23598337 -0.075193204 0.18752556 -0.09894592 0.07552798 -0.0015007907 0.027777778 44.124527773862184
-0.036420587 -0.23063207 0.11404749 -0.0851416 0.073199645 -0.087008394 -0.10163793 0.07003957 0.0 0.5534904 0.011494189 0.59606844 0.19409584 -0.37780702 0.42117864 -0.42038503 0.238577 -0.07881792 0.19019985 -0.11404749 0.0851416 -0.002276732 0.0 44.06683561256497
-0.031990662 -0.23251489 0.11497588 -0.08287773 0.06978008 -0.0846087 -0.103043705 0.06837867 0.0 0.549593 0.01474266 0.5920351 0.19737594 -0.382009 0.42373416 -0.42445117 0.24110088 -0.08284815 0.19297786 -0.11497588 0.08287773 -0.00471287 0.0 43.99767266454579
-0.027543865 -0.23435904 0.11545971 -0.08222727 0.06632649 -0.08222013 -0.10398479 0.0683086 0.0 0.5456635 0.018021772 0.58794624 0.20069201 -0.38629508 0.4262 -0.42857784 0.24352977 -0.08693293 0.1957049 -0.11545971 0.08222727 -0.0038769857 0.0 43.916017002871705
-0.023092754 -0.23619321 0.115569495 -0.08208144 0.06281221 -0.07985526 -0.104540154 0.06871513 0.0 0.54173154 0.02104905 0.5839345 0.20373775 -0.3904052 0.42882025 -0.4326082 0.24613155 -0.09094244 0.19845591 -0.115569495 0.08208144 -0.001823582 0.0 43.82081880382776
-0.018641107 -0.23802634 0.11554949 -0.08211433 0.05923198 -0.0775136 -0.10495645 0.069271855 0.0 0.53781116 0.023735998 0.5800485 0.20641676 -0.39424887 0.43168247 -0.43648618 0.2490017 -0.09482941 0.20126182 -0.11554949 0.08211433 0.000554736 0.0 43.7112408593276
-0.01418911 -0.23985875 0.11550663 -0.0821773 0.055589292 -0.07519011 -0.10534063 0.069831535 0.0 0.53390837 0.026077777 0.5762984 0.20872316 -0.39781025 0.43480343 -0.4402003 0.25215805 -0.09858355 0.20413251 -0.11550663 0.0821773 0.0028595098 0.0 43.587035989203
-0.009735569 -0.24168746 0.115482025 -0.0822131 0.051891584 -0.07287805 -0.10573288 0.070339076 0.0 0.53002423 0.02810959 0.57267493 0.21069428 -0.4011101 0.43816456 -0.44376078 0.25557986 -0.10221293 0.20706682 -0.115482025 0.0822131 0.004872667 0.0 43.44717288667441
-0.0052787634 -0.24350825 0.11549807 -0.08219169 0.048145935 -0.07057175 -0.10615469 0.070766576 0.0 0.5261576 0.029871931 0.56916374 0.21237323 -0.40417647 0.4417393 -0.44718263 0.259238 -0.10572988 0.21005996 -0.11549807 0.08219169 0.0066556865 0.0 43.29050806935926
-0.000816898 -0.24531667 0.11555757 -0.08210906 0.044357657 -0.06826731 -0.10660822 0.07111179 0.0 0.5223067 0.031396743 0.56575257 0.21379384 -0.407032 0.44550523 -0.4504779 0.26310813 -0.10914469 0.21310724 -0.11555757 0.08210906 0.00825038 0.0 43.11750883238167
0.0036516797 -0.24710846 0.115657926 -0.081968546 0.04053108 -0.06596176 -0.107090525 0.071379654 0.0 0.5184694 0.032710325 0.5624305 0.21498394 -0.40969548 0.44944313 -0.45365658 0.2671695 -0.11246601 0.21620435 -0.115657926 0.081968546 0.009686124 0.0 42.92942213265763
0.008128439 -0.24887976 0.11579566 -0.081774704 0.03666974 -0.0636528 -0.10759791 0.07157607 0.0 0.5146437 0.033833932 0.5591883 0.21596584 -0.41218185 0.45353696 -0.45672643 0.27140507 -0.11570083 0.21934752 -0.11579566 0.081774704 0.010996996 0.0 42.726215548189266
0.012614656 -0.25062698 0.11596678 -0.08153256 0.03277667 -0.061338544 -0.10812633 0.071707256 0.0 0.5108276 0.03478548 0.5560178 0.21675825 -0.41450363 0.45777288 -0.45969388 0.2758001 -0.118855044 0.22253345 -0.11596678 0.08153256 0.0121959215 0.0 42.50670180301036
0.01711146 -0.25234678 0.116169974 -0.08124337 0.028854584 -0.059017435 -0.10867445 0.07177558 0.0 0.50701904 0.03558098 0.5529115 0.21737792 -0.4166721 0.4621381 -0.46256465 0.28034115 -0.12193401 0.22575885 -0.116169974 0.08124337 0.013293212 0.0 42.26965523784704
0.02161985 -0.254036 0.11640433 -0.08090768 0.02490587 -0.05668826 -0.109241486 0.071782544 0.0 0.50321585 0.036234725 0.5498623 0.21783969 -0.41869748 0.46662062 -0.4653439 0.28501564 -0.124942675 0.22902052 -0.11640433 0.08090768 0.014299003 0.0 42.013809229398206
0.026140666 -0.2556917 0.116664894 -0.08053186 0.020932708 -0.054349992 -0.10982257 0.07173542 0.0 0.49941617 0.036759544 0.54686356 0.21815689 -0.42058897 0.47120953 -0.46803632 0.28981218 -0.12788552 0.23231545 -0.116664894 0.08053186 0.015221729 0.0 41.73785145995032
0.03067457 -0.2573112 0.11694856 -0.08011961 0.01693713 -0.05200174 -0.11041482 0.07163871 0.0 0.49561805 0.037167046 0.54390925 0.21834157 -0.42235488 0.47589475 -0.47064608 0.29472023 -0.13076659 0.2356408 -0.11694856 0.08011961 0.016069112 0.0 41.440422137359384
0.035222087 -0.25889206 0.11725298 -0.07967358 0.012920997 -0.049642768 -0.11101608 0.0714958 0.0 0.49181965 0.037467696 0.54099387 0.21840456 -0.4240027 0.48066705 -0.47317693 0.29973018 -0.13358958 0.2389939 -0.11725298 0.07967358 0.016848328 0.0 41.120106094323646
0.039783627 -0.26043198 0.11757618 -0.07919593 0.008886014 -0.04727249 -0.11162463 0.071309514 0.0 0.48801935 0.03767089 0.5381123 0.21835555 -0.42553928 0.48551783 -0.4756322 0.30483314 -0.13635786 0.2423722 -0.11757618 0.07919593 0.01756581 0.0 40.775431074038394
0.04435938 -0.26192912 0.11790843 -0.07870046 0.0048338817 -0.0448902 -0.11223101 0.07109427 0.0 0.48421574 0.037784945 0.53526014 0.21820313 -0.42697018 0.49043983 -0.47801456 0.31002164 -0.13907409 0.24577369 -0.11790843 0.07870046 0.018231777 0.0 40.40485969781504
0.04894904 -0.2633831 0.1182182 -0.0782346 0.0007667511 -0.042494178 -0.11280402 0.07089802 0.0 0.48040843 0.037816495 0.53243506 0.21795388 -0.42829767 0.4954293 -0.4803243 0.3152919 -0.1417389 0.24919818 -0.1182182 0.0782346 0.018871708 0.0 40.00789909385295
0.05355235 -0.26479325 0.11852881 -0.07776326 -0.003313452 -0.040083006 -0.113367304 0.070686184 0.0 0.4765969 0.03777152 0.5296348 0.21761376 -0.42952383 0.5004825 -0.4825617 0.32064027 -0.144353 0.25264528 -0.11852881 0.07776326 0.019474987 0.0 39.583629862237366
0.058169235 -0.26615828 0.118847795 -0.07727485 -0.0074052606 -0.037656058 -0.1139287 0.070447646 0.0 0.47278017 0.037655838 0.52685624 0.21718864 -0.43065208 0.5055944 -0.48472813 0.32606155 -0.14691792 0.25611365 -0.118847795 0.07727485 0.020040775 0.0 39.132750419315585
0.062799655 -0.26747665 0.11917709 -0.07676593 -0.011507426 -0.035213016 -0.11449046 0.07017942 0.0 0.46895707 0.03747483 0.52409625 0.21668398 -0.4316859 0.51075965 -0.48682508 0.3315505 -0.14943537 0.25960168 -0.11917709 0.07676593 0.020571172 0.0 38.66407091947558
0.067443535 -0.26874676 0.119516745 -0.07623589 -0.015618824 -0.032753732 -0.11505295 0.06988128 0.0 0.46512648 0.037233375 0.5213519 0.21610472 -0.43262866 0.5159734 -0.48885402 0.33710203 -0.151907 0.26310772 -0.119516745 0.07623589 0.021069013 0.0 38.1764557444445
0.07210072 -0.26996714 0.11986614 -0.07568515 -0.01973842 -0.030278143 -0.11561587 0.06955407 0.0 0.46128735 0.036935817 0.51862025 0.21545525 -0.43348333 0.5212309 -0.49081627 0.34271142 -0.15433432 0.26663014 -0.11986614 0.07568515 0.021537984 0.0 37.668710951469954
0.07677102 -0.2711363 0.120224446 -0.075114444 -0.02386525 -0.02778624 -0.11617869 0.06919886 0.0 0.45743868 0.036585994 0.515899 0.21473941 -0.43425256 0.5265278 -0.4927129 0.34837443 -0.15671864 0.27016753 -0.120224446 0.075114444 0.021981513 0.0 37.139590235006125
0.081454165 -0.2722529 0.12059117 -0.07452396 -0.027998397 -0.025278073 -0.11674124 0.068816185 0.0 0.4535795 0.036187474 0.5131856 0.21396081 -0.4349388 0.53186023 -0.49454495 0.3540869 -0.1590612 0.27371836 -0.12059117 0.07452396 0.02239994 0.0 36.589139176912454
0.08614984 -0.2733155 0.120965734 -0.07391408 -0.032136995 -0.022753753 -0.117303245 0.06840674 0.0 0.4497089 0.035743654 0.5104779 0.21312286 -0.43554452 0.53722405 -0.49631348 0.35984486 -0.16136321 0.2772812 -0.120965734 0.07391408 0.022794496 0.0 36.01787146337223
0.09085765 -0.27432293 0.12134478 -0.07328974 -0.036280163 -0.020213343 -0.11786164 0.06797577 0.0 0.44582614 0.035257764 0.50777364 0.21222882 -0.436072 0.5426156 -0.49801952 0.3656445 -0.16362582 0.28085467 -0.12134478 0.07328974 0.023166949 0.0 35.42474308238908
0.095577136 -0.2752741 0.12172868 -0.0726499 -0.040427048 -0.01765693 -0.1184171 0.06752251 0.0 0.4419304 0.03473282 0.5050709 0.21128175 -0.4365233 0.54803133 -0.49966383 0.3714824 -0.16585004 0.28443754 -0.12172868 0.0726499 0.023518857 0.0 34.80993805780071
0.10030782 -0.27616784 0.12211781 -0.07199341 -0.044576872 -0.01508468 -0.118970275 0.06704608 0.0 0.43802103 0.034171537 0.5023679 0.21028435 -0.43690044 0.55346787 -0.50124735 0.37735507 -0.16803688 0.28802848 -0.12211781 0.07199341 0.023851851 0.0 34.17880285188169
0.10504918 -0.27700305 0.12251181 -0.07132036 -0.048728902 -0.012496817 -0.1195211 0.06654681 0.0 0.43409732 0.0335763 0.4996629 0.20923905 -0.43720514 0.5589222 -0.5027707 0.38325942 -0.17018718 0.2916263 -0.12251181 0.07132036 0.024168426 0.0 33.53726785995714
0.10980063 -0.27777869 0.12291006 -0.070631295 -0.052882455 -0.009893562 -0.12006922 0.0660255 0.0 0.43015864 0.0329491 0.49695432 0.20814781 -0.43743882 0.5643914 -0.5042345 0.3891927 -0.1723016 0.29522982 -0.12291006 0.070631295 0.024471965 0.0 32.8887352636828
0.11456158 -0.27849364 0.12331215 -0.069926344 -0.05703686 -0.0072751497 -0.12061452 0.065482505 0.0 0.42620444 0.032291714 0.49424082 0.20701236 -0.4376026 0.569873 -0.50563896 0.39515236 -0.17438075 0.29883805 -0.12331215 0.069926344 0.024762744 0.0 32.23612959031134
0.11933136 -0.27914694 0.12371833 -0.06920448 -0.061191484 -0.0046419846 -0.121157475 0.064917 0.0 0.42223412 0.031606607 0.49152067 0.20583525 -0.43769878 0.5753636 -0.50698537 0.4011349 -0.17642576 0.3024495 -0.12371833 0.06920448 0.025030114 0.0 31.579207184389958
0.12410932 -0.27973735 0.124133 -0.06845714 -0.06534583 -0.0019947959 -0.12170274 0.06432064 0.0 0.41824695 0.030896407 0.48879188 0.20461935 -0.43773043 0.5808591 -0.5082754 0.40713617 -0.17843826 0.30606237 -0.124133 0.06845714 0.025275422 0.0 30.917740564494224
0.12889478 -0.28026333 0.12456079 -0.06767482 -0.06949963 0.00066538394 -0.12225519 0.06368411 0.0 0.4142421 0.030162835 0.4860526 0.20336647 -0.43770015 0.58635587 -0.50951064 0.41315222 -0.1804197 0.3096747 -0.12456079 0.06767482 0.025505643 0.0 30.25150064258726
0.13368699 -0.28072357 0.124993965 -0.06687055 -0.073652536 0.0033377528 -0.122807324 0.06302065 0.0 0.41021892 0.029407062 0.48330137 0.20207787 -0.43760955 0.59185094 -0.510692 0.41918015 -0.18237102 0.31328502 -0.124993965 0.06687055 0.025725309 0.0 29.58025180514001
0.1384851 -0.28111747 0.12542258 -0.0660621 -0.07780397 0.0060216133 -0.123349406 0.0623482 0.0 0.40617698 0.028632948 0.4805361 0.20075783 -0.43746325 0.59733975 -0.51182234 0.42521486 -0.18429454 0.31689134 -0.12542258 0.0660621 0.025898922 0.0 28.903761979072968
0.14328821 -0.2814445 0.12585051 -0.065242216 -0.08195339 0.008716173 -0.12388551 0.061659683 0.0 0.4021159 0.02784452 0.47775462 0.19941093 -0.43726626 0.6028174 -0.512905 0.431251 -0.18619283 0.32049167 -0.12585051 0.065242216 0.026047502 0.0 28.221781537622363
0.14809541 -0.28170407 0.12627645 -0.064413264 -0.08610025 0.011421507 -0.12441458 0.06095763 0.0 0.39803562 0.027040761 0.47495726 0.19803582 -0.43701643 0.60828453 -0.51393807 0.43728945 -0.18806466 0.32408616 -0.12627645 0.064413264 0.026230117 0.0 27.533666062006173
0.1529058 -0.28189573 0.12669931 -0.063576914 -0.09024382 0.014138638 -0.12493579 0.06024381 0.0 0.39393637 0.026216932 0.4721462 0.19662665 -0.4367056 0.6137458 -0.5149154 0.4433361 -0.1899056 0.32767683 -0.12669931 0.063576914 0.026465332 0.0 26.84027811568204
0.1577184 -0.28201884 0.12712052 -0.06272965 -0.09438336 0.016868101 -0.12545079 0.059514873 0.0 0.38981813 0.025370868 0.46932235 0.19518055 -0.43632925 0.61920315 -0.5158335 0.44939345 -0.19171312 0.33126453 -0.12712052 0.06272965 0.02670323 0.0 26.14330456985273
0.16253227 -0.2820727 0.12754333 -0.06186429 -0.09851845 0.01960896 -0.125963 0.058763776 0.0 0.3856804 0.024505772 0.46648368 0.19370116 -0.43589172 0.62465197 -0.516695 0.4554566 -0.19348948 0.33484718 -0.12754333 0.06186429 0.026892552 0.0 25.445041384593175
0.16734639 -0.28205568 0.12798195 -0.0609506 -0.10264911 0.022359446 -0.1264868 0.05796044 0.0 0.38152242 0.023623945 0.46362793 0.19219126 -0.4353977 0.63008726 -0.5175032 0.46151993 -0.19523726 0.33842194 -0.12798195 0.0609506 0.027069137 0.0 24.745659723699383
0.17215966 -0.28196532 0.12844568 -0.05996596 -0.106775604 0.0251176 -0.12703168 0.057082377 0.0 0.37734324 0.02272396 0.4607539 0.19064929 -0.43484783 0.6355061 -0.51825845 0.46758077 -0.19695713 0.34198657 -0.12844568 0.05996596 0.027253464 0.0 24.047172926690884
0.1769709 -0.28179964 0.12891883 -0.05894074 -0.11089791 0.027882287 -0.12758212 0.05616007 0.0 0.37314218 0.021803318 0.45786133 0.18907231 -0.43423995 0.64090776 -0.5189591 0.4736388 -0.19864811 0.34553993 -0.12891883 0.05894074 0.027454052 0.0 23.35056764417658
0.18177877 -0.28155577 0.12942374 -0.057822194 -0.115016334 0.030651473 -0.12816064 0.05514091 0.0 0.3689182 0.020859266 0.4549494 0.18745723 -0.43357313 0.64629024 -0.5196043 0.47969225 -0.20031 0.34907988 -0.12942374 0.057822194 0.02765967 0.0 22.656545220138796
0.18658186 -0.2812313 0.12993819 -0.056655265 -0.11913094 0.03342356 -0.12874521 0.054069936 0.0 0.36467052 0.019889288 0.45201752 0.18580116 -0.43284583 0.65165186 -0.52019286 0.48573995 -0.20194224 0.35260466 -0.12993819 0.056655265 0.027877957 0.0 21.9655674032213
0.19137868 -0.28082487 0.13045286 -0.05545843 -0.123241365 0.03619776 -0.12932664 0.05296575 0.0 0.36039868 0.01889241 0.44906527 0.18410285 -0.43205705 0.65699124 -0.52072364 0.49178082 -0.20354427 0.35611323 -0.13045286 0.05545843 0.028094746 0.0 21.277872886724523
0.19616775 -0.28033566 0.13096307 -0.054240912 -0.12734729 0.038972884 -0.1299004 0.05183769 0.0 0.35610238 0.017870447 0.4460912 0.1823644 -0.43120992 0.6623048 -0.52119875 0.49781084 -0.2051177 0.3596036 -0.13096307 0.054240912 0.02828012 0.0 20.593727669092278
0.20094754 -0.27976313 0.13146657 -0.053007137 -0.13144843 0.041747607 -0.13046436 0.0506903 0.0 0.35178137 0.016826188 0.44309366 0.18058918 -0.43030903 0.66758794 -0.5216213 0.50382495 -0.20666495 0.36307353 -0.13146657 0.053007137 0.02843994 0.0 19.913419544875868
0.20571649 -0.2791067 0.13196489 -0.051752277 -0.13554452 0.04452071 -0.13102016 0.049518857 0.0 0.34743553 0.01576157 0.4400713 0.17877956 -0.42935792 0.672837 -0.5219937 0.50981903 -0.2081878 0.36652106 -0.13196489 0.051752277 0.028582608 0.0 19.23726011871238
0.21047303 -0.27836576 0.13245882 -0.05047264 -0.13963555 0.047290273 -0.13156871 0.048319776 0.0 0.34306467 0.014679554 0.43702233 0.17693923 -0.42836267 0.6780468 -0.52232033 0.5157871 -0.20968948 0.3699434 -0.13245882 0.05047264 0.028681051 0.0 18.56560118683516
0.21521549 -0.27753964 0.13294998 -0.049161747 -0.14372231 0.050052155 -0.13211174 0.04708669 0.0 0.33866832 0.013587496 0.4339424 0.17507775 -0.42733893 0.68320614 -0.522613 0.5217159 -0.2111785 0.37333465 -0.13294998 0.049161747 0.028671209 0.0 17.898869901722772
0.21994215 -0.27662772 0.133438 -0.04781867 -0.14780602 0.05280134 -0.13264893 0.045818776 0.0 0.33424628 0.012493484 0.4308269 0.17320575 -0.42630517 0.68830246 -0.5228858 0.52759016 -0.21266492 0.37668806 -0.133438 0.04781867 0.028575258 0.0 17.237076459285152
0.22465135 -0.2756297 0.1339181 -0.046454694 -0.15188748 0.055534355 -0.13317561 0.04452742 0.0 0.32979858 0.011401934 0.42767334 0.17132935 -0.42527285 0.69332814 -0.52314764 0.5334008 -0.21415496 0.3799994 -0.1339181 0.046454694 0.02844212 0.0 16.58061159089832
0.22934154 -0.2745459 0.13438453 -0.04508547 -0.15596662 0.058250178 -0.13368614 0.043228343 0.0 0.3253257 0.010312876 0.42448196 0.16944893 -0.42424363 0.6982824 -0.5233999 0.53914636 -0.21564944 0.38326788 -0.13438453 0.04508547 0.02832388 0.0 15.932092623345168
0.23401119 -0.2733769 0.13483687 -0.043711845 -0.1600431 0.06094867 -0.13418023 0.04192247 0.0 0.32082826 0.009225064 0.42125383 0.16756316 -0.423216 0.70316625 -0.5236416 0.5448282 -0.21714737 0.38649386 -0.13483687 0.043711845 0.028213145 0.0 15.290100608235194
0.23865905 -0.27212408 0.13526183 -0.04237735 -0.16411465 0.06363479 -0.13464479 0.04065338 0.0 0.3163073 0.008130195 0.41799444 0.16566107 -0.4221702 0.7079925 -0.52385736 0.55046165 -0.21863763 0.38968417 -0.13526183 0.04237735 0.028264366 0.0 14.654827924912532
0.24328376 -0.27078846 0.13567258 -0.041041385 -0.16817911 0.06631274 -0.1350931 0.039380547 0.0 0.3117636 0.0070212474 0.41470826 0.16373324 -0.42108902 0.7127714 -0.52403367 0.5560594 -0.2201105 0.39284435 -0.13567258 0.041041385 0.028352903 0.0 14.026737675687443
0.24788332 -0.26936874 0.13609186 -0.039626528 -0.172236 0.06898177 -0.13554798 0.038026612 0.0 0.307197 0.005894959 0.41139594 0.16177578 -0.4199685 0.7175034 -0.5241674 0.56162256 -0.2215638 0.39597383 -0.13609186 0.039626528 0.02845502 0.0 13.406358138207679
0.2524553 -0.26786262 0.13651921 -0.038125243 -0.17628606 0.071637765 -0.1360091 0.036584113 0.0 0.30260703 0.004751171 0.4080557 0.15978932 -0.4188145 0.72218215 -0.52426314 0.567144 -0.22300094 0.39906803 -0.13651921 0.038125243 0.028504938 0.0 12.794269333004548
0.2569967 -0.26626688 0.13696676 -0.036479313 -0.18033473 0.074264556 -0.13648857 0.034994945 0.0 0.29799277 0.0036062503 0.40467608 0.15779741 -0.41767678 0.7267752 -0.5243601 0.57258403 -0.22444966 0.40210775 -0.13696676 0.036479313 0.028190123 0.0 12.191810421770732
0.26150483 -0.26457962 0.13740979 -0.034769177 -0.18438719 0.07684771 -0.13696164 0.03333963 0.0 0.29335403 0.0024743963 0.40124795 0.1558209 -0.41660014 0.7312551 -0.52449405 0.5779086 -0.22593498 0.4050765 -0.13740979 0.034769177 0.0277606 0.0 11.601258388757085
0.2659778 -0.2628013 0.13783291 -0.033048514 -0.18844476 0.079383 -0.13741304 0.03167191 0.0 0.28869167 0.0013573453 0.39777038 0.15386337 -0.41559505 0.73561645 -0.52467376 0.58311045 -0.22746263 0.4079705 -0.13783291 0.033048514 0.027332688 0.0 11.023494274167243
0.27041402 -0.26093322 0.13823374 -0.031326044 -0.19250783 0.08186888 -0.13784048 0.03000056 0.0 0.28400683 0.00025445296 0.39424455 0.15192482 -0.4146641 0.7398592 -0.5249018 0.5881888 -0.22903393 0.4107891 -0.13823374 0.031326044 0.026892973 0.0 10.459434895281344
0.27481198 -0.25897688 0.13861166 -0.029605232 -0.19657709 0.08430313 -0.1382434 0.028329099 0.0 0.2793007 -0.00083353935 0.39067087 0.1500072 -0.41381305 0.7439816 -0.52518326 0.59314084 -0.23065194 0.41353086 -0.13861166 0.029605232 0.0264239 0.0 9.909346688714164
0.27917036 -0.2569339 0.13896671 -0.027887238 -0.2006535 0.08668305 -0.13862197 0.02665874 0.0 0.27457437 -0.0019052856 0.3870496 0.14811331 -0.41304958 0.7479811 -0.5255248 0.5979625 -0.23232074 0.41619384 -0.13896671 0.027887238 0.025923247 0.0 9.373420873015812
0.28348777 -0.25480577 0.13930078 -0.02616348 -0.20473811 0.08900564 -0.1389781 0.024980959 0.0 0.2698291 -0.002959698 0.38338083 0.14624572 -0.4123814 0.7518549 -0.52593315 0.60264945 -0.23404457 0.41877583 -0.13930078 0.02616348 0.025391622 0.0 8.852058965268583
0.28776234 -0.2525929 0.13962272 -0.024382412 -0.20883279 0.0912654 -0.13932073 0.02324426 0.0 0.26506588 -0.003995564 0.3796638 0.14440784 -0.41182098 0.7555967 -0.5264189 0.6071933 -0.23583028 0.42127207 -0.13962272 0.024382412 0.024796817 0.0 8.345495012436267
0.2919933 -0.25029778 0.13991056 -0.022667486 -0.2129417 0.09345291 -0.13962792 0.021572152 0.0 0.26028633 -0.0050024204 0.37589422 0.14261554 -0.4114016 0.759191 -0.5270095 0.61157304 -0.2376963 0.42367324 -0.13991056 0.022667486 0.023987213 0.0 7.854465059718475
0.2961802 -0.24792328 0.14017506 -0.020964986 -0.21706933 0.09555852 -0.13991046 0.01991098 0.0 0.2554922 -0.005970142 0.3720681 0.14088458 -0.4111571 0.7626227 -0.52773297 0.61576796 -0.23966137 0.4259702 -0.14017506 0.020964986 0.023067176 0.0 7.379172264187984
0.30032268 -0.24547216 0.14041413 -0.019294932 -0.2212171 0.097579546 -0.14016634 0.018280804 0.0 0.2506852 -0.0068983287 0.36818656 0.13921694 -0.4110949 0.765891 -0.5285963 0.6197757 -0.24172956 0.42816174 -0.14041413 0.019294932 0.022175947 0.0 6.92046932829312
0.3044207 -0.2429474 0.14062828 -0.017662523 -0.22538535 0.09951585 -0.14039615 0.016686866 0.0 0.24586676 -0.0077889273 0.36425212 0.13761106 -0.4112145 0.76899964 -0.52959985 0.62359965 -0.24390046 0.43024942 -0.14062828 0.017662523 0.021283409 0.0 6.478767649315577
0.30847433 -0.24035199 0.14081904 -0.016066754 -0.2295751 0.1013659 -0.14060149 0.015128197 0.0 0.24103846 -0.008642244 0.3602663 0.13606772 -0.41152018 0.77194947 -0.530748 0.6272395 -0.24617639 0.43223327 -0.14081904 0.016066754 0.020371009 0.0 6.05423665591575
0.3124838 -0.23768885 0.14098778 -0.014507357 -0.2337877 0.10312731 -0.14078379 0.013604578 0.0 0.23620178 -0.009457841 0.3562301 0.13458885 -0.4120189 0.77474 -0.5320472 0.6306933 -0.24856117 0.43411222 -0.14098778 0.014507357 0.019430285 0.0 5.646687859950884
0.3164494 -0.2349609 0.1411357 -0.012985368 -0.23802471 0.10479721 -0.1409443 0.012117082 0.0 0.23135813 -0.010234981 0.3521443 0.13317685 -0.4127188 0.7773697 -0.53350496 0.63395786 -0.25105935 0.43588486 -0.1411357 0.012985368 0.018456832 0.0 5.254222750839936
0.32037172 -0.23217104 0.1412639 -0.011502728 -0.24228781 0.106372446 -0.14108421 0.010667692 0.0 0.22650895 -0.0109727895 0.3480094 0.13183439 -0.41362888 0.77983683 -0.5351293 0.63702965 -0.25367585 0.43754932 -0.1412639 0.011502728 0.017447824 0.0 4.878757881013151
0.32425144 -0.22932227 0.14137353 -0.0100619355 -0.24657878 0.10784966 -0.14120467 0.009258946 0.0 0.22165558 -0.011670316 0.34382585 0.13056426 -0.41475853 0.78213906 -0.5369288 0.6399045 -0.25641593 0.43910363 -0.14137353 0.0100619355 0.01640107 0.0 4.519896459171757
0.3280895 -0.22641759 0.14146571 -0.008665821 -0.25089946 0.10922528 -0.14130688 0.007893715 0.0 0.21679936 -0.012326544 0.33959398 0.12936938 -0.4161176 0.784274 -0.53891224 0.642578 -0.25928515 0.44054547 -0.14146571 0.008665821 0.015314478 0.0 4.178022735868702
0.331887 -0.22346006 0.14154156 -0.007318706 -0.2552525 0.110493965 -0.14139201 0.006576359 0.0 0.21194166 -0.012938997 0.33531308 0.12825498 -0.41772145 0.786236 -0.5410929 0.645042 -0.26229206 0.44187078 -0.14154156 0.007318706 0.014147665 0.0 3.851045518829517
0.3356453 -0.2204529 0.14160246 -0.006022295 -0.25964105 0.11164916 -0.14146146 0.0053086192 0.0 0.20708385 -0.013504512 0.33098203 0.12722747 -0.41958857 0.78801775 -0.5434868 0.64728576 -0.26544705 0.44307417 -0.14160246 0.006022295 0.012902797 0.0 3.5369765103141093
0.3393659 -0.21739922 0.1416499 -0.0047735106 -0.26406854 0.11268324 -0.14151677 0.0040874574 0.0 0.20222732 -0.014019716 0.32659918 0.12629384 -0.42173976 0.7896104 -0.54611164 0.6492968 -0.26876184 0.44414917 -0.1416499 0.0047735106 0.011561788 0.0 3.2355257218209648
0.34305054 -0.21430223 0.14168511 -0.0035751548 -0.26853883 0.11358747 -0.14155918 0.0029157128 0.0 0.19737343 -0.014481018 0.32216254 0.12546158 -0.42419797 0.79100347 -0.5489871 0.6510608 -0.2722494 0.44508827 -0.14168511 0.0035751548 0.010119814 0.0 2.946881320547658
0.34670132 -0.21116537 0.14170912 -0.002442303 -0.27305585 0.11435279 -0.14158976 0.0018084958 0.0 0.19252352 -0.01488462 0.3176699 0.12473857 -0.4269871 0.7921859 -0.5521335 0.6525627 -0.27592316 0.44588348 -0.14170912 0.002442303 0.0085721975 0.0 2.670417628084339
0.35032082 -0.20799248 0.1417234 -0.0013849227 -0.27762344 0.11497025 -0.14161001 0.0007758087 0.0 0.18767883 -0.015226839 0.313119 0.124132454 -0.43013057 0.7931467 -0.5555707 0.65378743 -0.27979633 0.44652689 -0.1417234 0.0013849227 0.006925165 0.0 2.405112515529705
0.35391203 -0.20478757 0.1417296 -0.00041153692 -0.2822451 0.11543156 -0.14162162 -0.00017379197 0.0 0.1828405 -0.015504628 0.30850786 0.123649836 -0.43364927 0.79387575 -0.55931664 0.6547213 -0.2838807 0.44701114 -0.1417296 0.00041153692 0.005191738 0.0 2.1506009501090357
0.35747823 -0.20155488 0.14172947 0.00047165997 -0.286924 0.115728565 -0.14162639 -0.0010340796 0.0 0.17800948 -0.015715258 0.30383438 0.123296775 -0.43756315 0.7943629 -0.56338805 0.65535086 -0.28818756 0.44732884 -0.14172947 -0.00047165997 0.0033697926 0.0 1.9067868476093297
0.36102313 -0.19829877 0.14172477 0.001257522 -0.29166338 0.11585269 -0.14162606 -0.0017978767 0.0 0.17318663 -0.015855953 0.29909617 0.12307943 -0.4418925 0.79459697 -0.5678021 0.6556616 -0.29272833 0.44747198 -0.14172477 -0.001257522 0.0014552794 0.0 1.6737171604100087
0.36455056 -0.19502378 0.14171712 0.0019448996 -0.29646748 0.11579165 -0.14162232 -0.0024640018 0.0 0.16837284 -0.015922207 0.2942892 0.12300699 -0.44666654 0.79456085 -0.5725829 0.65563166 -0.2975194 0.4474286 -0.14171712 -0.0019448996 -0.0006175608 0.0 1.451754215966977
0.36806515 -0.19173497 0.14170842 0.0025086864 -0.3013447 0.11552208 -0.14161706 -0.0030073144 0.0 0.16356939 -0.015903298 0.28940457 0.12309944 -0.45194334 0.7942203 -0.5777785 0.6552176 -0.30259344 0.44717526 -0.14170842 -0.0025086864 -0.0030277965 0.0 1.2413582577883062
0.37157217 -0.18843809 0.14170045 0.0029315164 -0.30630258 0.11502113 -0.14161207 -0.003410415 0.0 0.15877733 -0.015789406 0.28443345 0.12337521 -0.4577778 0.7935412 -0.5834339 0.65437657 -0.30798125 0.44668865 -0.14170045 -0.0029315164 -0.00563648 0.0 1.0424890314662258
0.37507758 -0.18513948 0.1416948 0.0031977503 -0.3113458 0.11427173 -0.14160897 -0.0036576353 0.0 0.15399703 -0.015574431 0.2793691 0.12384616 -0.4642074 0.79249704 -0.58957946 0.65307647 -0.31370378 0.44595075 -0.1416948 -0.0031977503 -0.0084107835 0.0 0.8551808296122734
0.37858814 -0.18184638 0.1416933 0.0032667532 -0.31647664 0.1132615 -0.14160958 -0.003708312 0.0 0.14922842 -0.015254068 0.27420595 0.12452028 -0.47125724 0.79106706 -0.5962348 0.65129274 -0.31977484 0.44494748 -0.1416933 -0.0032667532 -0.011286967 0.0 0.6801738420566075
0.38211045 -0.17856583 0.14169514 0.0031870008 -0.32169923 0.11197001 -0.14161317 -0.003610891 0.0 0.14447139 -0.014821945 0.26893532 0.12540993 -0.478968 0.7892176 -0.60343194 0.64898574 -0.3262169 0.44365603 -0.14169514 -0.0031870008 -0.014431522 0.0 0.5181649048682435
0.38565013 -0.17530404 0.14169914 0.0030044147 -0.32702157 0.11035923 -0.1416185 -0.003411262 0.0 0.13972615 -0.014267477 0.26354197 0.12653697 -0.48741508 0.786888 -0.6112309 0.6460836 -0.33307177 0.4420347 -0.14169914 -0.0030044147 -0.01800856 0.0 0.3691002021836689
0.3892134 -0.1720681 0.14170575 0.0026680853 -0.33244866 0.10839463 -0.14162609 -0.0030584843 0.0 0.13499221 -0.013582951 0.2580115 0.12791796 -0.49666002 0.7840208 -0.61967933 0.6425199 -0.34037313 0.4400439 -0.14170575 -0.0026680853 -0.021824067 0.0 0.23271977657925502
0.3928082 -0.16886725 0.14171503 0.0020976358 -0.33798134 0.10604981 -0.14163598 -0.0024721527 0.0 0.13026819 -0.012762476 0.25233117 0.12956418 -0.5067443 0.7805668 -0.6288073 0.63824016 -0.3481431 0.43765083 -0.14171503 -0.0020976358 -0.025874387 0.0 0.10944403567931005
0.39644405 -0.16571316 0.14172475 0.0012168136 -0.34361738 0.103303514 -0.14164597 -0.0015759871 0.0 0.12555197 -0.011799881 0.24648865 0.13148504 -0.51769763 0.7764807 -0.63863426 0.63319576 -0.3563968 0.43482625 -0.14172475 -0.0012168136 -0.030095046 0.0 0.00023060482125281112
